day_2/Results/Podomys_floridanus/projections/PaleoClim/-4000/RUN_0.asc
ncols         385
nrows         252
xllcorner     -91.50013924285
yllcorner     25.49986064915003
cellsize      0.041666666500000005
NODATA_value  -9999
[rows 0 to 27 of 252, columns 310 to 371 of 385]
3.00457E-4 2.99939E-4 3.66078E-4 2.58622E-4 3.84738E-4 4.04547E-4 5.6888E-4 5.14584E-4 4.88264E-4 3.47429E-4 3.63883E-4 2.90549E-4 4.01353E-4 5.37599E-4 5.62482E-4 4.62892E-4 4.62892E-4 6.18953E-4 7.52107E-4 8.63704E-4 8.63704E-4 8.63704E-4 7.83981E-4 9.01157E-4 9.92224E-4 9.92224E-4 9.01157E-4 1.21576E-3 1.26887E-3 1.03439E-3 1.13827E-3 1.09974E-3 1.1459E-3 1.40961E-3 1.28319E-3 1.6458E-3 1.6458E-3 1.88127E-3 1.78568E-3 2.03413E-3 1.93202E-3 2.01066E-3 1.74755E-3 2.176E-3 2.06685E-3 2.15003E-3 -9999 -9999 -9999 -9999 1.84337E-3 1.62343E-3 1.91396E-3 -9999 1.9859E-3 1.9074E-3 1.83363E-3 1.76427E-3 1.91053E-3 1.98921E-3 2.32547E-3 2.80777E-3
6.26723E-4 3.46902E-4 2.71417E-4 3.00226E-4 4.0385E-4 4.46371E-4 5.6888E-4 7.21338E-4 5.92952E-4 5.37599E-4 5.10264E-4 4.44367E-4 4.41908E-4 5.62482E-4 5.09367E-4 4.62079E-4 5.09367E-4 6.82291E-4 6.17859E-4 6.45923E-4 5.86296E-4 6.45923E-4 8.18445E-4 8.18445E-4 8.99553E-4 1.03255E-3 9.38322E-4 1.15309E-3 1.15309E-3 1.45607E-3 1.09779E-3 1.23252E-3 1.51534E-3 1.28319E-3 1.12826E-3 1.28973E-3 1.9547E-3 1.62543E-3 1.69342E-3 1.93202E-3 2.00703E-3 1.90858E-3 1.81656E-3 1.89123E-3 2.15003E-3 1.94964E-3 1.86072E-3 1.77743E-3 1.69937E-3 1.62619E-3 1.62343E-3 1.83491E-3 1.91047E-3 2.06946E-3 1.9039E-3 1.98205E-3 1.76104E-3 1.83449E-3 2.14925E-3 2.40994E-3 2.60321E-3 2.70455E-3
9.67844E-4 4.00653E-4 3.47429E-4 2.45795E-4 5.15478E-4 3.2121E-4 4.66279E-4 3.90538E-4 4.30998E-4 4.88264E-4 5.62482E-4 5.62482E-4 4.62892E-4 5.61494E-4 5.09367E-4 4.62079E-4 5.09367E-4 5.86296E-4 5.86296E-4 6.45923E-4 6.45923E-4 7.43321E-4 1.00285E-3 1.00285E-3 9.01157E-4 1.18355E-3 9.78513E-4 1.32161E-3 1.32161E-3 1.37865E-3 1.37865E-3 1.51534E-3 1.08469E-3 1.12826E-3 1.17539E-3 1.78249E-3 1.36708E-3 1.69037E-3 1.76063E-3 1.83335E-3 1.90858E-3 1.81656E-3 1.8878E-3 1.9649E-3 1.94964E-3 1.86072E-3 1.77743E-3 1.84747E-3 1.76691E-3 1.91565E-3 1.9939E-3 2.07481E-3 2.06566E-3 1.98225E-3 1.98205E-3 1.906E-3 1.83449E-3 2.31786E-3 2.23178E-3 2.23766E-3 2.32312E-3 2.8039E-3
5.92952E-4 5.62482E-4 3.31167E-4 3.15359E-4 4.22507E-4 4.42681E-4 4.42681E-4 4.87412E-4 5.96252E-4 6.83492E-4 4.19917E-4 5.10264E-4 6.82291E-4 6.18953E-4 5.60501E-4 5.08467E-4 5.32171E-4 5.32171E-4 5.86296E-4 5.86296E-4 6.13122E-4 7.41998E-4 8.52687E-4 9.10809E-4 1.03255E-3 1.07424E-3 8.88126E-4 9.45079E-4 1.25204E-3 1.25428E-3 1.30883E-3 1.43778E-3 1.12826E-3 1.55977E-3 1.42151E-3 1.23247E-3 1.69037E-3 1.3513E-3 1.90512E-3 1.98279E-3 1.65823E-3 1.72738E-3 1.64702E-3 1.71581E-3 1.86072E-3 1.63103E-3 1.84747E-3 1.76691E-3 2.08282E-3 1.99024E-3 1.90696E-3 2.06566E-3 1.98225E-3 1.9039E-3 2.05907E-3 1.9807E-3 2.14528E-3 2.22763E-3 1.70786E-3 2.15506E-3 2.60259E-3 -9999
4.62892E-4 4.62079E-4 3.31167E-4 4.44367E-4 4.90124E-4 6.83492E-4 4.44367E-4 6.20043E-4 4.28357E-4 7.52107E-4 4.1918E-4 5.13379E-4 6.82291E-4 6.45923E-4 5.86296E-4 4.83042E-4 5.32171E-4 6.13122E-4 6.73889E-4 6.73889E-4 8.52687E-4 7.04141E-4 8.52687E-4 8.89719E-4 1.07424E-3 1.01834E-3 9.26463E-4 8.97208E-4 1.30649E-3 1.30649E-3 1.36296E-3 1.49638E-3 1.55977E-3 1.47953E-3 1.23247E-3 1.4072E-3 1.76063E-3 1.67164E-3 1.59144E-3 1.58058E-3 1.44624E-3 1.38053E-3 1.57179E-3 1.49858E-3 1.77419E-3 1.69627E-3 1.76691E-3 1.91214E-3 2.16267E-3 1.98131E-3 2.06185E-3 1.97859E-3 2.14244E-3 2.05524E-3 1.8277E-3 1.98184E-3 2.22763E-3 2.22933E-3 1.9954E-3 2.07732E-3 2.60524E-3 -9999
7.52107E-4 4.1918E-4 5.13379E-4 4.19917E-4 4.22481E-4 4.28357E-4 5.62482E-4 4.62892E-4 5.61494E-4 6.18953E-4 4.62079E-4 4.22481E-4 6.18953E-4 7.11613E-4 5.32171E-4 5.55848E-4 5.55848E-4 5.55848E-4 7.04141E-4 6.39872E-4 6.52731E-4 6.52731E-4 8.07531E-4 7.49002E-4 8.59808E-4 1.05951E-3 9.83846E-4 1.18716E-3 1.3605E-3 1.23919E-3 1.41895E-3 1.06926E-3 1.09233E-3 1.53951E-3 1.46737E-3 1.33959E-3 1.74124E-3 1.65823E-3 1.58058E-3 1.44624E-3 1.37801E-3 1.43721E-3 1.70337E-3 1.62805E-3 2.18744E-3 2.17364E-3 2.07899E-3 1.98656E-3 1.98131E-3 2.06185E-3 1.97491E-3 1.97471E-3 1.89894E-3 1.90345E-3 1.83426E-3 2.05908E-3 2.06686E-3 2.15103E-3 2.16205E-3 2.41639E-3 2.70192E-3 -9999
6.82291E-4 7.52107E-4 6.17859E-4 4.62079E-4 4.22481E-4 3.88588E-4 5.10264E-4 5.09367E-4 5.61494E-4 7.11613E-4 5.91224E-4 4.93623E-4 5.86296E-4 6.1203E-4 6.73889E-4 5.67019E-4 6.38726E-4 5.93152E-4 8.6379E-4 8.6379E-4 8.6379E-4 7.49002E-4 8.42871E-4 8.42871E-4 9.24793E-4 1.05951E-3 1.00559E-3 1.23919E-3 1.29316E-3 1.29316E-3 1.34915E-3 1.4072E-3 1.40465E-3 1.60442E-3 1.39479E-3 1.32938E-3 1.51643E-3 1.57769E-3 1.64401E-3 1.43721E-3 1.49858E-3 1.43267E-3 1.92988E-3 1.84408E-3 2.36027E-3 2.07515E-3 2.06718E-3 1.98131E-3 2.05802E-3 1.82159E-3 1.82348E-3 1.75451E-3 1.76069E-3 1.69448E-3 1.76583E-3 1.91623E-3 2.14698E-3 2.15798E-3 2.41639E-3 2.1718E-3 2.9094E-3 3.24769E-3
4.72195E-4 6.23828E-4 6.82291E-4 7.83981E-4 3.82584E-4 6.22732E-4 6.22732E-4 6.45923E-4 5.64922E-4 5.32171E-4 6.75091E-4 5.55848E-4 6.1203E-4 6.1203E-4 5.80425E-4 6.38726E-4 6.51562E-4 6.81028E-4 6.81028E-4 9.01748E-4 9.01748E-4 1.03632E-3 1.03632E-3 1.18716E-3 1.08068E-3 1.23919E-3 1.0463E-3 9.72689E-4 1.3467E-3 1.3467E-3 1.40465E-3 1.46471E-3 1.52417E-3 1.58854E-3 1.32695E-3 1.26585E-3 1.4436E-3 1.50515E-3 1.43721E-3 1.37356E-3 1.56217E-3 1.62506E-3 1.84408E-3 2.16962E-3 2.34568E-3 2.06333E-3 1.97763E-3 1.97491E-3 1.89685E-3 1.82007E-3 1.82428E-3 1.7574E-3 1.69448E-3 1.98175E-3 2.06298E-3 2.23384E-3 2.31922E-3 2.41181E-3 2.42464E-3 2.70308E-3 3.01499E-3 3.24769E-3
5.09367E-4 3.87905E-4 5.12477E-4 5.09367E-4 7.11613E-4 4.38447E-4 4.47259E-4 5.32171E-4 5.55848E-4 4.67693E-4 4.67693E-4 5.62804E-4 6.1203E-4 6.38726E-4 6.07022E-4 5.63021E-4 7.65437E-4 9.41124E-4 9.41124E-4 8.57757E-4 9.41124E-4 1.18716E-3 1.08068E-3 1.18716E-3 1.23919E-3 1.12869E-3 1.07209E-3 9.94249E-4 1.03455E-3 1.00405E-3 1.46204E-3 1.52417E-3 1.45187E-3 1.51089E-3 1.31848E-3 1.50238E-3 1.50238E-3 1.43457E-3 1.49583E-3 1.43004E-3 1.69316E-3 1.7604E-3 1.99436E-3 2.34132E-3 2.24081E-3 2.05417E-3 2.13712E-3 1.74731E-3 2.0514E-3 1.97332E-3 1.75409E-3 1.33648E-3 1.98175E-3 2.49016E-3 2.22961E-3 2.49721E-3 2.50269E-3 2.60129E-3 2.51617E-3 2.71798E-3 1.36627E-3 3.36294E-3
5.86296E-4 5.86296E-4 5.11571E-4 5.91224E-4 5.91224E-4 6.1203E-4 4.67693E-4 5.04822E-4 5.55848E-4 5.81466E-4 7.49946E-4 5.61802E-4 5.80425E-4 6.67612E-4 6.05927E-4 6.18105E-4 7.10364E-4 7.9774E-4 8.13771E-4 9.83743E-4 8.95498E-4 1.18716E-3 1.35804E-3 1.23694E-3 1.29082E-3 1.17639E-3 1.02109E-3 1.16931E-3 1.33472E-3 1.27172E-3 9.95237E-4 1.4492E-3 1.51089E-3 1.5748E-3 1.63796E-3 1.56314E-3 1.36851E-3 1.31148E-3 1.36836E-3 1.55171E-3 1.7604E-3 2.0713E-3 2.34132E-3 2.32546E-3 2.05417E-3 1.97122E-3 1.97102E-3 1.89182E-3 1.96961E-3 2.13327E-3 2.0552E-3 2.22092E-3 2.31003E-3 2.22961E-3 1.8328E-3 2.50269E-3 2.60129E-3 2.21505E-3 1.40847E-3 3.24147E-3 3.25625E-3 1.52701E-3
5.85252E-4 4.83042E-4 6.1203E-4 5.55848E-4 5.55848E-4 5.55848E-4 6.38726E-4 7.84955E-4 7.13311E-4 7.12034E-4 7.83549E-4 5.89039E-4 6.67612E-4 6.66408E-4 8.1844E-4 8.56211E-4 8.56211E-4 8.95498E-4 1.07872E-3 9.32616E-4 1.02617E-3 1.12664E-3 1.29082E-3 1.3467E-3 1.22802E-3 1.40208E-3 1.16718E-3 1.33472E-3 1.27172E-3 1.16163E-3 1.21277E-3 1.26352E-3 1.43829E-3 1.37294E-3 1.62896E-3 1.85049E-3 1.76437E-3 1.55171E-3 1.75713E-3 1.82983E-3 1.90506E-3 2.15466E-3 1.97393E-3 2.05417E-3 2.04762E-3 2.13045E-3 2.1305E-3 2.21207E-3 1.97068E-3 2.13471E-3 2.39092E-3 1.69022E-3 2.49246E-3 1.16459E-3 2.69168E-3 2.8983E-3 1.35609E-3 1.40847E-3 1.51531E-3 1.57265E-3 1.63174E-3 3.05978E-3
5.55848E-4 6.72682E-4 7.0288E-4 5.80425E-4 7.73476E-4 6.66408E-4 8.19918E-4 7.12034E-4 9.01748E-4 6.81028E-4 9.89954E-4 8.19918E-4 1.03445E-3 9.41124E-4 9.41124E-4 1.08068E-3 1.08068E-3 9.83743E-4 1.23694E-3 1.06537E-3 1.28846E-3 1.07209E-3 1.34424E-3 1.40208E-3 1.27925E-3 1.46204E-3 1.21848E-3 1.39224E-3 1.32451E-3 1.51089E-3 1.38168E-3 1.49961E-3 1.56314E-3 1.49307E-3 1.4274E-3 1.61904E-3 1.83725E-3 1.98693E-3 1.82641E-3 1.82135E-3 1.74613E-3 1.97393E-3 2.1331E-3 2.04762E-3 2.21606E-3 2.30017E-3 2.48558E-3 2.57792E-3 2.48156E-3 2.39092E-3 2.583E-3 9.65803E-4 1.16459E-3 2.99975E-3 3.11356E-3 3.34526E-3 1.5655E-3 1.62422E-3 1.74364E-3 1.80766E-3 1.75193E-3 1.94136E-3
7.0288E-4 7.0288E-4 7.0288E-4 6.07022E-4 7.32924E-4 6.66408E-4 8.1844E-4 8.1844E-4 9.00123E-4 9.41124E-4 9.41124E-4 8.58259E-4 9.41124E-4 9.41124E-4 9.83743E-4 1.07872E-3 1.23694E-3 1.35804E-3 1.28846E-3 1.07014E-3 1.47415E-3 1.5367E-3 1.53388E-3 1.33472E-3 1.33227E-3 1.52137E-3 1.4492E-3 1.32451E-3 1.51089E-3 1.57189E-3 1.63796E-3 1.56314E-3 1.49307E-3 1.4274E-3 1.36329E-3 1.68689E-3 1.67885E-3 1.9015E-3 1.97544E-3 2.13847E-3 2.0503E-3 2.1331E-3 2.30273E-3 2.04366E-3 2.30017E-3 2.48085E-3 1.88667E-3 3.00002E-3 1.20014E-3 1.15768E-3 1.3462E-3 1.39802E-3 1.25613E-3 1.45325E-3 1.50852E-3 1.67573E-3 1.80127E-3 1.74364E-3 1.80766E-3 1.8699E-3 1.87904E-3 2.07878E-3
6.52731E-4 8.5116E-4 6.67612E-4 6.18105E-4 6.66408E-4 8.39826E-4 7.64049E-4 9.39417E-4 9.39417E-4 1.03258E-3 8.54658E-4 9.81959E-4 1.07872E-3 1.35804E-3 1.02617E-3 1.12664E-3 1.12664E-3 1.07209E-3 1.11775E-3 1.11775E-3 1.40208E-3 1.06491E-3 1.45935E-3 1.66553E-3 1.73166E-3 1.58269E-3 1.64911E-3 1.43829E-3 1.57189E-3 1.63492E-3 1.56024E-3 1.62593E-3 1.42474E-3 1.48568E-3 1.42205E-3 1.67885E-3 1.74887E-3 1.67611E-3 2.32108E-3 1.89006E-3 2.59987E-3 2.49365E-3 2.21187E-3 2.20786E-3 2.29614E-3 2.6781E-3 1.15448E-3 2.36488E-3 1.39548E-3 1.3436E-3 1.44867E-3 1.61544E-3 1.55735E-3 1.56247E-3 1.62108E-3 1.68145E-3 1.80413E-3 1.63501E-3 1.81284E-3 1.87904E-3 2.21491E-3 2.14815E-3
7.83549E-4 9.75E-4 8.06076E-4 8.06076E-4 7.64049E-4 6.95106E-4 7.26174E-4 7.9774E-4 1.18501E-3 9.30914E-4 1.35556E-3 1.23468E-3 1.35556E-3 1.5513E-3 1.07014E-3 1.17424E-3 1.28846E-3 1.22578E-3 1.34424E-3 1.16718E-3 1.16718E-3 1.21625E-3 1.52137E-3 1.44653E-3 1.5081E-3 1.37913E-3 1.71469E-3 1.49682E-3 1.70321E-3 1.93532E-3 1.8436E-3 1.76107E-3 1.83382E-3 1.61122E-3 1.82641E-3 1.74887E-3 1.74284E-3 1.97022E-3 2.50246E-3 2.04374E-3 1.02866E-3 3.14266E-3 3.12884E-3 3.23945E-3 3.4832E-3 3.10726E-3 1.34384E-3 1.39279E-3 3.58742E-3 1.55724E-3 1.67214E-3 1.73376E-3 1.7342E-3 1.79776E-3 1.74024E-3 1.80413E-3 1.8699E-3 1.80928E-3 1.94336E-3 2.01331E-3 2.52353E-3 2.21924E-3
9.01748E-4 6.18105E-4 6.66408E-4 7.65437E-4 7.64049E-4 6.61025E-4 6.61025E-4 7.24848E-4 8.31187E-4 8.31187E-4 7.72266E-4 8.49739E-4 9.51789E-4 1.08636E-3 1.47145E-3 1.22578E-3 1.22578E-3 1.2769E-3 1.59855E-3 1.33227E-3 1.33227E-3 1.26939E-3 1.44653E-3 1.64911E-3 1.57189E-3 1.56897E-3 2.0296E-3 2.10747E-3 2.01021E-3 1.91914E-3 1.83382E-3 1.90549E-3 1.98319E-3 1.89792E-3 1.97544E-3 1.89278E-3 1.81519E-3 1.96379E-3 2.39946E-3 2.29835E-3 1.9625E-3 3.38042E-3 3.23945E-3 1.44882E-3 2.64216E-3 3.59319E-3 3.71658E-3 4.28711E-3 -9999 -9999 1.85685E-3 1.85883E-3 1.92585E-3 1.92669E-3 1.99578E-3 1.93378E-3 1.87536E-3 1.82032E-3 2.14391E-3 2.21924E-3 2.44764E-3 -9999
7.80819E-4 9.41124E-4 7.65437E-4 7.64049E-4 6.74309E-4 7.26174E-4 7.40689E-4 8.13686E-4 8.13686E-4 9.34651E-4 1.17424E-3 1.07014E-3 8.88787E-4 1.07014E-3 1.15456E-3 1.53388E-3 1.2769E-3 1.33227E-3 1.45935E-3 1.38712E-3 1.58269E-3 1.44653E-3 6.67032E-4 1.71469E-3 1.78574E-3 2.0296E-3 2.10747E-3 1.8436E-3 1.61602E-3 1.83037E-3 2.07413E-3 1.98319E-3 1.89792E-3 2.22819E-3 1.96649E-3 8.41177E-4 1.55186E-3 2.29835E-3 1.06799E-3 1.20142E-3 3.12285E-3 3.91246E-3 3.74955E-3 3.73428E-3 1.73888E-3 1.73272E-3 1.93044E-3 2.06574E-3 1.99256E-3 2.28453E-3 2.20571E-3 -9999 2.06161E-3 2.13432E-3 -9999 2.21054E-3 -9999 -9999 2.29208E-3 -9999 -9999 -9999
1.03258E-3 9.41124E-4 6.95106E-4 7.9774E-4 7.40767E-4 8.93873E-4 8.93873E-4 1.12664E-3 1.12458E-3 1.28846E-3 1.28846E-3 1.47145E-3 9.75257E-4 6.69626E-4 1.06491E-3 1.5956E-3 1.36838E-3 1.66245E-3 1.73166E-3 1.73166E-3 1.79995E-3 2.04795E-3 2.13037E-3 2.13037E-3 1.85578E-3 2.10747E-3 1.91914E-3 1.75776E-3 1.83037E-3 1.90549E-3 2.06354E-3 2.32813E-3 2.05171E-3 2.21569E-3 2.30384E-3 1.06925E-3 9.48043E-4 1.15593E-3 1.24598E-3 1.29435E-3 2.65523E-3 1.68236E-3 4.3255E-3 4.63082E-3 1.86362E-3 1.99525E-3 2.06574E-3 2.21259E-3 2.13138E-3 2.36283E-3 2.35576E-3 -9999 -9999 -9999 -9999 -9999 -9999 -9999 -9999 -9999 -9999 -9999
1.07872E-3 8.93873E-4 1.07872E-3 1.07872E-3 8.49439E-4 1.23468E-3 1.12458E-3 1.12458E-3 1.28846E-3 1.28846E-3 1.34424E-3 1.11569E-3 1.11569E-3 1.16718E-3 1.16503E-3 1.01362E-3 1.1595E-3 1.58269E-3 1.79995E-3 1.87393E-3 1.94682E-3 2.02581E-3 1.70002E-3 1.77058E-3 2.01021E-3 1.91553E-3 1.83037E-3 1.90549E-3 1.98319E-3 2.05963E-3 2.14253E-3 2.13036E-3 9.8806E-4 2.30384E-3 2.69008E-3 2.581E-3 1.19911E-3 1.29435E-3 1.34167E-3 1.39305E-3 1.7439E-3 1.9433E-3 3.66048E-3 2.39294E-3 2.30277E-3 2.13818E-3 2.20825E-3 2.53114E-3 2.61058E-3 2.52068E-3 2.43605E-3 2.51438E-3 -9999 -9999 -9999 -9999 -9999 -9999 -9999 -9999 -9999 -9999
1.07675E-3 1.07872E-3 1.23468E-3 1.23468E-3 9.30914E-4 9.70914E-4 1.17424E-3 1.17424E-3 1.34424E-3 1.47145E-3 1.34178E-3 1.2769E-3 1.2769E-3 1.45935E-3 1.66245E-3 1.51856E-3 1.58269E-3 9.54777E-4 5.57785E-4 1.20194E-3 1.25462E-3 1.42659E-3 1.62289E-3 1.69078E-3 1.75776E-3 8.85381E-4 2.07413E-3 9.57526E-4 1.62762E-3 2.41983E-3 2.50971E-3 1.07187E-3 1.02798E-3 2.69008E-3 2.89988E-3 3.24728E-3 1.29186E-3 1.39305E-3 1.5567E-3 1.61457E-3 1.86875E-3 2.07896E-3 5.71005E-3 2.37672E-3 2.45725E-3 2.61939E-3 2.70607E-3 2.61058E-3 2.59993E-3 2.68632E-3 -9999 -9999 -9999 -9999 -9999 -9999 -9999 -9999 -9999 -9999 -9999 -9999
1.12458E-3 1.35556E-3 1.23468E-3 1.28846E-3 1.14388E-3 1.17424E-3 1.22578E-3 1.47145E-3 1.34178E-3 1.2769E-3 1.53388E-3 1.45935E-3 1.45666E-3 1.1595E-3 1.26704E-3 1.44653E-3 1.64605E-3 1.71469E-3 6.94363E-4 6.06791E-4 1.56024E-3 1.9317E-3 6.87813E-4 1.91553E-3 2.17117E-3 2.34261E-3 2.43472E-3 1.99927E-3 1.07587E-3 1.11863E-3 1.20607E-3 1.0672E-3 1.20182E-3 2.2874E-3 1.45347E-3 2.97374E-3 4.03618E-3 1.74052E-3 1.80021E-3 1.79514E-3 2.00048E-3 2.22618E-3 6.07468E-3 2.71849E-3 2.80755E-3 2.78937E-3 2.69179E-3 2.87107E-3 2.9581E-3 2.95266E-3 -9999 -9999 -9999 -9999 -9999 -9999 -9999 -9999 -9999 -9999 -9999 -9999
1.12458E-3 9.6913E-4 1.17424E-3 1.2861E-3 1.19136E-3 1.34178E-3 1.22353E-3 1.53388E-3 1.39951E-3 1.2769E-3 1.32981E-3 1.51856E-3 1.72845E-3 1.58269E-3 1.32207E-3 1.50529E-3 1.13442E-3 1.78574E-3 7.5325E-4 6.33234E-4 7.20817E-4 1.8436E-3 2.17117E-3 2.25769E-3 2.34261E-3 2.43472E-3 2.84847E-3 2.95085E-3 2.23087E-3 1.30762E-3 1.30153E-3 1.15372E-3 1.29461E-3 1.29186E-3 1.5615E-3 1.6791E-3 2.08959E-3 3.52433E-3 1.92807E-3 2.22181E-3 2.1393E-3 2.28993E-3 2.71849E-3 2.89879E-3 3.19713E-3 2.97325E-3 2.86535E-3 3.05308E-3 3.36117E-3 -9999 -9999 -9999 -9999 -9999 -9999 -9999 -9999 -9999 -9999 -9999 3.0719E-3 -9999
1.2861E-3 1.47145E-3 1.34178E-3 1.34178E-3 1.68114E-3 1.53104E-3 1.39951E-3 1.5956E-3 1.74778E-3 1.32981E-3 1.38712E-3 1.44653E-3 1.20831E-3 1.50529E-3 1.87043E-3 1.94682E-3 1.85578E-3 1.85578E-3 1.39915E-3 6.87813E-4 8.51847E-4 8.85381E-4 1.63908E-3 2.64712E-3 2.52499E-3 2.07288E-3 2.82278E-3 2.70266E-3 1.25064E-3 2.90745E-3 3.1306E-3 1.45066E-3 1.28935E-3 1.50053E-3 1.67582E-3 1.80021E-3 2.23288E-3 2.30955E-3 2.64719E-3 2.37204E-3 1.98473E-3 2.44383E-3 2.89304E-3 2.88021E-3 3.17318E-3 2.9581E-3 3.2593E-3 3.35443E-3 -9999 -9999 3.23021E-3 3.1335E-3 3.0362E-3 -9999 -9999 -9999 -9999 -9999 -9999 3.16466E-3 3.17117E-3 3.2661E-3
1.15243E-3 1.39692E-3 1.53388E-3 1.53104E-3 1.31485E-3 1.5956E-3 1.45666E-3 1.66245E-3 1.81658E-3 1.57975E-3 1.44384E-3 1.31961E-3 1.50529E-3 1.71469E-3 1.49402E-3 1.36782E-3 1.62289E-3 2.18774E-3 7.1589E-4 7.1589E-4 8.85381E-4 2.34261E-3 2.43472E-3 2.52499E-3 2.5049E-3 2.60224E-3 2.70266E-3 1.06514E-3 1.24631E-3 1.2921E-3 1.39313E-3 2.54543E-3 1.55367E-3 1.49481E-3 1.43945E-3 1.79162E-3 1.99656E-3 2.46413E-3 2.73443E-3 2.7131E-3 2.43898E-3 2.43355E-3 3.07565E-3 3.27298E-3 3.36828E-3 3.47245E-3 3.68773E-3 -9999 3.42962E-3 3.53547E-3 3.32506E-3 3.22654E-3 3.23353E-3 3.1443E-3 3.23804E-3 3.34054E-3 3.43835E-3 -9999 3.2661E-3 3.2661E-3 3.2661E-3 -9999
1.15243E-3 1.74778E-3 1.53104E-3 1.5956E-3 1.98868E-3 1.32981E-3 1.51856E-3 1.65936E-3 2.0691E-3 1.50529E-3 1.50529E-3 1.71469E-3 1.56603E-3 1.7824E-3 1.70002E-3 1.76725E-3 2.27046E-3 1.38639E-3 8.11349E-4 9.19992E-4 1.04172E-3 9.14588E-4 2.41522E-3 1.0286E-3 1.06982E-3 1.02601E-3 1.10762E-3 1.24631E-3 1.34183E-3 1.28935E-3 1.38763E-3 1.44041E-3 1.66762E-3 1.49098E-3 1.66483E-3 2.06289E-3 1.84994E-3 2.4524E-3 2.52982E-3 3.09288E-3 3.75997E-3 2.59474E-3 2.8596E-3 3.47245E-3 3.47245E-3 3.44181E-3 3.23142E-3 3.64872E-3 3.53547E-3 3.64367E-3 3.52762E-3 3.42529E-3 3.43315E-3 3.33369E-3 3.14601E-3 3.43835E-3 3.34963E-3 3.44788E-3 3.2661E-3 -9999 -9999 -9999
1.3124E-3 1.59263E-3 1.36584E-3 1.65936E-3 2.2638E-3 1.26469E-3 1.57975E-3 1.57975E-3 1.96455E-3 1.56603E-3 1.87043E-3 1.49402E-3 1.70002E-3 1.55732E-3 7.18114E-4 1.22301E-3 1.98973E-3 2.06627E-3 9.55702E-4 9.14588E-4 1.03449E-3 9.12111E-4 1.0286E-3 1.96631E-3 1.25064E-3 1.19951E-3 1.2921E-3 1.34183E-3 1.33646E-3 1.4976E-3 1.60826E-3 1.43663E-3 1.38466E-3 1.72254E-3 1.98741E-3 2.05354E-3 2.3589E-3 2.43898E-3 2.1926E-3 3.07565E-3 3.05625E-3 3.15338E-3 3.57171E-3 4.30566E-3 3.65843E-3 3.54061E-3 3.64872E-3 3.53547E-3 3.74656E-3 3.42529E-3 3.53146E-3 3.63254E-3 3.53254E-3 3.64135E-3 3.54539E-3 3.34963E-3 3.55545E-3 3.55545E-3 -9999 -9999 -9999 -9999
1.36584E-3 1.81318E-3 1.51574E-3 2.06523E-3 1.88759E-3 1.96455E-3 1.79658E-3 2.04412E-3 2.32249E-3 1.7824E-3 1.70002E-3 1.55439E-3 1.61983E-3 2.00643E-3 2.08349E-3 1.98973E-3 2.06627E-3 2.2308E-3 8.41145E-4 9.88716E-4 9.47627E-4 9.09052E-4 9.46324E-4 1.88535E-3 3.0115E-3 1.45066E-3 1.28684E-3 1.33646E-3 1.3354E-3 1.28375E-3 1.49098E-3 1.66154E-3 1.78179E-3 1.59966E-3 1.98079E-3 2.3542E-3 2.51611E-3 2.42869E-3 2.34169E-3 3.05625E-3 3.2462E-3 3.13765E-3 3.03541E-3 4.15016E-3 3.54061E-3 3.98886E-3 3.63623E-3 3.97905E-3 3.85133E-3 3.85138E-3 3.53254E-3 3.64135E-3 3.34272E-3 3.64729E-3 3.85821E-3 3.65784E-3 3.66544E-3 -9999 -9999 -9999 -9999 -9999
1.88759E-3 2.1482E-3 1.96455E-3 1.96455E-3 2.44134E-3 2.22973E-3 1.87043E-3 2.5319E-3 1.85229E-3 1.12516E-3 1.76725E-3 1.76725E-3 1.84013E-3 2.16706E-3 1.44092E-3 8.43539E-4 8.41145E-4 2.13435E-3 9.88716E-4 9.458E-4 9.07299E-4 9.445E-4 1.10762E-3 9.81032E-4 2.1875E-3 2.98266E-3 1.49466E-3 1.33278E-3 1.33342E-3 1.48804E-3 1.33312E-3 1.65758E-3 2.05354E-3 2.04681E-3 1.72051E-3 2.3488E-3 2.34169E-3 2.58954E-3 2.58217E-3 2.84839E-3 3.13765E-3 3.33136E-3 3.22487E-3 3.87388E-3 3.75151E-3 4.22595E-3 3.85133E-3 4.20746E-3 3.85138E-3 3.73552E-3 3.96363E-3 3.85821E-3 3.64729E-3 3.75113E-3 3.65784E-3 3.65784E-3 -9999 -9999 -9999 -9999 -9999 -9999
