day_2/Results/Podomys_floridanus/projections/PaleoClim/-4000/RUN_0.asc
ncols         385
nrows         252
xllcorner     -91.50013924285
yllcorner     25.49986064915003
cellsize      0.041666666500000005
NODATA_value  -9999
[rows 0 to 27 of 252, columns 62 to 123 of 385]
2.27994E-3 1.39225E-3 1.53783E-3 1.92037E-3 1.94618E-3 2.17983E-3 2.17983E-3 2.72497E-3 2.09645E-3 2.29786E-3 2.72973E-3 3.35149E-3 2.9994E-3 2.18364E-3 1.74974E-3 1.83809E-3 1.87827E-3 1.67986E-3 1.74974E-3 1.3172E-3 1.92711E-3 3.50277E-3 2.0164E-3 2.25194E-3 3.20338E-3 2.68894E-3 3.57936E-3 3.06251E-3 2.92706E-3 2.62096E-3 4.10433E-3 4.39695E-3 3.35672E-3 2.53176E-3 2.80157E-3 2.96155E-3 2.99723E-3 2.28065E-3 2.28442E-3 2.84021E-3 3.32043E-3 2.36771E-3 2.39349E-3 1.6116E-3 2.36771E-3 2.36771E-3 1.36023E-3 2.59124E-3 2.06934E-3 3.3311E-4 1.59954E-3 2.21625E-3 4.04858E-3 5.34107E-3 3.23909E-3 3.62133E-3 3.7772E-3 5.11413E-3 5.33295E-3 3.29635E-3 2.95341E-3 1.5317E-3
2.0093E-3 1.71546E-3 2.04392E-3 1.75301E-3 2.67954E-3 2.67954E-3 2.14593E-3 2.14971E-3 1.95301E-3 2.44148E-3 2.73446E-3 2.29786E-3 3.35149E-3 2.40637E-3 1.92711E-3 2.10008E-3 2.73446E-3 1.50239E-3 1.9564E-3 1.72453E-3 2.68894E-3 2.05874E-3 4.36805E-3 4.08476E-3 1.75276E-3 3.91843E-3 3.00985E-3 3.36316E-3 3.36896E-3 3.2744E-3 2.93203E-3 2.50289E-3 1.5053E-3 2.1541E-3 4.0349E-3 3.67531E-3 3.1411E-3 2.39349E-3 1.81902E-3 1.62315E-3 1.91122E-3 2.02168E-3 1.62315E-3 2.11876E-3 1.64397E-3 1.52353E-3 1.07508E-3 2.58687E-3 3.23363E-3 1.85076E-3 1.6789E-3 1.27649E-3 2.00427E-3 3.6274E-3 3.24453E-3 3.6274E-3 4.91141E-3 5.70724E-3 4.58251E-3 3.29635E-3 3.84313E-3 3.08872E-3
1.82584E-3 1.79911E-3 2.50611E-3 2.55219E-3 2.39796E-3 2.19287E-3 2.68425E-3 2.40217E-3 2.9994E-3 2.56917E-3 1.9564E-3 2.73446E-3 2.40637E-3 2.40637E-3 2.68894E-3 2.44572E-3 2.73446E-3 1.93045E-3 3.13661E-3 3.14208E-3 2.73446E-3 1.8815E-3 2.1572E-3 3.50277E-3 2.29597E-3 2.6936E-3 2.74768E-3 2.74387E-3 3.36896E-3 2.75241E-3 4.28686E-3 4.79244E-3 1.99758E-3 2.62096E-3 4.21323E-3 2.93699E-3 2.50709E-3 2.50709E-3 1.35798E-3 1.59954E-3 1.59954E-3 4.68141E-4 4.44016E-4 1.91122E-3 1.70641E-3 1.50806E-3 2.89714E-3 1.50067E-3 1.87826E-3 3.38046E-3 2.46246E-3 2.07284E-3 6.48757E-4 5.51488E-4 8.13435E-4 2.21625E-3 5.78916E-3 4.11307E-3 5.33295E-3 4.78136E-3 3.51451E-3 4.28671E-3
1.91815E-3 2.14223E-3 2.67659E-3 2.85186E-3 2.85687E-3 2.28799E-3 2.56114E-3 2.18364E-3 2.44148E-3 3.41214E-3 2.86682E-3 2.86682E-3 2.68894E-3 2.68894E-3 3.00464E-3 2.44994E-3 2.73446E-3 2.41054E-3 3.50889E-3 2.56559E-3 2.1912E-3 1.96922E-3 2.05465E-3 3.28498E-3 3.14753E-3 3.06775E-3 4.8946E-3 1.96313E-3 4.19881E-3 3.36896E-3 1.73753E-3 1.87195E-3 2.45831E-3 3.76434E-3 4.79244E-3 2.93699E-3 2.10128E-3 6.17371E-4 1.87512E-3 2.20241E-3 2.75318E-3 1.6789E-3 1.42892E-3 5.24368E-4 1.70641E-3 1.51057E-3 2.07631E-3 2.07284E-3 1.69136E-3 1.6942E-3 2.89714E-3 4.22752E-3 3.7772E-3 2.71204E-3 1.76468E-3 3.08332E-3 5.56604E-3 5.78916E-3 5.94797E-3 4.78136E-3 3.51451E-3 5.12341E-3
2.50541E-3 2.14223E-3 2.39245E-3 1.83229E-3 1.83229E-3 2.04751E-3 3.34398E-3 2.86504E-3 2.86186E-3 2.18743E-3 3.20338E-3 3.14208E-3 3.14208E-3 3.91843E-3 3.9994E-3 2.87177E-3 2.1572E-3 3.00482E-3 2.29597E-3 2.29597E-3 1.23872E-3 2.86682E-3 3.65995E-3 3.74732E-3 3.2089E-3 2.74387E-3 5.46543E-3 2.81845E-3 3.42981E-3 5.53759E-3 5.76935E-3 3.93199E-3 5.47484E-3 3.93199E-3 1.55398E-3 2.57879E-3 2.30778E-3 2.30778E-3 2.57879E-3 2.88157E-3 1.67608E-3 1.50067E-3 6.17371E-4 5.51488E-4 4.17941E-4 9.11469E-4 1.34136E-3 1.50067E-3 1.76468E-3 1.76468E-3 3.93746E-4 1.77373E-3 2.902E-3 3.78357E-3 2.42704E-3 2.75779E-3 2.20978E-3 5.7267E-3 5.717E-3 5.33295E-3 4.78136E-3 3.92694E-3
2.73999E-3 2.50987E-3 2.50987E-3 2.39668E-3 3.64708E-3 4.55077E-3 3.73432E-3 3.50277E-3 2.86504E-3 2.68598E-3 2.56114E-3 4.17739E-3 3.50889E-3 3.99705E-3 2.87177E-3 2.56559E-3 2.81357E-3 3.65995E-3 2.99962E-3 3.50814E-3 2.68598E-3 2.40509E-3 4.75659E-3 3.74732E-3 3.2089E-3 2.45831E-3 2.06582E-3 4.38326E-3 3.42981E-3 3.60909E-3 5.25954E-3 5.47484E-3 4.21323E-3 5.54712E-3 5.47484E-3 4.90303E-3 4.39081E-3 5.47484E-3 5.11413E-3 2.30778E-3 6.81557E-4 1.57561E-3 4.63227E-4 3.51142E-4 2.80652E-4 1.57561E-3 5.451E-4 3.9053E-4 1.32661E-3 6.82702E-4 5.19137E-4 4.64768E-4 2.10827E-3 3.38617E-3 3.94541E-3 3.37859E-3 2.58748E-3 4.41323E-3 5.717E-3 4.78954E-3 4.29404E-3 4.78954E-3
2.45627E-3 3.40938E-3 3.40938E-3 3.80976E-3 3.90169E-3 4.17012E-3 2.99962E-3 4.17739E-3 4.08476E-3 3.65995E-3 4.86826E-3 4.17739E-3 4.66478E-3 3.35563E-3 3.35563E-3 3.34982E-3 4.36976E-3 3.65995E-3 3.8232E-3 5.08817E-3 3.4275E-3 4.25701E-3 4.37733E-3 3.6727E-3 3.2089E-3 2.45831E-3 3.93199E-3 2.87998E-3 2.45831E-3 2.34681E-3 4.04176E-3 4.04176E-3 4.51851E-3 5.33202E-3 3.61523E-3 3.37472E-3 3.84645E-3 4.01996E-3 3.38046E-3 3.29635E-3 5.73164E-4 2.41755E-3 7.15826E-4 6.4162E-4 4.87484E-4 1.84814E-3 2.42167E-3 2.16839E-3 2.70449E-3 1.85126E-3 6.4162E-4 1.85126E-3 4.14717E-4 1.41387E-3 2.17197E-3 3.16907E-3 3.37859E-3 8.96998E-4 4.59815E-3 6.0299E-3 5.95814E-3 5.42046E-3
1.89628E-3 2.50987E-3 3.49589E-3 3.13222E-3 2.51874E-3 2.51874E-3 2.81127E-3 2.40509E-3 3.90854E-3 3.73339E-3 4.36214E-3 4.16671E-3 3.91537E-3 3.34982E-3 4.36214E-3 4.56184E-3 5.08817E-3 4.56184E-3 4.35003E-3 5.08817E-3 4.75659E-3 4.44318E-3 3.91537E-3 4.18464E-3 3.21439E-3 2.45831E-3 3.52103E-3 4.68892E-3 4.39081E-3 3.59167E-3 3.07816E-3 4.80869E-3 4.11815E-3 4.51851E-3 2.9553E-3 5.4842E-3 5.01839E-3 3.44144E-3 2.75318E-3 3.67903E-3 3.15409E-3 3.52028E-3 2.83077E-3 6.74096E-4 5.40365E-4 2.27226E-3 2.53621E-3 2.83077E-3 1.73847E-3 1.94158E-3 2.27613E-3 7.54171E-4 5.74133E-4 1.74141E-3 1.94486E-3 2.42576E-3 2.42576E-3 3.16486E-3 3.76566E-3 4.69037E-3 5.73636E-3 6.0558E-3
3.71511E-3 3.42446E-3 8.74604E-4 2.36397E-3 3.28132E-3 3.28132E-3 2.80634E-3 4.55384E-3 5.07925E-3 4.3424E-3 5.67504E-3 4.75659E-3 4.75659E-3 5.67504E-3 4.35003E-3 5.91603E-3 4.5323E-3 6.59431E-3 4.08985E-3 3.6666E-3 3.29283E-3 4.44318E-3 3.14866E-3 1.16759E-3 3.36717E-3 2.30778E-3 5.10534E-3 3.93199E-3 5.00988E-3 5.33202E-3 4.70747E-3 3.07816E-3 1.27446E-3 4.11815E-3 2.89714E-3 3.85298E-3 3.08332E-3 2.75318E-3 2.88157E-3 3.67903E-3 2.95341E-3 6.03538E-4 1.55395E-3 2.96216E-3 2.26983E-3 2.96216E-3 6.74096E-4 4.33891E-4 1.63676E-3 1.99468E-3 2.66E-3 2.13759E-3 2.38455E-3 2.27226E-3 2.54052E-3 2.97227E-3 3.16486E-3 4.1252E-3 3.94233E-3 3.94898E-3 1.12209E-3 1.07079E-3
3.97161E-3 5.13783E-3 3.72176E-3 3.81764E-3 3.72176E-3 3.97867E-3 3.97867E-3 4.94428E-3 4.43533E-3 5.5212E-3 6.32939E-3 5.30532E-3 5.91716E-3 6.22494E-3 5.59265E-3 5.80872E-3 5.80872E-3 6.47106E-3 6.41065E-3 6.41065E-3 6.41065E-3 6.41065E-3 4.56184E-3 4.5698E-3 3.36142E-3 3.6727E-3 5.22689E-3 4.01996E-3 5.01839E-3 5.37565E-3 4.13673E-3 5.34107E-3 5.37565E-3 4.3086E-3 4.22752E-3 5.24472E-3 1.0165E-3 3.84751E-3 4.91141E-3 4.20615E-3 2.95341E-3 3.67938E-3 2.96216E-3 3.15409E-3 3.30422E-3 2.48221E-3 2.38047E-3 5.69183E-4 2.38047E-3 2.65546E-3 3.30422E-3 3.46062E-3 2.66E-3 3.30988E-3 3.69202E-3 4.1182E-3 4.30812E-3 4.1182E-3 4.1252E-3 1.3743E-3 9.43943E-4 3.03046E-3
3.56895E-3 3.56895E-3 5.14703E-3 5.14703E-3 3.72176E-3 3.82443E-3 4.0585E-3 4.94428E-3 5.5212E-3 6.15436E-3 7.8722E-3 7.05892E-3 6.23586E-3 6.22494E-3 6.15436E-3 6.48047E-3 6.22494E-3 6.15436E-3 6.15436E-3 5.53089E-3 5.53089E-3 6.48047E-3 5.31664E-3 1.59617E-3 1.16759E-3 4.19185E-3 4.57464E-3 4.20615E-3 4.02675E-3 4.3086E-3 3.85396E-3 4.3086E-3 3.2965E-3 3.85396E-3 3.78357E-3 4.22752E-3 3.85949E-3 2.75779E-3 3.44721E-3 2.58315E-3 3.44537E-3 4.27934E-3 3.15949E-3 2.83558E-3 2.54052E-3 2.48646E-3 3.2294E-3 2.96216E-3 2.59827E-3 2.59827E-3 2.66E-3 2.59827E-3 3.85793E-3 3.85793E-3 4.8025E-3 4.8025E-3 4.8025E-3 4.30812E-3 4.1252E-3 4.1252E-3 1.53659E-3 4.40726E-3
3.28132E-3 3.28132E-3 4.15401E-3 2.87155E-3 4.81946E-3 3.72176E-3 4.96772E-3 4.96772E-3 6.86847E-3 6.59431E-3 5.67504E-3 5.68494E-3 4.45098E-3 6.60588E-3 5.06121E-3 6.41065E-3 6.60588E-3 5.06121E-3 7.36297E-3 5.92641E-3 5.31664E-3 4.16867E-3 6.73286E-3 8.20647E-3 7.07122E-3 4.89361E-3 5.11413E-3 5.84634E-3 5.01839E-3 1.06723E-3 4.02675E-3 1.0165E-3 1.19333E-3 1.33431E-3 3.44721E-3 3.85396E-3 3.45295E-3 5.03528E-3 3.44721E-3 3.94541E-3 4.78954E-3 3.68532E-3 3.02298E-3 2.83558E-3 2.54052E-3 2.42576E-3 2.77367E-3 2.48221E-3 2.96723E-3 3.2294E-3 2.89672E-3 3.2294E-3 3.2294E-3 4.30812E-3 4.30812E-3 4.10104E-3 5.35347E-3 5.35347E-3 4.1252E-3 1.43817E-3 8.86708E-4 3.53827E-3
1.89964E-3 3.82443E-3 4.27097E-3 4.15401E-3 5.97487E-3 5.97487E-3 5.36624E-3 5.97487E-3 6.17648E-3 6.59431E-3 5.92641E-3 5.31664E-3 6.41065E-3 6.17648E-3 6.17648E-3 5.86982E-3 5.54421E-3 6.17648E-3 6.18732E-3 4.27847E-3 4.27847E-3 5.38528E-3 6.11624E-3 1.67178E-3 1.52621E-3 5.46122E-3 6.09446E-3 1.63218E-3 1.11834E-3 1.11834E-3 3.60385E-3 4.20615E-3 4.49916E-3 4.70481E-3 4.49916E-3 3.60989E-3 1.19532E-3 2.76239E-3 1.06901E-3 3.60989E-3 4.59815E-3 4.21325E-3 3.77296E-3 2.83774E-3 3.02539E-3 1.74141E-3 2.48646E-3 3.60021E-3 2.66453E-3 8.85222E-4 2.77839E-3 4.01352E-3 4.01352E-3 4.02039E-3 5.35347E-3 5.35347E-3 5.96745E-3 4.99609E-3 5.35347E-3 5.96745E-3 5.97758E-3 6.6629E-3
3.99499E-3 3.72176E-3 4.0021E-3 3.35222E-3 4.62811E-3 5.36624E-3 4.81946E-3 5.37578E-3 6.17648E-3 7.66469E-3 5.31664E-3 4.6363E-3 5.1653E-3 6.66413E-3 7.16482E-3 5.9855E-3 6.66413E-3 7.17747E-3 6.44673E-3 7.17747E-3 5.79017E-3 7.00563E-3 7.17747E-3 7.9907E-3 8.56761E-3 5.46122E-3 6.10488E-3 6.03522E-3 6.01961E-3 5.4112E-3 5.9052E-3 5.2158E-3 5.56604E-3 5.56604E-3 7.00977E-3 4.92806E-3 3.60989E-3 1.25394E-3 8.55016E-4 9.57633E-4 9.57633E-4 1.58089E-3 5.46926E-4 4.89117E-4 4.37418E-4 1.94812E-3 2.54481E-3 2.38285E-3 3.45127E-3 2.84037E-3 2.77839E-3 4.48183E-3 4.79768E-3 4.30134E-3 4.99609E-3 4.38762E-3 4.38762E-3 5.5692E-3 5.00458E-3 6.6629E-3 5.7337E-3 6.39479E-3
3.49071E-3 4.45891E-3 4.0021E-3 3.08264E-3 3.35222E-3 4.81946E-3 6.92576E-3 6.23518E-3 5.9855E-3 6.8806E-3 6.17648E-3 5.9855E-3 5.9855E-3 6.9932E-3 8.31375E-3 6.43536E-3 5.6033E-3 7.47201E-3 6.93807E-3 6.99187E-3 6.28355E-3 8.0789E-3 8.98358E-3 9.52643E-3 6.25755E-3 6.25755E-3 5.47056E-3 5.83159E-3 6.53889E-3 5.2158E-3 7.30078E-3 4.44734E-3 7.0215E-3 4.82623E-3 4.51421E-3 5.03528E-3 4.41323E-3 3.77928E-3 3.2307E-3 2.59179E-3 8.55016E-4 2.07219E-3 1.94812E-3 5.42188E-4 1.2521E-3 5.70145E-4 7.10432E-4 7.55438E-4 6.7637E-4 6.77498E-4 4.40726E-3 2.71812E-3 8.99982E-4 2.84514E-3 4.13216E-3 1.37661E-3 4.92684E-3 5.97832E-3 6.39479E-3 5.36017E-3 3.9556E-3 4.422E-3
2.44524E-3 2.33053E-3 4.18696E-3 3.59837E-3 3.50311E-3 5.59335E-3 5.03529E-3 5.6033E-3 5.38528E-3 6.8806E-3 5.38528E-3 5.99607E-3 6.93807E-3 6.52121E-3 7.27464E-3 7.27464E-3 7.2086E-3 6.52121E-3 1.03909E-2 7.9907E-3 6.28355E-3 6.90469E-3 6.06355E-3 6.62886E-3 2.21972E-3 2.37306E-3 6.82406E-3 8.48221E-3 6.54991E-3 8.16481E-3 5.32037E-3 2.18148E-3 1.67096E-3 6.28508E-3 1.56592E-3 1.40128E-3 4.22032E-3 3.77928E-3 1.25186E-3 1.00409E-3 8.03999E-4 2.1757E-3 2.37883E-3 1.29557E-3 5.70145E-4 3.10947E-3 5.10757E-4 7.93028E-4 6.37505E-4 7.10432E-4 5.42188E-4 4.86244E-4 4.62008E-4 2.97729E-3 1.03758E-3 5.72056E-4 6.77498E-4 7.20631E-4 6.7862E-4 3.5442E-3 1.53915E-3 9.91439E-4
2.84959E-3 4.37144E-3 4.37922E-3 2.72784E-3 2.44956E-3 4.37922E-3 6.71521E-3 7.47201E-3 5.20031E-3 5.20031E-3 4.43076E-3 5.20031E-3 5.03529E-3 7.27464E-3 7.22141E-3 5.2501E-3 6.48209E-3 7.27464E-3 6.28355E-3 7.018E-3 6.29465E-3 6.75658E-3 6.06355E-3 6.76836E-3 8.58243E-3 5.95726E-3 2.4804E-3 6.11525E-3 8.16481E-3 6.28508E-3 8.16481E-3 1.95219E-3 1.74697E-3 1.40128E-3 3.77928E-3 2.39506E-3 1.46634E-3 3.03046E-3 1.31292E-3 8.03999E-4 1.94812E-3 5.42188E-4 6.05575E-4 2.14123E-3 6.68693E-4 4.03716E-3 4.30812E-3 2.66453E-3 2.66453E-3 3.31551E-3 2.39264E-3 8.86708E-4 5.71103E-4 3.47243E-3 3.62968E-3 1.21241E-3 9.89788E-4 7.12812E-4 3.32111E-3 8.35074E-4 7.95685E-4 2.09233E-3
3.68837E-3 2.56037E-3 2.84959E-3 2.85467E-3 4.10976E-3 4.23667E-3 5.4232E-3 4.38696E-3 4.88201E-3 4.15473E-3 5.03529E-3 6.29932E-3 6.03483E-3 7.00542E-3 5.66418E-3 7.55196E-3 6.77815E-3 1.08083E-2 7.48521E-3 8.91125E-3 8.92677E-3 7.80713E-3 7.70482E-3 5.95726E-3 6.64026E-3 8.24914E-3 9.20938E-3 8.85445E-3 2.84529E-3 5.26237E-3 5.25357E-3 1.31292E-3 1.91124E-3 1.31292E-3 1.53402E-3 1.23327E-3 3.53827E-3 3.1702E-3 1.3743E-3 9.42371E-4 2.54908E-3 3.31551E-3 8.32267E-4 7.84499E-4 3.25213E-3 2.45752E-3 7.47273E-4 1.15753E-3 2.66903E-3 1.72352E-3 9.75273E-4 5.39072E-4 2.92377E-3 7.85825E-4 3.59834E-3 1.14124E-3 9.76922E-4 6.70949E-4 3.11476E-3 1.27171E-3 4.5133E-3 1.15948E-3
2.52764E-3 3.12378E-3 3.31605E-3 4.10976E-3 3.97038E-3 4.23667E-3 5.09291E-3 5.66418E-3 4.88201E-3 5.43278E-3 5.83894E-3 7.50106E-3 7.29332E-3 8.10578E-3 6.74901E-3 7.03083E-3 7.56546E-3 7.53344E-3 7.43353E-3 9.28242E-3 8.56761E-3 6.50315E-3 6.751E-3 6.07412E-3 6.51645E-3 7.25919E-3 9.20938E-3 2.96634E-3 1.95544E-3 3.77928E-3 5.47985E-3 5.13212E-3 4.60126E-3 1.60439E-3 4.1252E-3 1.60439E-3 1.2312E-3 4.60126E-3 3.94898E-3 3.53827E-3 1.10484E-3 3.24042E-3 4.19039E-3 4.86193E-3 3.0589E-3 7.84499E-4 6.00399E-4 6.00399E-4 1.0874E-3 3.62968E-3 1.0874E-3 1.14124E-3 3.40628E-3 1.26955E-3 5.47066E-3 1.02241E-3 7.04784E-4 8.74702E-4 3.25769E-3 6.08763E-3 2.43429E-3 8.35074E-4
4.13739E-3 4.13739E-3 4.7699E-3 5.30201E-3 3.97749E-3 3.88552E-3 4.57913E-3 4.57913E-3 5.09291E-3 4.38696E-3 5.10192E-3 5.46294E-3 6.74901E-3 5.57246E-3 7.78944E-3 7.03083E-3 6.77815E-3 7.43353E-3 6.54434E-3 6.29465E-3 8.01866E-3 6.92854E-3 6.52563E-3 6.20658E-3 9.20938E-3 7.9401E-3 6.28815E-3 7.62755E-3 1.83208E-3 6.38403E-3 7.11983E-3 5.09627E-3 4.8025E-3 1.28916E-3 5.0112E-3 1.43817E-3 1.87351E-3 1.7898E-3 1.03758E-3 1.03758E-3 8.85222E-4 1.15753E-3 3.8711E-3 3.3814E-3 4.5565E-3 3.56069E-3 6.63049E-4 1.1393E-3 7.04784E-4 4.22362E-3 1.26955E-3 1.26955E-3 5.46126E-3 1.07338E-3 3.96951E-3 1.91788E-3 1.72611E-3 1.33131E-3 4.91606E-3 1.41709E-3 1.02588E-3 1.14124E-3
2.72034E-3 3.01699E-3 4.48727E-3 3.47879E-3 3.47879E-3 4.29877E-3 3.87403E-3 5.3115E-3 5.90384E-3 4.12436E-3 5.09291E-3 5.46294E-3 7.02511E-3 7.80337E-3 7.78944E-3 7.95961E-3 8.67816E-3 9.64962E-3 7.49833E-3 9.28242E-3 8.03253E-3 8.03253E-3 6.92854E-3 7.54222E-3 9.59228E-3 5.62942E-3 8.96095E-3 2.38511E-3 3.9556E-3 4.60126E-3 1.6071E-3 5.35347E-3 7.22747E-3 2.04431E-3 8.03253E-3 5.58286E-3 2.0888E-3 1.28916E-3 3.47243E-3 1.35178E-3 1.21241E-3 1.03758E-3 1.03758E-3 1.29134E-3 5.64262E-3 4.26661E-3 3.96269E-3 1.07338E-3 1.07154E-3 1.07338E-3 3.13753E-3 9.63797E-4 4.90761E-3 5.70393E-3 6.93281E-3 7.554E-3 7.84498E-3 7.05455E-3 8.72358E-3 3.88607E-3 6.08763E-3 6.08763E-3
2.94525E-3 3.27228E-3 4.68279E-3 3.27814E-3 3.86715E-3 3.47879E-3 3.12937E-3 5.54789E-3 3.87403E-3 3.48499E-3 4.78694E-3 5.22749E-3 5.91434E-3 6.84608E-3 8.16152E-3 1.04197E-2 2.58072E-3 7.01779E-3 1.08274E-2 6.68718E-3 7.02874E-3 1.00569E-2 7.71807E-3 6.65161E-3 9.20938E-3 5.04725E-3 2.13329E-3 1.91445E-3 4.60902E-3 6.94038E-3 2.18097E-3 1.95731E-3 4.70297E-3 1.0345E-2 8.04634E-3 1.95731E-3 1.41468E-3 1.35178E-3 3.11476E-3 3.62968E-3 1.75656E-3 1.26955E-3 9.75273E-4 8.76181E-4 1.27171E-3 6.52785E-3 4.54196E-3 1.12274E-3 1.54816E-3 2.00669E-3 7.04236E-3 7.83142E-3 8.70851E-3 6.77395E-3 6.50275E-3 5.24552E-3 7.55021E-3 8.3864E-3 2.05129E-3 2.28438E-3 5.25443E-3 5.25443E-3
2.56273E-3 3.15422E-3 3.50241E-3 4.2251E-3 1.15632E-3 2.94525E-3 4.32587E-3 4.41264E-3 4.41264E-3 6.84608E-3 6.163E-3 6.163E-3 5.80718E-3 7.61809E-3 7.31062E-3 9.33762E-3 7.80337E-3 7.95961E-3 3.40517E-3 9.29858E-3 9.29858E-3 7.21506E-3 6.48051E-3 5.71459E-3 3.74547E-3 1.99999E-3 2.0888E-3 1.6071E-3 1.68039E-3 1.95731E-3 6.48051E-3 4.70297E-3 8.70851E-3 2.2766E-3 1.83569E-3 2.04431E-3 2.2766E-3 1.57639E-3 1.75656E-3 5.83054E-3 4.90761E-3 1.48011E-3 1.48011E-3 1.19541E-3 1.19337E-3 1.07338E-3 5.69406E-3 7.33202E-3 5.94554E-3 8.70851E-3 6.77395E-3 2.2805E-3 6.53916E-3 5.47066E-3 1.33358E-3 1.19745E-3 1.02415E-3 1.48265E-3 1.48265E-3 1.48517E-3 1.84197E-3 2.28438E-3
2.07829E-3 3.21753E-3 4.2251E-3 4.2251E-3 3.50873E-3 3.50873E-3 4.2251E-3 2.59087E-3 4.49531E-3 4.49531E-3 5.54789E-3 7.14058E-3 6.163E-3 5.55775E-3 8.17611E-3 9.39841E-3 6.85825E-3 7.31715E-3 8.13451E-3 5.56812E-3 2.94287E-3 2.2766E-3 1.08652E-2 9.95439E-3 2.70778E-3 1.95731E-3 5.23657E-3 1.57639E-3 4.69488E-3 2.64419E-3 6.07717E-3 5.69406E-3 8.70851E-3 2.64419E-3 3.87939E-3 2.37579E-3 1.48011E-3 1.92119E-3 1.64835E-3 2.04431E-3 5.17231E-3 5.12866E-3 1.55083E-3 5.69406E-3 4.13881E-3 5.33971E-3 6.59686E-3 7.9076E-3 7.08078E-3 2.37989E-3 1.83884E-3 1.65398E-3 4.23085E-3 3.1429E-3 1.19541E-3 3.57293E-3 1.1266E-3 1.72611E-3 2.37989E-3 1.72907E-3 4.821E-3 8.98808E-3
3.08626E-3 4.90319E-3 3.8052E-3 3.81202E-3 3.09179E-3 4.50551E-3 3.65867E-3 3.8052E-3 3.4331E-3 3.81202E-3 5.21796E-3 7.14058E-3 6.85496E-3 8.48122E-3 6.85825E-3 5.56758E-3 8.11576E-3 8.17611E-3 5.43203E-3 2.87401E-3 6.59686E-3 6.32152E-3 8.70851E-3 2.2766E-3 1.83884E-3 5.46126E-3 7.04236E-3 2.47864E-3 6.33254E-3 7.04236E-3 6.33254E-3 7.54086E-3 3.41112E-3 2.48295E-3 6.33254E-3 6.33254E-3 2.23217E-3 5.12866E-3 2.13461E-3 1.92119E-3 1.72611E-3 5.61182E-3 2.00669E-3 5.12866E-3 5.34902E-3 7.89376E-3 9.07185E-3 6.34351E-3 2.14195E-3 1.92448E-3 3.1429E-3 1.39572E-3 1.72907E-3 1.55349E-3 1.55083E-3 3.73398E-3 4.33666E-3 3.81053E-3 1.62451E-3 2.23602E-3 2.28438E-3 1.44782E-3
3.29685E-3 3.08626E-3 3.98175E-3 3.81202E-3 3.09179E-3 3.98175E-3 3.65867E-3 4.23772E-3 4.41857E-3 4.90319E-3 6.69877E-3 7.14058E-3 7.92707E-3 6.44331E-3 1.96535E-3 5.80361E-3 8.49638E-3 7.61809E-3 1.08424E-2 1.88155E-3 8.81542E-3 8.47669E-3 2.87401E-3 1.72314E-3 2.00669E-3 6.60836E-3 9.41499E-3 1.04566E-2 3.19496E-3 5.21564E-3 6.59686E-3 1.04749E-2 2.47864E-3 2.00321E-3 5.34902E-3 7.33202E-3 2.58978E-3 2.87903E-3 2.48295E-3 5.11979E-3 2.00669E-3 4.61129E-3 7.64492E-3 1.69539E-3 7.64492E-3 3.20054E-3 2.23217E-3 1.80708E-3 1.55083E-3 1.72611E-3 4.61923E-3 1.80708E-3 1.80708E-3 1.62451E-3 4.14599E-3 4.82055E-3 4.82055E-3 5.58708E-3 1.88811E-3 2.88403E-3 2.49149E-3 2.09933E-3
4.41857E-3 3.58804E-3 4.90319E-3 1.34718E-3 1.09434E-3 3.4331E-3 3.36908E-3 3.82093E-3 4.23772E-3 5.68188E-3 5.45056E-3 4.70799E-3 4.70799E-3 5.80361E-3 7.44583E-3 7.60578E-3 7.94115E-3 9.16521E-3 1.08617E-2 7.60578E-3 7.75176E-3 8.43161E-3 8.49638E-3 7.15327E-3 2.99511E-3 3.00037E-3 8.83097E-3 8.29294E-3 8.83097E-3 3.32766E-3 2.70048E-3 6.87036E-3 4.88969E-3 2.32549E-3 2.32549E-3 8.47669E-3 2.70048E-3 2.70048E-3 2.09544E-3 2.58978E-3 2.32955E-3 2.09544E-3 8.49155E-3 9.80272E-3 1.08808E-2 7.65824E-3 2.58978E-3 2.09908E-3 2.09908E-3 1.80397E-3 2.09908E-3 2.33359E-3 4.61129E-3 5.35829E-3 4.82055E-3 5.58708E-3 5.0293E-3 4.52708E-3 7.19098E-3 8.50634E-3 7.37016E-3 1.8018E-3
3.98175E-3 3.23899E-3 3.98175E-3 3.98175E-3 2.30663E-3 2.62989E-3 3.98175E-3 3.58804E-3 3.52052E-3 6.56285E-3 4.90319E-3 1.93401E-3 5.46025E-3 7.44583E-3 5.8012E-3 6.71075E-3 7.15327E-3 1.01858E-2 6.44331E-3 7.9108E-3 3.47107E-3 2.09179E-3 5.81386E-3 8.81117E-3 3.256E-3 6.72268E-3 7.15327E-3 7.45906E-3 1.01858E-2 6.44331E-3 6.44331E-3 6.45469E-3 9.18148E-3 3.12599E-3 2.1837E-3 6.45469E-3 6.45469E-3 2.81517E-3 2.43053E-3 2.43053E-3 6.45469E-3 2.18754E-3 2.43053E-3 9.80272E-3 6.88241E-3 2.7052E-3 2.19136E-3 2.19136E-3 5.0293E-3 2.09544E-3 5.0293E-3 2.33359E-3 2.09908E-3 4.33666E-3 5.35829E-3 6.89441E-3 7.17847E-3 7.96912E-3 7.17847E-3 1.46037E-3 2.49149E-3 5.08467E-4
