day_2/Results/Podomys_floridanus/projections/PaleoClim/-4000/RUN_1.asc
ncols         385
nrows         252
xllcorner     -91.50013924285
yllcorner     25.49986064915003
cellsize      0.041666666500000005
NODATA_value  -9999
[rows 56 to 83 of 252, columns 248 to 309 of 385]
7.56748E-3 1.8461E-3 2.21204E-3 6.45168E-3 1.69426E-3 1.67165E-3 2.36676E-3 2.1991E-3 2.03593E-3 2.45038E-3 2.32836E-3 2.54405E-3 2.44615E-3 2.66605E-3 2.93168E-3 3.24649E-3 2.64926E-3 2.86979E-3 2.94616E-3 2.73905E-3 6.33373E-3 2.45674E-3 2.69124E-3 2.37312E-3 2.41846E-3 7.46006E-3 7.06762E-3 7.76349E-3 7.48281E-3 1.00205E-2 8.7242E-3 9.5395E-3 1.03949E-2 1.19077E-2 1.14456E-2 1.25047E-2 1.20596E-2 1.27135E-2 1.30193E-2 1.45666E-2 1.53441E-2 1.58148E-2 1.5557E-2 1.46984E-2 1.46468E-2 7.33506E-3 7.74655E-3 7.36611E-3 1.47656E-2 7.39515E-3 7.15315E-3 6.32024E-3 6.02804E-3 7.38599E-3 1.20127E-2 -9999 -9999 -9999 -9999 -9999 -9999 -9999
2.42522E-3 2.44739E-3 2.41533E-3 7.04888E-3 2.04411E-3 2.02981E-3 2.44543E-3 2.46405E-3 1.75018E-3 2.47904E-3 2.36099E-3 2.6078E-3 2.6743E-3 2.70244E-3 2.7311E-3 3.57061E-3 3.11897E-3 3.00491E-3 3.01369E-3 2.86996E-3 2.87757E-3 7.2397E-3 2.79979E-3 8.56784E-3 8.16371E-3 8.5869E-3 7.79953E-3 8.02696E-3 1.02863E-2 1.05958E-2 1.00347E-2 1.06735E-2 1.16678E-2 1.24904E-2 1.29276E-2 1.24582E-2 1.30772E-2 1.44225E-2 1.40548E-2 1.45055E-2 1.5142E-2 1.54453E-2 7.51954E-3 6.51745E-3 1.62598E-2 1.49403E-2 1.22406E-2 7.94238E-3 8.13993E-3 7.46079E-3 6.44145E-3 6.24638E-3 6.74992E-3 1.97098E-2 -9999 -9999 -9999 -9999 -9999 -9999 -9999 -9999
2.198E-3 2.24268E-3 2.23023E-3 2.29447E-3 2.26889E-3 2.451E-3 2.24325E-3 7.29335E-3 2.11986E-3 2.61722E-3 2.81542E-3 2.91759E-3 2.51071E-3 2.53168E-3 2.75311E-3 2.84499E-3 3.13204E-3 3.02381E-3 2.85696E-3 2.92839E-3 3.25871E-3 3.34992E-3 3.17693E-3 7.96715E-3 8.70849E-3 9.65197E-3 1.08752E-2 1.11862E-2 1.05714E-2 1.03775E-2 1.07279E-2 1.17811E-2 1.159E-2 1.27116E-2 1.43423E-2 1.49675E-2 1.5625E-2 1.5179E-2 1.57567E-2 1.5557E-2 1.486E-2 1.1636E-2 1.58865E-2 1.6713E-2 6.62966E-3 1.56489E-2 8.17081E-3 7.80072E-3 7.68463E-3 6.98871E-3 6.34718E-3 1.70633E-2 1.92168E-2 -9999 -9999 -9999 -9999 -9999 -9999 -9999 -9999 -9999
2.11986E-3 2.07794E-3 1.93006E-3 2.05392E-3 2.31099E-3 2.47191E-3 2.37315E-3 1.98669E-3 2.44241E-3 2.67018E-3 2.8723E-3 2.94995E-3 2.76408E-3 2.63272E-3 2.63685E-3 2.67101E-3 3.03496E-3 3.34285E-3 2.96533E-3 3.00738E-3 3.0665E-3 3.15709E-3 3.50874E-3 8.91031E-3 3.79078E-3 3.65542E-3 3.77557E-3 1.03914E-2 1.21415E-2 1.1526E-2 1.22303E-2 1.26125E-2 1.31105E-2 1.45012E-2 1.40776E-2 1.3915E-2 1.50896E-2 1.6845E-2 1.68779E-2 1.52328E-2 1.59932E-2 1.63296E-2 1.18638E-2 1.53472E-2 7.97232E-3 6.88226E-3 7.99162E-3 7.61414E-3 7.23872E-3 1.72068E-2 1.79675E-2 1.77936E-2 -9999 -9999 -9999 -9999 -9999 -9999 -9999 -9999 -9999 -9999
2.53425E-3 2.33581E-3 2.53381E-3 2.15248E-3 1.97352E-3 2.1274E-3 2.55608E-3 2.46908E-3 2.48099E-3 2.72237E-3 2.71533E-3 2.80155E-3 2.82503E-3 2.93255E-3 2.69925E-3 2.78185E-3 2.83197E-3 3.17369E-3 3.245E-3 3.12127E-3 3.21424E-3 3.5374E-3 3.66835E-3 3.48303E-3 3.90602E-3 3.75454E-3 1.03044E-2 4.05209E-3 1.11094E-2 1.25753E-2 1.34617E-2 1.42455E-2 1.47519E-2 1.42514E-2 1.50432E-2 1.55897E-2 1.58373E-2 1.56754E-2 1.74127E-2 1.814E-2 1.76804E-2 1.2233E-2 8.28936E-3 8.21735E-3 8.37562E-3 8.71696E-3 5.82886E-3 6.04604E-3 1.74236E-2 1.69149E-2 6.10748E-3 -9999 -9999 -9999 -9999 -9999 -9999 -9999 -9999 -9999 -9999 -9999
1.15861E-2 2.58991E-3 2.40782E-3 1.05342E-2 2.24117E-3 2.42689E-3 2.46148E-3 2.5082E-3 2.69861E-3 2.52383E-3 2.59724E-3 2.61492E-3 2.88264E-3 2.9813E-3 3.02468E-3 3.40228E-3 2.93309E-3 3.23443E-3 3.24746E-3 3.17612E-3 3.25344E-3 3.63419E-3 3.75341E-3 3.55497E-3 3.77136E-3 9.55557E-3 1.1051E-2 1.26571E-2 1.29145E-2 1.19857E-2 4.67875E-3 1.70053E-2 1.66868E-2 1.63903E-2 1.58431E-2 1.63398E-2 1.7057E-2 1.79375E-2 1.59553E-2 1.58765E-2 1.51042E-2 8.49278E-3 8.84646E-3 8.57118E-3 7.04256E-3 5.98709E-3 1.84597E-2 1.79094E-2 1.88129E-2 2.06489E-2 -9999 -9999 -9999 -9999 -9999 -9999 -9999 -9999 -9999 -9999 -9999 -9999
2.82219E-3 1.24243E-2 1.16264E-2 2.63149E-3 2.46476E-3 2.47045E-3 2.52682E-3 2.778E-3 2.79881E-3 2.61902E-3 2.87961E-3 2.89937E-3 2.9912E-3 3.51799E-3 3.40046E-3 3.49614E-3 3.29427E-3 3.07476E-3 3.40681E-3 3.24606E-3 3.63619E-3 3.47346E-3 3.54513E-3 3.75245E-3 1.03449E-2 1.19583E-2 1.36981E-2 1.54251E-2 1.48916E-2 1.57216E-2 1.48227E-2 1.79862E-2 1.38679E-2 1.96065E-2 1.78244E-2 1.84231E-2 1.80577E-2 1.76586E-2 1.70276E-2 1.66638E-2 1.76775E-2 1.3385E-2 9.28549E-3 9.19273E-3 1.93876E-2 7.59374E-3 1.82709E-2 1.697E-2 8.29821E-3 -9999 -9999 -9999 -9999 -9999 -9999 -9999 -9999 -9999 -9999 -9999 -9999 -9999
2.6388E-3 2.61991E-3 2.49137E-3 2.6716E-3 2.54934E-3 2.5808E-3 2.56736E-3 2.87961E-3 2.86322E-3 2.6696E-3 2.96879E-3 3.24962E-3 3.28625E-3 3.36434E-3 3.42588E-3 3.52728E-3 3.66108E-3 3.26342E-3 3.32896E-3 3.40877E-3 3.79143E-3 3.84392E-3 4.06957E-3 1.03507E-2 1.08495E-2 1.10413E-2 1.16291E-2 1.21669E-2 1.66089E-2 1.59084E-2 1.68662E-2 1.86518E-2 1.95945E-2 1.85835E-2 1.94253E-2 2.10158E-2 1.89119E-2 1.85961E-2 1.83434E-2 1.90196E-2 9.10574E-3 1.90198E-2 1.86905E-2 4.39067E-2 2.31225E-2 2.51088E-2 1.85244E-2 7.34541E-3 7.8898E-3 -9999 -9999 -9999 -9999 -9999 -9999 -9999 -9999 -9999 -9999 -9999 -9999 -9999
2.6568E-3 2.72388E-3 2.71684E-3 2.77221E-3 2.84948E-3 2.87961E-3 2.84032E-3 2.71636E-3 2.96392E-3 2.77008E-3 3.03023E-3 3.12555E-3 3.12889E-3 3.18951E-3 3.2713E-3 3.59093E-3 3.72901E-3 3.32714E-3 3.43001E-3 3.48448E-3 3.94082E-3 4.08095E-3 1.02117E-2 1.28709E-2 4.14012E-3 4.37361E-3 1.21319E-2 1.5251E-2 1.60389E-2 1.79119E-2 1.87924E-2 1.83763E-2 1.91583E-2 2.0973E-2 2.06594E-2 2.14571E-2 2.25043E-2 2.23759E-2 2.04148E-2 2.00331E-2 9.83425E-3 3.65409E-2 2.23062E-2 2.07436E-2 7.34636E-3 2.43481E-2 2.23036E-2 8.31546E-3 7.87859E-3 -9999 -9999 -9999 -9999 -9999 -9999 -9999 -9999 -9999 -9999 -9999 -9999 -9999
2.53693E-3 2.57273E-3 3.08147E-3 2.65281E-3 2.6682E-3 2.69485E-3 2.91306E-3 3.02221E-3 2.81645E-3 2.90192E-3 3.14229E-3 3.23702E-3 3.27659E-3 3.59872E-3 3.4371E-3 3.53201E-3 3.86586E-3 4.00491E-3 3.83538E-3 3.66386E-3 1.08639E-2 1.10483E-2 1.32563E-2 1.44913E-2 1.16424E-2 1.21179E-2 1.26355E-2 1.59457E-2 1.67732E-2 1.88484E-2 2.07008E-2 2.02694E-2 1.99135E-2 2.22287E-2 2.17724E-2 2.12805E-2 2.09687E-2 2.17744E-2 2.24704E-2 2.21782E-2 5.24573E-2 2.60173E-2 2.1228E-2 2.10652E-2 7.80983E-3 1.0582E-2 1.01656E-2 9.34469E-3 -9999 -9999 -9999 -9999 -9999 -9999 -9999 -9999 -9999 -9999 -9999 -9999 -9999 -9999
2.74934E-3 2.65519E-3 2.66119E-3 2.69461E-3 2.72935E-3 3.006E-3 2.78379E-3 3.29869E-3 3.08755E-3 2.96074E-3 3.22576E-3 3.29959E-3 3.66902E-3 3.7433E-3 3.84275E-3 3.61809E-3 3.46329E-3 3.52977E-3 3.95227E-3 3.83296E-3 1.28277E-2 1.43357E-2 1.46485E-2 1.16959E-2 1.48148E-2 1.66848E-2 1.58709E-2 1.66644E-2 1.96838E-2 2.06885E-2 2.01719E-2 1.99498E-2 2.08149E-2 2.40241E-2 2.47428E-2 2.39977E-2 2.32578E-2 2.27364E-2 5.46172E-2 4.75895E-2 5.28436E-2 5.36067E-2 2.70087E-2 2.21593E-2 7.94656E-3 9.07861E-3 9.98444E-3 2.71432E-2 -9999 -9999 -9999 -9999 -9999 -9999 -9999 -9999 -9999 -9999 -9999 -9999 -9999 -9999
2.67804E-3 2.72025E-3 2.70773E-3 2.80453E-3 2.99525E-3 2.90599E-3 3.09713E-3 3.09217E-3 3.17069E-3 3.55418E-3 3.4174E-3 3.38112E-3 3.73921E-3 3.88506E-3 3.64006E-3 3.72955E-3 3.5632E-3 3.98106E-3 4.14791E-3 1.28709E-2 4.14485E-3 1.48784E-2 1.52264E-2 1.47637E-2 1.27166E-2 1.76572E-2 1.80654E-2 1.85112E-2 1.82636E-2 2.03157E-2 2.13808E-2 2.22877E-2 2.34655E-2 2.40931E-2 2.33812E-2 2.68595E-2 2.61965E-2 5.82702E-2 5.71173E-2 5.58088E-2 5.53183E-2 2.65146E-2 6.12731E-2 6.56408E-2 3.44235E-2 3.56086E-2 3.06467E-2 3.00568E-2 -9999 -9999 -9999 -9999 -9999 -9999 -9999 -9999 -9999 -9999 -9999 -9999 -9999 -9999
2.70321E-3 3.01079E-3 2.80007E-3 2.84833E-3 2.85899E-3 3.19466E-3 3.21833E-3 3.07807E-3 3.34499E-3 3.36101E-3 4.01434E-3 4.08607E-3 3.93671E-3 3.75861E-3 4.08158E-3 3.9258E-3 1.07241E-2 1.25754E-2 1.14325E-2 1.10225E-2 1.12619E-2 1.5666E-2 1.61164E-2 1.54299E-2 1.65501E-2 1.70024E-2 1.76302E-2 1.71377E-2 1.88864E-2 2.17061E-2 2.24388E-2 2.44803E-2 2.73603E-2 2.54578E-2 2.42496E-2 2.78704E-2 6.58464E-2 6.56951E-2 6.38425E-2 6.25091E-2 2.92338E-2 2.58825E-2 2.81955E-2 3.644E-2 3.59208E-2 3.1386E-2 3.23806E-2 3.08861E-2 -9999 -9999 -9999 -9999 -9999 -9999 -9999 -9999 -9999 -9999 -9999 -9999 -9999 -9999
2.9906E-3 3.08887E-3 3.09878E-3 3.11205E-3 3.20623E-3 3.51074E-3 3.0742E-3 3.16098E-3 3.4865E-3 3.59037E-3 3.59037E-3 3.91726E-3 4.06578E-3 4.21394E-3 3.93019E-3 4.05945E-3 1.36425E-2 1.31794E-2 1.34911E-2 1.14711E-2 1.56841E-2 1.63256E-2 1.69052E-2 1.63038E-2 1.73348E-2 1.89002E-2 1.96942E-2 1.78254E-2 1.8629E-2 2.3868E-2 2.53343E-2 2.7292E-2 2.65275E-2 2.61491E-2 2.54821E-2 7.1328E-2 6.83925E-2 6.77791E-2 6.64892E-2 6.6341E-2 3.7111E-2 5.30723E-2 6.9571E-2 3.65758E-2 3.56486E-2 3.19121E-2 -9999 -9999 -9999 -9999 -9999 -9999 -9999 -9999 -9999 -9999 -9999 -9999 -9999 -9999 -9999 -9999
3.10595E-3 2.89683E-3 3.20795E-3 3.2547E-3 3.36466E-3 3.13878E-3 3.44175E-3 8.7056E-3 3.55982E-3 3.66418E-3 4.0608E-3 3.81748E-3 3.91486E-3 4.31617E-3 4.08005E-3 4.50313E-3 4.73631E-3 1.20575E-2 1.15708E-2 1.57873E-2 1.62788E-2 1.69745E-2 1.52179E-2 1.6148E-2 1.65843E-2 2.01547E-2 2.06805E-2 2.14108E-2 2.21878E-2 2.12009E-2 2.73146E-2 2.65611E-2 2.62703E-2 6.53255E-2 6.52409E-2 7.37926E-2 7.5963E-2 7.56504E-2 7.33502E-2 8.05475E-2 7.95402E-2 7.38209E-2 7.22239E-2 3.58701E-2 -9999 -9999 -9999 -9999 -9999 -9999 -9999 -9999 -9999 -9999 -9999 -9999 -9999 -9999 -9999 -9999 -9999 -9999
2.71119E-3 2.97112E-3 3.08478E-3 3.38713E-3 3.19842E-3 3.52498E-3 3.93671E-3 3.9737E-3 3.7942E-3 3.74522E-3 3.84133E-3 3.95883E-3 1.08256E-2 1.02007E-2 1.3787E-2 1.17E-2 1.12233E-2 1.25111E-2 1.58891E-2 1.57336E-2 1.39258E-2 1.5502E-2 1.49309E-2 1.58719E-2 1.90273E-2 1.90731E-2 2.15561E-2 2.2353E-2 2.30383E-2 8.46291E-3 2.71237E-2 2.73393E-2 6.56547E-2 6.78338E-2 6.77421E-2 6.91034E-2 7.82567E-2 7.79245E-2 8.53373E-2 8.37687E-2 7.9319E-2 7.68873E-2 7.61434E-2 3.70875E-2 -9999 -9999 -9999 -9999 -9999 -9999 -9999 -9999 -9999 -9999 -9999 -9999 -9999 -9999 -9999 -9999 -9999 -9999
3.06817E-3 3.3658E-3 3.41017E-3 3.27727E-3 9.44989E-3 3.61688E-3 3.69571E-3 3.8302E-3 9.49944E-3 1.05282E-2 1.08378E-2 1.09845E-2 4.23484E-3 1.31201E-2 1.18552E-2 1.23817E-2 1.42679E-2 1.21209E-2 1.65723E-2 1.63999E-2 1.66394E-2 1.7268E-2 1.72928E-2 2.02637E-2 2.10477E-2 2.17005E-2 2.26975E-2 2.48757E-2 2.11804E-2 8.70073E-3 9.14727E-3 6.66818E-2 6.80484E-2 7.51296E-2 7.85372E-2 7.16812E-2 8.09858E-2 8.20979E-2 8.82982E-2 -9999 8.01352E-2 -9999 -9999 -9999 -9999 -9999 -9999 -9999 -9999 -9999 -9999 -9999 -9999 -9999 -9999 -9999 -9999 -9999 -9999 -9999 -9999 -9999
3.11717E-3 3.13939E-3 3.50584E-3 3.57147E-3 3.71909E-3 9.21153E-3 9.47302E-3 1.03977E-2 1.20743E-2 1.21379E-2 4.56995E-3 1.15864E-2 1.43925E-2 1.30795E-2 5.08199E-3 1.28818E-2 1.49756E-2 1.56991E-2 1.3386E-2 1.80714E-2 1.76629E-2 1.82484E-2 1.89992E-2 1.99531E-2 2.03438E-2 2.10702E-2 2.19871E-2 1.98162E-2 2.18205E-2 9.12965E-3 5.74469E-2 7.34698E-2 6.53441E-2 2.693E-2 7.60697E-2 8.02988E-2 8.20446E-2 9.43014E-2 9.07798E-2 -9999 -9999 -9999 -9999 -9999 -9999 -9999 -9999 -9999 -9999 -9999 -9999 -9999 -9999 -9999 -9999 -9999 -9999 -9999 -9999 -9999 -9999 -9999
3.00435E-3 8.24908E-3 8.30817E-3 3.43413E-3 3.76193E-3 9.65068E-3 9.92072E-3 1.24063E-2 1.25846E-2 1.28322E-2 1.30844E-2 1.299E-2 1.49553E-2 5.09345E-3 1.30427E-2 1.34185E-2 1.58402E-2 1.44797E-2 1.70432E-2 1.65185E-2 1.7103E-2 1.81138E-2 1.96733E-2 2.07398E-2 2.144E-2 1.77986E-2 2.29115E-2 2.51535E-2 2.41645E-2 2.48221E-2 2.52017E-2 2.62898E-2 6.70052E-2 7.59717E-2 8.4231E-2 7.13644E-2 8.56683E-2 9.11394E-2 9.30224E-2 -9999 -9999 -9999 -9999 -9999 -9999 -9999 -9999 -9999 -9999 -9999 -9999 -9999 -9999 -9999 -9999 -9999 -9999 -9999 -9999 -9999 -9999 -9999
3.63349E-3 3.69238E-3 1.04251E-2 1.15618E-2 1.16911E-2 4.02254E-3 1.11203E-2 1.37933E-2 1.43223E-2 1.35061E-2 1.39991E-2 1.35598E-2 1.56045E-2 1.6047E-2 1.3589E-2 1.30539E-2 1.80607E-2 1.71144E-2 1.80226E-2 1.8381E-2 1.80588E-2 1.88111E-2 2.08523E-2 1.76081E-2 2.43943E-2 2.28106E-2 8.38116E-3 5.59432E-2 2.35525E-2 2.53782E-2 2.61527E-2 2.60237E-2 6.55679E-2 7.67196E-2 7.5827E-2 8.98675E-2 8.6408E-2 -9999 -9999 -9999 -9999 -9999 -9999 -9999 -9999 -9999 -9999 -9999 -9999 -9999 -9999 -9999 -9999 -9999 -9999 -9999 -9999 -9999 -9999 -9999 -9999 -9999
3.15676E-3 3.53189E-3 3.62016E-3 9.91702E-3 1.25597E-2 1.26724E-2 4.62881E-3 1.36604E-2 1.49167E-2 1.421E-2 1.66609E-2 1.41811E-2 1.65775E-2 1.39955E-2 1.40856E-2 1.38655E-2 1.76206E-2 1.57117E-2 1.88041E-2 1.83418E-2 2.00684E-2 2.07237E-2 2.18852E-2 1.81084E-2 7.58001E-3 2.11169E-2 5.57316E-2 2.18979E-2 2.53288E-2 2.61983E-2 2.75829E-2 7.02727E-2 3.10857E-2 3.06181E-2 7.67221E-2 -9999 -9999 -9999 -9999 -9999 -9999 -9999 -9999 -9999 -9999 -9999 -9999 -9999 -9999 -9999 -9999 -9999 -9999 -9999 -9999 -9999 -9999 -9999 -9999 -9999 -9999 -9999
8.93081E-3 9.80813E-3 1.08992E-2 1.02953E-2 1.38244E-2 1.41847E-2 1.35888E-2 1.62624E-2 1.45362E-2 1.70608E-2 1.7479E-2 1.66721E-2 1.40604E-2 1.35424E-2 5.18281E-3 1.56017E-2 1.95995E-2 1.66799E-2 1.95534E-2 2.04235E-2 1.98286E-2 2.05918E-2 2.27748E-2 2.05596E-2 7.33722E-3 1.99958E-2 2.16164E-2 2.53562E-2 2.61294E-2 2.67355E-2 2.93242E-2 3.0858E-2 3.1481E-2 3.25024E-2 -9999 -9999 -9999 -9999 -9999 -9999 -9999 -9999 -9999 -9999 -9999 -9999 -9999 -9999 -9999 -9999 -9999 -9999 -9999 -9999 -9999 -9999 -9999 -9999 -9999 -9999 -9999 -9999
9.81914E-3 1.08748E-2 1.35619E-2 1.3888E-2 1.17068E-2 1.52078E-2 1.42297E-2 1.37801E-2 1.64452E-2 1.75404E-2 1.71397E-2 1.62449E-2 1.66351E-2 1.87086E-2 1.56359E-2 1.61921E-2 1.70925E-2 1.72015E-2 2.07494E-2 2.0026E-2 2.10151E-2 2.47846E-2 1.93545E-2 2.10987E-2 1.92919E-2 5.44982E-2 2.17839E-2 2.47271E-2 2.59549E-2 2.81925E-2 3.2374E-2 3.24298E-2 -9999 -9999 -9999 -9999 -9999 -9999 -9999 -9999 -9999 -9999 -9999 -9999 -9999 -9999 -9999 -9999 -9999 -9999 -9999 -9999 -9999 -9999 -9999 -9999 -9999 -9999 -9999 -9999 -9999 -9999
4.17188E-3 3.97599E-3 1.06353E-2 1.42064E-2 1.14655E-2 1.5413E-2 1.57864E-2 1.50038E-2 1.67408E-2 1.69013E-2 1.45887E-2 1.47473E-2 1.88019E-2 1.83367E-2 1.89301E-2 6.39732E-3 1.75848E-2 6.31784E-3 1.95444E-2 2.26609E-2 2.0389E-2 2.15962E-2 1.87247E-2 5.45525E-2 5.24182E-2 2.18431E-2 2.41561E-2 2.60391E-2 3.00124E-2 3.28247E-2 3.30852E-2 -9999 -9999 -9999 -9999 -9999 -9999 -9999 -9999 -9999 -9999 -9999 -9999 -9999 -9999 -9999 -9999 -9999 -9999 -9999 -9999 -9999 -9999 -9999 -9999 -9999 -9999 -9999 -9999 -9999 -9999 -9999
1.29829E-2 1.33907E-2 1.46112E-2 1.39682E-2 1.24753E-2 1.61586E-2 1.63968E-2 1.71598E-2 1.6322E-2 1.81401E-2 1.86003E-2 1.44199E-2 1.83869E-2 2.04611E-2 1.73078E-2 1.89348E-2 6.88802E-3 7.23595E-3 7.53185E-3 7.8701E-3 1.98801E-2 1.84781E-2 5.2638E-2 5.81185E-2 2.22372E-2 5.97364E-2 2.61881E-2 2.99723E-2 3.11652E-2 3.15122E-2 3.36284E-2 -9999 -9999 -9999 -9999 -9999 -9999 -9999 -9999 -9999 -9999 -9999 -9999 -9999 -9999 -9999 -9999 -9999 -9999 -9999 -9999 -9999 -9999 -9999 -9999 -9999 -9999 -9999 -9999 -9999 -9999 -9999
1.35345E-2 1.47623E-2 1.5219E-2 1.46656E-2 1.50881E-2 1.46771E-2 1.71227E-2 1.74255E-2 1.71866E-2 1.88471E-2 1.92662E-2 1.49739E-2 6.216E-3 1.77044E-2 1.95767E-2 1.76465E-2 1.81566E-2 7.17679E-3 7.32632E-3 1.79357E-2 1.9399E-2 2.03718E-2 2.22313E-2 6.02421E-2 2.29191E-2 2.51748E-2 2.72972E-2 2.97503E-2 2.98935E-2 -9999 -9999 -9999 -9999 -9999 -9999 -9999 -9999 -9999 -9999 -9999 -9999 -9999 -9999 -9999 -9999 -9999 -9999 -9999 -9999 -9999 -9999 -9999 -9999 -9999 -9999 -9999 -9999 -9999 -9999 -9999 -9999 -9999
1.24036E-2 1.52161E-2 1.57773E-2 1.5187E-2 1.67999E-2 1.48806E-2 1.56427E-2 1.80951E-2 1.75268E-2 1.79536E-2 1.88399E-2 1.55317E-2 6.13525E-3 6.3344E-3 1.92531E-2 6.90453E-3 1.80147E-2 1.86857E-2 1.81082E-2 5.54372E-2 4.79336E-2 6.01636E-2 2.3069E-2 2.42667E-2 2.22768E-2 -9999 -9999 -9999 -9999 -9999 -9999 -9999 -9999 -9999 -9999 -9999 -9999 -9999 -9999 -9999 -9999 -9999 -9999 -9999 -9999 -9999 -9999 -9999 -9999 -9999 -9999 -9999 -9999 -9999 -9999 -9999 -9999 -9999 -9999 -9999 -9999 -9999
1.45555E-2 1.58813E-2 1.74889E-2 1.69188E-2 1.73946E-2 1.66351E-2 1.83965E-2 6.27413E-3 1.83646E-2 1.53952E-2 5.95058E-3 6.14512E-3 6.88802E-3 7.10959E-3 7.01741E-3 7.29344E-3 7.0474E-3 1.79157E-2 1.88725E-2 1.95202E-2 6.01636E-2 5.72906E-2 2.36041E-2 -9999 -9999 -9999 -9999 -9999 -9999 -9999 -9999 -9999 -9999 -9999 -9999 -9999 -9999 -9999 -9999 -9999 -9999 -9999 -9999 -9999 -9999 -9999 -9999 -9999 -9999 -9999 -9999 -9999 -9999 -9999 -9999 -9999 -9999 -9999 -9999 -9999 -9999 -9999
