day_2/Results/Podomys_floridanus/projections/PaleoClim/-4000/RUN_2.asc
ncols         385
nrows         252
xllcorner     -91.50013924285
yllcorner     25.49986064915003
cellsize      0.041666666500000005
NODATA_value  -9999
[rows 28 to 55 of 252, columns 186 to 247 of 385]
3.03757E-6 2.40559E-7 5.78226E-7 1.49966E-5 3.09634E-5 1.37474E-4 9.34352E-7 3.06031E-5 3.1005E-6 6.54988E-5 4.83207E-5 1.02801E-4 2.69479E-6 1.54816E-5 5.5858E-6 2.47683E-5 1.17217E-4 1.29301E-4 1.10339E-4 1.73681E-4 2.55741E-4 1.3778E-4 5.41704E-5 1.23843E-4 3.44516E-4 2.08512E-4 2.20713E-4 2.13842E-4 3.18422E-4 1.15716E-3 1.74579E-3 3.43223E-4 1.57423E-3 1.6785E-3 1.48445E-3 1.78501E-3 1.04576E-3 1.49984E-3 2.35932E-3 1.69588E-3 9.03222E-4 1.45445E-3 1.50099E-3 1.87642E-3 1.77839E-3 1.77969E-3 3.09409E-3 4.50782E-3 4.48927E-3 1.92481E-3 3.67618E-3 4.31494E-3 3.20472E-3 5.7787E-3 7.65213E-3 3.50763E-3 6.45914E-4 2.16499E-3 1.40865E-3 4.80091E-3 5.09353E-3 6.44545E-4
1.76548E-5 1.10714E-6 9.41424E-6 2.83993E-4 2.95124E-5 6.74917E-6 1.50721E-6 8.09733E-6 6.75517E-6 6.64942E-5 3.3972E-5 6.47304E-6 1.97597E-5 2.7704E-5 2.12924E-5 2.40322E-4 2.11381E-4 2.16998E-4 1.96186E-4 2.80115E-4 2.88353E-4 1.50048E-4 1.24615E-4 2.62188E-4 2.88267E-4 2.83688E-4 3.42018E-4 4.182E-4 3.3366E-4 1.76377E-3 1.24422E-3 1.85374E-3 1.41655E-3 1.26377E-3 1.91616E-3 1.82233E-3 1.12924E-3 1.07271E-3 1.4378E-3 1.51255E-3 1.15991E-3 1.24447E-3 1.48851E-3 1.59308E-3 2.09645E-3 1.29625E-3 1.68504E-3 2.55048E-3 5.04728E-3 1.05709E-3 4.16153E-3 4.02524E-3 4.31896E-3 5.04759E-4 6.15255E-3 4.20153E-3 4.95957E-3 3.83495E-3 2.16141E-3 3.56131E-4 4.76581E-4 4.77555E-4
1.4114E-5 1.52803E-5 3.05855E-4 3.0096E-4 6.99492E-5 2.47505E-5 1.31E-6 2.63356E-6 7.88538E-6 4.60324E-5 1.59848E-5 1.84012E-5 3.9245E-5 2.31913E-4 2.1916E-4 3.43164E-4 3.93347E-4 2.32908E-4 3.05102E-4 3.17763E-4 2.48579E-4 4.11644E-4 4.70919E-4 2.53215E-4 4.55654E-4 3.27979E-4 1.351E-3 1.62609E-3 3.90039E-4 1.50074E-3 1.04576E-3 2.22573E-3 1.80305E-3 2.20616E-3 1.69672E-3 2.53868E-3 2.04756E-3 1.42784E-3 1.57726E-3 1.91493E-3 1.87922E-3 1.92449E-3 1.19117E-3 2.94123E-3 4.48927E-3 1.95245E-3 1.17667E-3 3.41393E-3 4.31572E-3 1.31109E-3 2.06466E-3 3.88297E-3 6.86294E-3 8.64945E-3 5.85409E-3 3.17036E-3 5.75381E-3 5.72979E-3 4.46555E-4 5.40233E-4 5.88323E-4 5.47434E-4
2.33374E-4 6.96251E-5 2.51259E-4 4.36175E-5 1.36532E-5 1.95219E-4 1.52385E-5 1.70267E-5 2.15913E-5 1.86215E-4 2.03009E-4 1.01738E-4 2.69531E-4 3.47435E-4 4.77231E-4 3.09589E-4 4.44533E-4 4.5313E-4 1.91549E-4 1.33068E-4 1.81264E-3 1.00641E-3 3.57078E-4 1.37309E-3 8.22636E-4 8.24078E-4 1.71469E-3 1.61962E-3 1.47663E-3 1.54507E-3 1.03708E-3 1.41225E-3 1.79534E-3 1.4186E-3 1.99886E-3 2.72383E-3 2.24737E-3 1.65367E-3 3.24479E-3 3.63001E-3 3.95284E-3 1.90474E-3 1.80236E-3 1.97317E-3 2.42445E-3 4.04511E-3 4.7765E-3 4.20574E-3 3.55351E-3 4.88149E-3 2.11706E-3 5.93117E-3 3.75811E-3 6.67065E-3 5.47813E-3 4.11453E-3 4.38723E-3 4.35998E-4 6.7037E-4 7.24077E-4 2.43099E-3 4.26101E-4
1.25368E-5 8.87635E-5 5.74325E-5 1.49298E-5 3.67528E-5 5.5969E-5 2.33921E-4 1.95242E-5 2.38822E-5 8.14477E-5 2.04142E-4 1.6884E-3 3.43669E-4 4.85809E-4 3.10524E-4 3.98761E-4 3.16403E-4 3.94833E-4 1.1929E-3 1.09182E-3 1.15441E-3 1.01095E-3 1.42161E-3 4.209E-4 1.71421E-3 1.4379E-3 2.03103E-3 1.97001E-3 2.33225E-3 1.46364E-3 2.37631E-3 1.68067E-3 1.97001E-3 3.18693E-3 2.19342E-3 3.58421E-3 2.83762E-3 1.54215E-3 1.90753E-3 2.44934E-3 2.8787E-3 3.18925E-3 3.76646E-3 1.66811E-3 1.43193E-3 4.2679E-3 3.6581E-3 3.64451E-3 5.51281E-3 4.35522E-3 3.21288E-3 2.94706E-3 2.96864E-3 6.56238E-3 5.861E-3 6.11099E-3 5.37296E-4 7.54153E-4 2.4825E-3 2.14459E-3 1.93344E-3 7.24811E-4
1.41422E-5 1.27069E-4 5.81891E-5 3.19952E-5 4.65017E-5 2.36443E-4 2.37267E-5 1.55448E-5 1.09339E-5 2.55598E-4 5.44559E-4 9.54993E-4 1.23636E-3 1.52867E-3 4.62551E-4 5.92001E-4 3.13282E-4 2.01678E-4 9.29566E-4 1.54779E-3 1.89355E-3 1.93568E-3 1.73087E-3 1.85595E-3 1.72572E-3 4.15993E-3 1.51079E-3 2.33687E-3 2.85061E-3 1.98465E-3 2.7007E-3 2.16078E-3 2.69859E-3 2.1517E-3 1.7432E-3 2.59277E-3 2.33363E-3 1.75243E-3 1.97513E-3 1.98578E-3 3.13031E-3 3.46761E-3 3.50515E-3 4.59893E-3 4.80255E-3 2.00391E-3 2.06604E-3 1.38501E-3 4.19882E-3 4.60482E-3 5.27971E-3 4.48162E-3 2.03668E-3 4.37992E-3 3.71485E-3 6.82661E-3 4.9663E-3 4.57281E-3 4.16957E-3 5.18949E-3 5.09702E-3 4.66677E-4
2.07394E-4 3.5396E-5 4.69986E-5 6.76548E-5 3.77909E-5 3.35015E-5 2.33724E-5 1.69371E-5 7.29624E-5 2.31392E-4 1.57109E-4 1.41174E-4 1.72191E-4 2.68683E-4 1.63241E-3 1.92337E-3 5.30016E-4 3.31971E-4 1.31132E-3 1.64716E-3 1.60329E-3 1.97466E-3 2.11249E-3 2.67782E-3 2.97906E-3 3.38945E-3 5.6692E-3 2.88445E-3 1.55446E-3 2.97541E-3 4.37833E-3 4.42824E-3 2.18466E-3 1.9159E-3 1.43263E-3 2.29511E-3 3.00268E-3 2.14869E-3 2.56716E-3 3.53953E-3 1.12339E-3 1.26401E-3 2.56506E-3 3.11549E-3 3.83467E-3 3.66534E-3 3.46831E-3 3.765E-3 3.47311E-3 5.04764E-4 2.46E-3 4.36229E-3 4.03543E-3 2.86505E-3 4.81338E-3 5.57957E-3 3.23868E-3 3.36556E-3 2.49864E-3 1.65785E-3 4.2489E-4 6.72685E-4
1.7196E-4 2.51491E-4 6.56697E-5 1.65362E-4 1.54157E-4 9.24802E-6 1.69959E-5 1.12284E-4 1.52334E-4 3.65775E-4 4.58555E-4 2.20666E-4 3.24086E-4 3.76452E-4 1.49377E-3 2.233E-3 1.99683E-3 6.19244E-4 1.69223E-3 2.31181E-3 2.09557E-3 2.2567E-3 1.91673E-3 2.82882E-3 5.47998E-3 5.74991E-3 3.17988E-3 4.1861E-3 1.89345E-3 2.53116E-3 4.99482E-3 3.36761E-3 3.3144E-3 2.54095E-3 2.684E-3 4.87218E-3 2.84976E-3 1.8749E-3 2.93538E-3 3.71362E-3 1.42154E-3 2.14562E-3 1.16389E-3 2.45132E-3 4.57671E-3 3.99053E-3 4.03441E-3 3.58401E-3 4.61487E-3 4.07354E-3 4.07354E-3 3.77985E-3 4.21008E-3 6.91371E-4 5.8407E-4 7.9075E-4 1.94457E-3 2.86414E-3 7.41094E-4 6.47013E-4 6.69355E-4 4.87745E-4
2.533E-5 1.71945E-4 5.53806E-5 5.0449E-5 2.17443E-5 7.88191E-5 1.16074E-3 2.37712E-4 1.10673E-3 4.80042E-4 3.75949E-4 5.00378E-4 6.29549E-4 3.44431E-4 1.16393E-3 1.37141E-3 2.02412E-3 1.47973E-3 3.11485E-3 2.82207E-3 2.22337E-3 1.94269E-3 2.03935E-3 3.24732E-3 4.85888E-3 1.97215E-3 3.0757E-3 5.27464E-3 1.75354E-3 2.66657E-3 1.91878E-3 1.67534E-3 4.46575E-3 4.35453E-3 2.8337E-3 1.68592E-3 2.08429E-3 2.02644E-3 3.01162E-3 2.39485E-3 2.63934E-3 1.79907E-3 2.28113E-3 2.25244E-3 2.79681E-3 4.03342E-3 4.85718E-3 4.30015E-3 5.14571E-3 4.88073E-3 4.69205E-3 5.41652E-3 4.72658E-3 4.98759E-4 4.77905E-3 5.01122E-3 2.76621E-3 2.7803E-3 2.95876E-3 8.48304E-4 9.75744E-4 7.64807E-4
1.70724E-4 2.95952E-4 1.49119E-4 2.52574E-5 3.40134E-4 1.59304E-3 3.20063E-4 3.74772E-4 1.55517E-3 1.79537E-3 4.45992E-4 4.46062E-4 1.50279E-3 2.27585E-3 5.40402E-4 4.94618E-4 2.03637E-3 2.03023E-3 1.41736E-3 3.643E-3 2.53633E-3 1.90731E-3 3.59015E-3 2.17246E-3 2.6101E-3 3.07405E-3 5.03951E-3 5.6323E-3 2.19566E-3 2.50156E-3 1.9721E-3 2.47513E-3 1.52159E-3 4.12458E-3 5.21687E-3 2.72948E-3 1.86336E-3 2.53234E-3 2.41159E-3 3.13684E-3 3.32913E-3 1.56395E-3 2.3315E-3 2.14789E-3 2.32445E-3 3.10562E-4 4.05873E-4 5.02927E-4 3.47491E-3 5.20067E-4 6.32349E-4 7.08583E-4 8.27672E-4 7.67625E-4 6.69851E-4 8.30092E-4 3.3119E-3 2.35695E-3 1.06695E-3 9.10342E-4 9.79914E-4 2.81882E-3
3.46227E-4 1.54737E-4 8.18207E-5 4.80869E-4 1.89207E-3 1.70663E-3 2.0264E-4 2.13802E-4 1.04138E-3 1.31575E-3 2.21727E-3 1.46325E-3 6.00327E-4 3.05616E-3 8.75668E-4 5.35267E-4 1.53234E-3 1.37141E-3 4.56408E-3 1.89609E-3 1.9278E-3 2.35815E-3 2.13764E-3 3.0557E-3 3.58551E-3 4.02402E-3 1.86906E-3 5.32087E-3 3.1283E-3 2.48726E-3 2.5094E-3 2.57887E-3 2.36222E-3 1.51417E-3 5.28864E-3 5.89229E-3 2.97645E-3 2.23197E-3 2.63597E-3 2.94712E-3 4.35151E-3 1.69741E-3 1.68793E-3 2.64821E-3 2.28877E-3 2.95281E-3 4.64165E-4 5.49046E-4 4.75721E-3 4.52852E-3 5.12309E-3 5.14187E-3 5.47506E-3 6.05206E-3 4.82089E-3 4.51489E-3 9.80286E-4 2.89891E-3 4.35952E-3 8.61064E-4 3.67791E-3 3.40465E-3
3.27663E-4 1.80871E-4 2.07762E-4 5.70704E-4 1.0728E-3 1.69465E-3 4.61499E-4 3.19485E-4 3.69613E-4 1.34994E-3 1.45992E-3 2.92745E-3 2.77471E-3 2.89619E-3 1.01632E-3 5.94894E-4 5.65672E-4 1.86437E-3 3.44697E-3 1.33242E-3 3.1098E-3 4.46959E-3 3.06178E-3 3.24066E-3 3.90115E-3 4.10444E-3 2.66225E-3 2.18066E-3 3.5276E-3 1.92334E-3 3.14728E-3 3.33004E-3 2.95487E-3 2.29116E-3 2.14562E-3 5.11253E-3 4.68447E-3 3.31974E-3 2.29443E-3 3.38217E-3 2.5524E-3 2.4444E-3 1.58618E-3 1.93005E-3 2.98222E-3 2.3936E-3 6.49901E-4 5.33682E-4 7.2324E-4 4.37485E-4 4.24103E-3 4.69205E-3 4.09718E-3 5.26118E-3 5.21765E-3 9.87755E-4 1.06106E-3 3.19426E-3 1.16823E-3 1.05199E-3 3.99437E-3 3.68549E-3
3.18925E-3 8.06641E-4 9.69321E-4 1.44793E-3 1.38802E-3 1.59316E-3 1.82516E-3 2.28678E-3 7.19413E-4 6.62097E-4 2.26831E-3 1.96894E-3 2.76157E-3 2.89408E-3 2.1912E-3 8.69855E-4 2.77204E-3 2.77175E-3 2.5871E-3 1.61995E-3 1.96551E-3 2.3793E-3 5.70179E-3 3.60406E-3 3.40898E-3 4.89715E-3 2.76081E-3 3.46983E-3 3.23569E-3 2.48048E-3 3.0582E-3 3.82811E-3 3.32752E-3 2.44972E-3 2.96944E-3 1.86498E-3 5.35524E-3 5.2351E-3 5.67725E-3 2.81487E-3 3.13901E-3 2.99295E-3 1.95661E-3 2.03817E-3 6.58038E-4 2.99257E-3 2.60381E-3 8.6111E-4 6.91127E-4 6.97048E-4 9.32843E-4 1.10787E-3 5.88525E-4 7.14358E-4 8.35334E-4 1.01931E-3 1.16339E-3 4.86567E-3 6.2353E-3 1.06451E-3 4.12516E-3 3.81352E-3
3.31679E-3 3.37214E-3 1.48309E-3 1.54857E-3 1.26306E-3 2.23431E-3 2.65498E-3 2.47401E-3 3.23977E-3 3.66952E-3 3.39148E-3 3.20253E-3 2.75729E-3 2.31112E-3 1.38087E-3 1.01977E-3 3.60152E-3 3.10882E-3 1.8719E-3 2.21758E-3 2.48761E-3 2.35508E-3 1.96582E-3 3.41555E-3 4.33409E-3 5.44684E-3 3.08053E-3 4.20493E-3 4.02712E-3 2.93288E-3 3.58508E-3 4.05088E-3 2.88969E-3 2.81382E-3 3.79668E-3 2.61968E-3 1.92019E-3 4.58678E-3 4.56093E-3 4.6741E-3 3.19274E-3 3.58146E-3 3.01627E-3 1.68345E-3 5.67491E-4 3.36684E-3 3.3493E-3 4.47158E-3 1.04534E-3 7.58775E-4 2.88502E-3 1.04358E-3 7.74845E-4 1.15974E-3 1.25079E-3 6.92894E-3 6.83993E-3 1.58309E-3 4.08517E-3 1.09236E-3 1.42348E-3 5.10684E-3
2.99838E-3 1.53187E-3 1.38405E-3 1.64135E-3 1.93434E-3 1.82239E-3 1.35402E-3 2.1315E-3 1.8334E-3 2.92745E-3 2.52374E-3 1.74169E-3 3.4249E-3 2.4049E-3 4.92948E-3 4.7046E-3 4.59443E-3 4.94538E-3 2.56854E-3 2.58097E-3 2.50294E-3 3.38307E-3 3.67048E-3 3.08114E-3 4.39504E-3 3.68914E-3 3.8889E-3 4.20269E-3 3.33449E-3 3.3155E-3 4.06691E-3 3.76646E-3 2.67761E-3 2.70608E-3 3.58418E-3 4.15102E-3 2.85192E-3 1.77244E-3 4.53599E-3 4.94986E-3 2.48542E-3 2.58844E-3 3.31467E-3 2.96029E-3 2.03927E-3 7.063E-4 3.59576E-3 3.45991E-3 5.39102E-3 6.85153E-4 8.67529E-4 5.71639E-3 1.25901E-3 9.13188E-4 5.65956E-3 6.87961E-3 6.38814E-3 6.44713E-3 1.34897E-3 1.58499E-3 1.48014E-3 5.98828E-3
2.81965E-3 1.14503E-3 2.67271E-3 5.56822E-4 4.40341E-4 2.28716E-3 2.06264E-3 4.77847E-4 2.24496E-3 2.24094E-3 2.69296E-3 2.2752E-3 1.72772E-3 2.70211E-3 3.1372E-3 3.80408E-3 4.21956E-3 6.32059E-3 3.67167E-3 3.49475E-3 3.24653E-3 2.51698E-3 2.77294E-3 3.53687E-3 4.59991E-3 3.78129E-3 3.76778E-3 4.32335E-3 4.22513E-3 4.31158E-3 5.16533E-3 3.97471E-3 2.90077E-3 3.72601E-3 4.32015E-3 3.66651E-3 3.12908E-3 2.21574E-3 1.90635E-3 5.02253E-3 5.18682E-3 2.79382E-3 2.87349E-3 3.50913E-3 2.95135E-3 3.41132E-3 3.73386E-3 4.02626E-3 3.8409E-3 3.5819E-3 3.61561E-3 3.86272E-3 5.34155E-3 1.13323E-3 9.8614E-4 1.52078E-3 1.59009E-3 1.07862E-3 1.58903E-3 1.47693E-3 1.45724E-3 1.65724E-3
1.76603E-3 1.05636E-3 1.64178E-3 5.88965E-4 2.11139E-3 1.39674E-3 3.1748E-3 9.02973E-4 3.70994E-3 3.22919E-3 2.8567E-3 2.26609E-3 2.28291E-3 2.7567E-3 2.20651E-3 3.04228E-3 5.11279E-3 4.96864E-3 8.73381E-3 7.04514E-3 3.54404E-3 4.29392E-3 3.30835E-3 3.20799E-3 4.03143E-3 5.26958E-3 4.64697E-3 4.45494E-3 4.48179E-3 4.76884E-3 4.60228E-3 4.08731E-3 2.79763E-3 3.64811E-3 4.92559E-3 4.3794E-3 3.19804E-3 3.58213E-3 2.69528E-3 2.72668E-3 3.44435E-3 3.29403E-3 3.45476E-3 2.9879E-3 4.06955E-3 2.74825E-3 3.33364E-3 2.95597E-3 4.60652E-3 8.11544E-4 1.1371E-3 4.58049E-3 9.06029E-3 1.99954E-3 1.42686E-3 1.54741E-3 1.32805E-3 1.32235E-3 1.19935E-3 1.12694E-3 1.28447E-3 1.48335E-3
1.92848E-3 1.44928E-3 9.89805E-4 1.5654E-3 2.83711E-3 3.27187E-3 2.65365E-3 3.49903E-3 2.32394E-3 4.21189E-3 3.47094E-3 2.28005E-3 3.18499E-3 3.23965E-3 4.81882E-3 2.79714E-3 3.92417E-3 5.36612E-3 5.22776E-3 4.9773E-3 7.99393E-3 5.97249E-3 3.42799E-3 4.1788E-3 4.26318E-3 3.95508E-3 5.05904E-3 3.92962E-3 4.13682E-3 5.5522E-3 5.21214E-3 5.19202E-3 3.77921E-3 3.33024E-3 5.24632E-3 3.97017E-3 3.21253E-3 4.21839E-3 2.97441E-3 2.61285E-3 2.84411E-3 3.13667E-3 3.45201E-3 3.06896E-3 4.43608E-3 3.00719E-3 3.05367E-3 3.7323E-3 3.61561E-3 9.07613E-4 1.05759E-3 1.35254E-3 5.90878E-3 1.36561E-3 1.53738E-3 1.54072E-3 1.67754E-3 1.67028E-3 1.35162E-3 1.65406E-3 1.23468E-3 1.40439E-3
1.2828E-3 1.39097E-3 1.37149E-3 2.2623E-3 2.37838E-3 2.56919E-3 1.59028E-3 2.24194E-3 2.57156E-3 5.02767E-3 4.68807E-3 2.95847E-3 3.5434E-3 4.25413E-3 4.56888E-3 3.60972E-3 3.60924E-3 4.85188E-3 6.6528E-3 6.54325E-3 5.85184E-3 4.69568E-3 5.45101E-3 5.8351E-3 3.99025E-3 4.84363E-3 4.91253E-3 4.70419E-3 3.59699E-3 3.95732E-3 6.08352E-3 6.63481E-3 3.62692E-3 3.81696E-3 5.22132E-3 4.74581E-3 3.77943E-3 4.77056E-3 2.81506E-3 2.94753E-3 3.63214E-3 2.82994E-3 3.05945E-3 3.82418E-3 3.35977E-3 3.74397E-3 4.26318E-3 1.21559E-3 5.23673E-3 5.66205E-3 5.67984E-3 5.74428E-3 5.33088E-3 1.33486E-3 1.52741E-3 1.65048E-3 1.75259E-3 1.74879E-3 1.89539E-3 1.76977E-3 1.6466E-3 2.20253E-3
4.10775E-3 2.48248E-3 2.74106E-3 1.81283E-3 1.5854E-3 3.42976E-3 2.91934E-3 2.51335E-3 4.05342E-3 7.13266E-3 5.05339E-3 2.90804E-3 3.08053E-3 4.24095E-3 3.87919E-3 4.72358E-3 5.38302E-3 4.61446E-3 4.52753E-3 7.21928E-3 6.73197E-3 5.82215E-3 6.63481E-3 6.76155E-3 6.62528E-3 6.34909E-3 6.34909E-3 6.87986E-3 6.22347E-3 4.50886E-3 4.84694E-3 6.23989E-3 4.14817E-3 5.19901E-3 5.08608E-3 3.5316E-3 4.0342E-3 4.59496E-3 3.31289E-3 4.7067E-3 4.53464E-3 3.73813E-3 3.21031E-3 3.71486E-3 3.77934E-3 4.39281E-3 4.19966E-3 1.32928E-3 5.55813E-3 5.3279E-3 4.33283E-3 5.00838E-3 5.59139E-3 4.6432E-3 1.53192E-3 1.73181E-3 1.50963E-3 1.715E-3 1.49678E-3 1.28069E-3 1.73402E-3 2.00713E-3
1.93939E-3 1.62175E-3 1.72018E-3 2.08734E-3 1.08358E-3 1.98979E-3 2.65702E-3 3.0038E-3 3.38728E-3 4.16038E-3 8.0273E-3 3.26663E-3 3.76754E-3 4.03293E-3 5.09686E-3 5.20578E-3 4.70534E-3 3.66442E-3 4.85847E-3 4.02626E-3 4.98661E-3 8.77822E-3 9.30259E-3 1.05634E-2 8.67765E-3 8.48728E-3 8.30107E-3 1.03379E-2 1.1077E-2 8.54209E-3 3.99583E-3 9.47563E-3 5.17754E-3 6.04393E-3 4.2872E-3 4.37047E-3 4.53341E-3 4.3911E-3 4.59194E-3 4.59915E-3 3.74223E-3 4.99593E-3 4.49005E-3 4.96007E-3 4.04603E-3 4.9693E-3 5.95718E-3 5.5756E-3 4.63219E-3 5.2098E-3 4.38584E-3 5.66328E-3 5.98789E-3 5.37721E-3 1.69154E-3 5.47866E-3 7.35371E-3 1.27211E-3 1.30926E-3 1.7792E-3 1.89236E-3 1.57312E-3
1.15008E-3 1.88088E-3 3.23936E-3 3.44873E-3 2.90228E-3 1.66663E-3 1.96141E-3 3.35433E-3 3.98909E-3 5.5324E-3 7.55303E-3 1.01412E-2 3.71772E-3 5.08098E-3 4.63356E-3 4.90382E-3 4.11915E-3 3.72648E-3 3.98E-3 4.7593E-3 5.49256E-3 8.94489E-3 9.37116E-3 5.0789E-3 3.76217E-3 4.01654E-3 6.57574E-3 8.22377E-3 9.08675E-3 1.13445E-2 5.01711E-3 6.77691E-3 9.34152E-3 6.0588E-3 3.75277E-3 5.10607E-3 5.02612E-3 5.06594E-3 4.75801E-3 3.89001E-3 5.13574E-3 5.20721E-3 5.65627E-3 5.79094E-3 5.3952E-3 4.78068E-3 4.87728E-3 5.97165E-3 5.68985E-3 5.02489E-3 6.85959E-3 5.98577E-3 5.86633E-3 7.41056E-3 1.16214E-3 2.41442E-3 1.35974E-3 1.69096E-3 1.99673E-3 2.1387E-3 2.02501E-3 2.39027E-3
1.55885E-3 1.32177E-3 1.88548E-3 2.74532E-3 4.77823E-3 3.50368E-3 2.24616E-3 2.64699E-3 3.69785E-3 5.81022E-3 5.46969E-3 6.7842E-3 1.05434E-2 4.93119E-3 4.41275E-3 4.41961E-3 5.24655E-3 5.93852E-3 6.4797E-3 9.3469E-3 1.09703E-2 4.57309E-3 5.93093E-3 4.55786E-3 3.35395E-3 4.35954E-3 7.5612E-3 6.60711E-3 8.45859E-3 6.92904E-3 1.00619E-2 1.01175E-2 8.74743E-3 1.03378E-2 5.81541E-3 4.62176E-3 5.95873E-3 5.00879E-3 4.77251E-3 5.04246E-3 6.08219E-3 1.03646E-2 6.66137E-3 5.82451E-3 5.7533E-3 5.12681E-3 4.9938E-3 5.91573E-3 5.49568E-3 5.78675E-3 5.91374E-3 5.24573E-3 9.8831E-3 2.65762E-3 1.74591E-3 2.74646E-3 3.13069E-3 1.79384E-3 1.75191E-3 1.93743E-3 2.2281E-3 2.17022E-3
2.00497E-3 1.79715E-3 1.46295E-3 2.15056E-3 2.78829E-3 4.66725E-3 6.66956E-3 5.12874E-3 2.57165E-3 3.84813E-3 6.44828E-3 7.89418E-3 8.16039E-3 1.37406E-2 4.16414E-3 5.78226E-3 5.73708E-3 5.8123E-3 6.30828E-3 1.01374E-2 6.77793E-3 4.47496E-3 1.05114E-2 6.09858E-3 3.72927E-3 4.16635E-3 4.54021E-3 8.24934E-3 7.71707E-3 4.67107E-3 7.82953E-3 9.02903E-3 9.14484E-3 1.00119E-2 9.84935E-3 7.74736E-3 9.04463E-3 8.88633E-3 5.91721E-3 1.04661E-2 1.05492E-2 6.21799E-3 6.14223E-3 5.75472E-3 5.71036E-3 5.99724E-3 5.00932E-3 4.57991E-3 7.46786E-3 5.29449E-3 5.68894E-3 1.10696E-2 1.87739E-3 2.07774E-3 2.08225E-3 7.49693E-3 2.00082E-3 2.23761E-3 2.57422E-3 1.90021E-3 2.0272E-3 1.59995E-3
3.14339E-3 2.52319E-3 1.8604E-3 2.11465E-3 2.32063E-3 2.86374E-3 5.54751E-3 7.08309E-3 4.92122E-3 3.72066E-3 6.32821E-3 9.61112E-3 9.76735E-3 1.38895E-2 4.61775E-3 5.0148E-3 5.0195E-3 5.63469E-3 6.32821E-3 6.32909E-3 4.74265E-3 4.88047E-3 4.95766E-3 4.6323E-3 5.69727E-3 5.76062E-3 8.32815E-3 8.39184E-3 4.16459E-3 8.54199E-3 8.53939E-3 8.84101E-3 8.472E-3 9.54483E-3 1.12004E-2 9.18491E-3 9.40439E-3 1.07576E-2 1.15442E-2 1.01335E-2 9.30621E-3 6.32873E-3 5.49419E-3 5.40474E-3 5.34148E-3 5.30267E-3 5.27043E-3 6.36574E-3 7.04848E-3 6.7729E-3 1.17259E-2 2.81053E-3 1.83893E-3 2.54899E-3 2.58263E-3 9.17673E-3 1.47137E-2 2.3828E-3 1.47137E-2 1.83282E-3 7.19213E-3 2.94967E-3
6.10178E-3 3.17906E-3 2.61497E-3 1.98481E-3 2.34235E-3 3.05282E-3 4.01883E-3 1.00203E-2 3.73716E-3 4.41516E-3 6.12289E-3 1.47236E-2 1.4785E-2 1.37781E-2 8.69742E-3 5.05533E-3 5.66686E-3 5.23335E-3 7.66796E-3 6.22607E-3 5.34577E-3 5.08371E-3 5.18848E-3 5.34045E-3 5.24696E-3 8.08042E-3 7.10045E-3 3.93573E-3 5.02054E-3 4.99682E-3 4.99682E-3 7.90434E-3 7.03979E-3 8.7891E-3 1.00669E-2 1.07783E-2 1.04257E-2 1.14675E-2 1.02539E-2 5.39004E-3 4.62353E-3 5.82739E-3 8.01391E-3 6.61694E-3 5.56126E-3 5.77387E-3 7.04765E-3 6.77465E-3 2.02334E-3 8.81341E-3 1.19323E-2 2.27692E-3 1.50157E-2 1.8494E-3 2.22568E-3 1.04051E-2 1.49425E-2 2.25465E-3 8.6739E-3 2.1651E-3 8.96634E-3 3.55221E-3
6.36947E-3 3.47737E-3 2.36062E-3 2.36413E-3 3.69643E-3 3.40141E-3 3.31688E-3 5.43877E-3 5.49754E-3 6.99674E-3 1.09887E-2 1.3866E-2 1.51297E-2 8.26334E-3 7.97086E-3 6.73555E-3 7.15817E-3 6.89071E-3 5.88681E-3 6.71614E-3 6.83756E-3 6.93131E-3 1.07659E-2 6.84796E-3 4.65264E-3 4.23884E-3 4.95755E-3 6.14552E-3 4.75081E-3 4.5959E-3 5.36139E-3 8.88711E-3 9.49418E-3 1.05426E-2 1.0137E-2 1.05426E-2 1.04257E-2 1.11269E-2 1.14903E-2 1.19009E-2 6.97665E-3 1.2569E-2 1.24331E-2 9.44102E-3 7.74354E-3 9.25546E-3 6.95876E-3 7.15559E-3 1.74517E-3 2.26634E-3 9.4731E-3 1.04597E-2 1.53292E-2 1.30473E-2 2.04861E-3 2.70133E-3 7.33182E-3 1.93178E-3 1.07527E-2 9.90609E-3 8.79814E-3 2.34181E-3
6.03628E-3 3.53561E-3 2.55483E-3 3.32786E-3 2.35224E-3 3.26046E-3 4.65104E-3 7.57034E-3 1.03441E-2 9.63394E-3 9.80869E-3 1.40395E-2 1.36918E-2 9.20858E-3 8.18438E-3 5.43001E-3 4.97727E-3 6.1322E-3 1.10071E-2 6.63536E-3 1.02171E-2 1.07208E-2 1.05792E-2 1.2611E-2 5.57163E-3 9.07202E-3 7.84036E-3 9.7687E-3 9.31678E-3 8.14434E-3 9.19279E-3 9.89774E-3 1.1559E-2 1.19122E-2 1.08957E-2 1.0775E-2 1.16144E-2 1.00726E-2 1.31072E-2 1.27002E-2 1.29078E-2 1.31396E-2 1.24525E-2 7.84458E-3 1.03867E-2 6.76215E-3 7.99102E-3 8.45501E-3 8.50785E-3 1.94214E-3 2.44652E-3 1.06594E-2 9.06942E-3 1.66225E-2 3.67138E-3 2.05678E-3 1.86537E-3 2.27692E-3 2.73698E-3 1.04704E-2 1.03338E-2 1.06124E-2
