day_2/Results/Podomys_floridanus/projections/PaleoClim/-4000/RUN_3.asc
ncols         385
nrows         252
xllcorner     -91.50013924285
yllcorner     25.49986064915003
cellsize      0.041666666500000005
NODATA_value  -9999
[rows 0 to 27 of 252, columns 62 to 123 of 385]
5.09545E-3 3.96564E-3 1.83187E-3 2.07758E-3 4.80142E-3 5.11557E-3 5.11557E-3 5.6557E-3 3.13066E-3 2.30602E-3 5.6557E-3 2.83683E-3 2.66647E-3 4.98516E-3 4.50573E-3 2.03365E-3 2.93979E-3 2.76005E-3 4.39084E-3 1.68193E-3 2.07758E-3 2.89393E-3 2.1223E-3 2.25892E-3 6.15051E-3 2.50588E-3 6.54621E-3 6.17982E-3 6.05064E-3 5.68071E-3 7.11708E-3 7.42417E-3 6.5825E-3 2.45773E-3 5.77279E-3 2.67107E-3 6.17898E-3 5.32517E-3 5.32517E-3 2.61763E-3 2.84355E-3 2.35558E-3 5.44153E-3 1.90656E-3 2.35558E-3 2.35558E-3 3.94736E-3 2.45492E-3 2.16575E-3 9.80856E-4 4.30712E-3 2.25834E-3 3.14734E-3 3.85591E-3 2.78066E-3 2.9586E-3 3.01753E-3 3.54496E-3 3.61282E-3 2.77621E-3 2.61045E-3 2.11036E-3
2.1223E-3 1.95104E-3 4.909E-3 2.82041E-3 2.50588E-3 2.50588E-3 2.21193E-3 2.21193E-3 4.80142E-3 5.44924E-3 5.6557E-3 2.30602E-3 2.83683E-3 2.35453E-3 2.07758E-3 3.13066E-3 5.6557E-3 2.59083E-3 4.67901E-3 1.95104E-3 2.50588E-3 2.16575E-3 3.27194E-3 3.13827E-3 4.50573E-3 3.07742E-3 2.66647E-3 2.83683E-3 2.83683E-3 6.44345E-3 6.05064E-3 5.56003E-3 2.14459E-3 3.19673E-3 3.14734E-3 6.86045E-3 6.31005E-3 5.44153E-3 4.68351E-3 4.39105E-3 4.78849E-3 2.16546E-3 4.39105E-3 2.21149E-3 2.75614E-3 4.21067E-3 1.50853E-3 2.45492E-3 2.78066E-3 2.03365E-3 4.40546E-3 3.78666E-3 4.89547E-3 2.9586E-3 2.78066E-3 2.9586E-3 3.47813E-3 3.76662E-3 3.33573E-3 2.77621E-3 3.01095E-3 2.66407E-3
4.60795E-3 1.99358E-3 2.4039E-3 5.56825E-3 2.35453E-3 3.19737E-3 2.50588E-3 2.35453E-3 2.66647E-3 2.45492E-3 4.80142E-3 5.6557E-3 2.35453E-3 2.35453E-3 2.50588E-3 5.44924E-3 5.6557E-3 2.07758E-3 2.72088E-3 2.72088E-3 5.6557E-3 2.93979E-3 2.21193E-3 2.89393E-3 5.22874E-3 2.50588E-3 2.50588E-3 5.80359E-3 2.83683E-3 3.62204E-3 7.26301E-3 7.72802E-3 4.89547E-3 5.68071E-3 3.20915E-3 6.05064E-3 5.56003E-3 5.56003E-3 3.94736E-3 4.30712E-3 4.30712E-3 1.19405E-3 1.16591E-3 4.78849E-3 4.3762E-3 1.82799E-3 2.61296E-3 4.13225E-3 4.69587E-3 2.83683E-3 5.31035E-3 2.16575E-3 1.73515E-3 1.58916E-3 1.97284E-3 2.25834E-3 4.0014E-3 3.13827E-3 3.61282E-3 3.40052E-3 4.09379E-3 3.2001E-3
4.71215E-3 5.01862E-3 5.54446E-3 5.77763E-3 5.77763E-3 5.22874E-3 5.56825E-3 5.11557E-3 5.44924E-3 6.41159E-3 5.9287E-3 5.77763E-3 2.50588E-3 2.50588E-3 2.66647E-3 5.44924E-3 5.6557E-3 2.35453E-3 2.89393E-3 5.56825E-3 5.11557E-3 2.07758E-3 4.909E-3 2.77621E-3 2.72088E-3 6.17982E-3 3.47813E-3 3.85243E-3 3.20915E-3 2.83683E-3 2.29129E-3 4.69587E-3 5.44924E-3 3.01753E-3 7.72802E-3 6.05064E-3 5.00449E-3 1.39207E-3 4.69587E-3 5.11557E-3 5.80359E-3 4.40546E-3 4.03889E-3 1.27449E-3 4.3762E-3 1.82799E-3 2.16575E-3 2.16575E-3 2.76005E-3 2.76005E-3 2.61296E-3 3.20915E-3 3.01753E-3 2.50588E-3 4.50573E-3 6.17982E-3 3.92812E-3 4.0014E-3 3.83766E-3 3.40052E-3 4.09379E-3 7.87161E-3
5.32227E-3 5.01862E-3 5.34402E-3 4.60795E-3 4.60795E-3 4.909E-3 6.28092E-3 3.69693E-3 5.9287E-3 5.11557E-3 6.15051E-3 2.72088E-3 2.72088E-3 3.07742E-3 7.14808E-3 5.9287E-3 2.21193E-3 5.90177E-3 5.22874E-3 5.22874E-3 1.89304E-3 5.77763E-3 2.95197E-3 6.85784E-3 6.3113E-3 5.80359E-3 3.69662E-3 2.55772E-3 6.57919E-3 3.92812E-3 4.0014E-3 3.07742E-3 3.69662E-3 3.07742E-3 2.1504E-3 5.56825E-3 5.22874E-3 5.22874E-3 5.56825E-3 5.9287E-3 4.40546E-3 4.13225E-3 1.69544E-3 1.58916E-3 1.11848E-3 3.11716E-3 3.87526E-3 4.13225E-3 4.39084E-3 4.50573E-3 2.18473E-3 1.99051E-3 2.61296E-3 3.01753E-3 2.35453E-3 5.80359E-3 5.11557E-3 3.76662E-3 3.76662E-3 3.61282E-3 3.40052E-3 4.35159E-3
2.50523E-3 5.46146E-3 5.46146E-3 5.34402E-3 2.95197E-3 3.33573E-3 6.68317E-3 2.89393E-3 3.69693E-3 5.68946E-3 5.56825E-3 7.10983E-3 2.89393E-3 4.44759E-3 5.9287E-3 5.56825E-3 2.55772E-3 2.95197E-3 6.05608E-3 6.41365E-3 5.68946E-3 5.34402E-3 3.40052E-3 6.85784E-3 6.3113E-3 5.44924E-3 2.16575E-3 3.27194E-3 6.57919E-3 2.9586E-3 3.62767E-3 3.69662E-3 3.20915E-3 3.92812E-3 3.69662E-3 3.47813E-3 3.27194E-3 3.69662E-3 3.54496E-3 5.22874E-3 1.45795E-3 4.22746E-3 1.1735E-3 1.00528E-3 8.81437E-4 4.11965E-3 1.56146E-3 1.05574E-3 3.80687E-3 1.77567E-3 1.2521E-3 1.1735E-3 5.00449E-3 2.83683E-3 3.07742E-3 6.28092E-3 5.56825E-3 3.27194E-3 3.76662E-3 3.40052E-3 3.2001E-3 3.40052E-3
2.35543E-3 2.83246E-3 2.83246E-3 3.01095E-3 6.82251E-3 7.10983E-3 6.05608E-3 7.10983E-3 3.13827E-3 2.95197E-3 7.71567E-3 7.2956E-3 7.75984E-3 6.44511E-3 6.44511E-3 6.44511E-3 7.25605E-3 2.95197E-3 3.01095E-3 7.87161E-3 2.83246E-3 3.2001E-3 7.44564E-3 2.95197E-3 6.3113E-3 5.44924E-3 3.07742E-3 3.69693E-3 5.44924E-3 4.27867E-3 3.14734E-3 3.14734E-3 3.34751E-3 3.85591E-3 2.9586E-3 2.83683E-3 4.36109E-3 7.14808E-3 2.83683E-3 2.77621E-3 1.31261E-3 5.34402E-3 1.49189E-3 1.39951E-3 1.20189E-3 4.49046E-3 5.34402E-3 5.01862E-3 5.68946E-3 4.60795E-3 1.39951E-3 3.69712E-3 1.09964E-3 3.96564E-3 2.21193E-3 2.72088E-3 6.44511E-3 1.69444E-3 3.33573E-3 4.07576E-3 3.83766E-3 3.77802E-3
4.62746E-3 5.46146E-3 6.41365E-3 6.18575E-3 5.46146E-3 5.46146E-3 5.81289E-3 5.34402E-3 7.0008E-3 4.2664E-3 7.44564E-3 3.13827E-3 7.0008E-3 6.44511E-3 7.44564E-3 7.40475E-3 8.07722E-3 7.59821E-3 4.62477E-3 7.87161E-3 3.40052E-3 3.26292E-3 7.0008E-3 7.2956E-3 6.3113E-3 5.44924E-3 2.89393E-3 7.56228E-3 3.27194E-3 6.71731E-3 6.17982E-3 7.72802E-3 7.11708E-3 3.34751E-3 3.77672E-3 3.69662E-3 8.08964E-3 6.57919E-3 5.6557E-3 2.95197E-3 6.18575E-3 6.41365E-3 5.66475E-3 1.43238E-3 1.26049E-3 5.13033E-3 5.46146E-3 5.66475E-3 4.42357E-3 4.71215E-3 5.13033E-3 1.52652E-3 1.31261E-3 4.42357E-3 4.71215E-3 5.34402E-3 5.34402E-3 6.18575E-3 2.95197E-3 4.82063E-3 3.76662E-3 4.011E-3
2.94778E-3 6.45209E-3 2.02623E-3 5.24414E-3 6.31775E-3 6.31775E-3 5.81289E-3 7.40475E-3 8.07722E-3 4.62477E-3 8.58478E-3 3.40052E-3 3.40052E-3 8.36631E-3 4.62477E-3 8.53242E-3 4.71549E-3 9.06439E-3 7.14624E-3 6.71987E-3 6.31775E-3 3.26292E-3 4.96382E-3 1.96557E-3 6.44511E-3 5.22874E-3 3.54496E-3 3.07742E-3 7.88372E-3 3.85591E-3 3.41231E-3 6.17982E-3 2.54482E-3 7.11708E-3 2.61296E-3 4.36109E-3 6.17982E-3 5.80359E-3 5.9287E-3 2.95197E-3 2.61045E-3 1.34381E-3 4.15189E-3 5.78724E-3 3.20064E-3 5.93856E-3 1.43238E-3 1.10842E-3 4.24782E-3 2.08104E-3 5.58109E-3 4.92662E-3 5.24414E-3 5.13033E-3 5.46146E-3 5.93856E-3 6.18575E-3 7.14624E-3 7.0008E-3 7.0008E-3 3.9128E-3 3.82806E-3
3.0709E-3 3.53314E-3 2.94778E-3 6.68613E-3 2.94778E-3 3.0709E-3 3.0709E-3 3.46632E-3 3.26292E-3 3.68171E-3 9.12248E-3 3.61282E-3 3.83766E-3 4.1512E-3 3.84692E-3 3.91679E-3 3.91679E-3 4.15604E-3 3.98296E-3 3.98296E-3 3.98296E-3 3.98296E-3 7.59821E-3 7.59821E-3 6.44511E-3 2.95197E-3 8.04199E-3 7.14808E-3 7.88372E-3 8.43591E-3 4.54856E-3 3.85591E-3 8.22121E-3 7.26301E-3 3.20915E-3 8.04199E-3 1.84048E-3 7.00304E-3 3.47813E-3 7.10983E-3 2.61045E-3 6.5487E-3 5.93856E-3 6.18575E-3 6.15679E-3 2.35543E-3 5.24414E-3 1.29071E-3 5.24414E-3 5.58109E-3 6.15679E-3 6.28773E-3 5.58109E-3 6.31775E-3 6.71987E-3 7.14624E-3 7.29417E-3 7.14624E-3 7.14624E-3 2.13834E-3 1.73281E-3 6.05608E-3
2.88965E-3 2.88965E-3 3.53314E-3 3.53314E-3 2.94778E-3 6.86087E-3 3.0709E-3 3.46632E-3 3.68171E-3 3.90977E-3 1.00333E-2 9.44547E-3 4.1512E-3 4.1512E-3 3.90977E-3 4.22774E-3 4.1512E-3 3.90977E-3 3.90977E-3 3.68171E-3 3.68171E-3 4.22774E-3 8.23986E-3 2.32443E-3 1.96557E-3 7.2956E-3 3.33573E-3 7.2956E-3 7.14808E-3 7.45278E-3 7.00304E-3 7.45278E-3 6.44345E-3 7.00304E-3 3.01753E-3 3.20915E-3 4.36109E-3 5.80359E-3 6.57919E-3 5.42634E-3 2.83246E-3 3.2001E-3 6.18575E-3 5.81289E-3 5.46146E-3 2.35543E-3 2.7186E-3 5.78724E-3 2.40497E-3 2.40497E-3 5.58109E-3 2.40497E-3 6.68613E-3 6.86087E-3 7.55596E-3 7.55596E-3 7.75335E-3 7.29417E-3 7.14624E-3 7.14624E-3 2.27577E-3 7.44564E-3
6.31775E-3 6.15679E-3 3.13182E-3 2.55721E-3 3.39156E-3 2.94778E-3 7.91109E-3 7.91109E-3 9.24114E-3 9.30101E-3 8.58478E-3 8.58478E-3 3.26292E-3 9.30101E-3 5.0092E-3 3.98296E-3 9.30101E-3 5.0092E-3 9.62767E-3 8.75521E-3 8.23986E-3 3.13182E-3 4.30538E-3 1.0224E-2 9.44547E-3 7.91722E-3 3.54496E-3 8.77374E-3 8.08964E-3 1.8814E-3 7.14808E-3 1.84048E-3 2.00433E-3 2.59996E-3 6.57919E-3 7.00304E-3 6.57919E-3 7.88372E-3 6.57919E-3 3.07742E-3 3.40052E-3 2.95197E-3 3.7731E-3 5.66475E-3 5.46146E-3 5.34402E-3 2.50523E-3 2.35543E-3 5.93856E-3 2.7186E-3 2.55721E-3 2.7186E-3 2.7186E-3 7.29417E-3 7.29417E-3 4.43817E-3 8.23986E-3 8.03013E-3 7.14624E-3 2.18465E-3 1.66372E-3 6.5813E-3
4.62746E-3 6.86087E-3 7.29417E-3 3.13182E-3 3.82265E-3 3.82265E-3 3.60099E-3 3.82265E-3 8.92839E-3 9.06439E-3 8.75521E-3 8.23986E-3 3.98296E-3 8.92839E-3 8.92839E-3 5.4212E-3 8.40517E-3 8.92839E-3 8.92839E-3 7.29417E-3 7.29417E-3 3.60099E-3 5.5237E-3 2.37396E-3 2.27577E-3 8.41706E-3 8.94673E-3 2.88787E-3 1.92309E-3 1.92309E-3 6.71731E-3 7.2956E-3 7.60503E-3 7.75984E-3 7.60503E-3 6.71731E-3 2.00433E-3 5.80359E-3 2.29129E-3 6.54621E-3 3.33573E-3 7.10983E-3 6.68317E-3 2.55772E-3 5.90177E-3 4.42357E-3 2.35543E-3 2.88965E-3 5.58109E-3 1.66372E-3 2.50523E-3 3.0709E-3 3.0709E-3 3.0709E-3 8.03013E-3 8.03013E-3 8.53242E-3 3.46632E-3 8.03013E-3 8.75521E-3 8.75521E-3 9.30101E-3
6.82594E-3 2.94778E-3 7.00433E-3 2.77406E-3 3.32674E-3 3.60099E-3 3.39156E-3 3.60099E-3 8.92839E-3 9.81268E-3 8.23986E-3 3.32674E-3 3.53314E-3 4.05722E-3 9.66653E-3 3.82265E-3 4.05722E-3 9.66653E-3 9.10433E-3 9.42066E-3 8.57317E-3 4.38414E-3 9.66653E-3 1.00005E-2 1.06893E-2 6.75586E-3 8.94673E-3 4.011E-3 4.07576E-3 3.77802E-3 5.78176E-3 3.7101E-3 3.92812E-3 3.92812E-3 9.47813E-3 3.47813E-3 6.71731E-3 2.49436E-3 1.6568E-3 3.59284E-3 4.37477E-3 8.59109E-3 1.28205E-3 2.44634E-3 2.29308E-3 4.71215E-3 5.46146E-3 2.30676E-3 2.83246E-3 5.81289E-3 2.50523E-3 3.26292E-3 3.40052E-3 3.2001E-3 3.46632E-3 4.62477E-3 4.62477E-3 3.68171E-3 3.46632E-3 9.06439E-3 8.58478E-3 9.12248E-3
2.83044E-3 7.25506E-3 6.82594E-3 6.06652E-3 2.77406E-3 3.39156E-3 4.13257E-3 3.89472E-3 3.82265E-3 9.48235E-3 8.70121E-3 3.82265E-3 3.82265E-3 4.38414E-3 1.01912E-2 9.10433E-3 3.66989E-3 9.60297E-3 4.13257E-3 4.3051E-3 4.05949E-3 4.64408E-3 4.92189E-3 1.13459E-2 4.1512E-3 4.1512E-3 8.41706E-3 5.4428E-3 9.32664E-3 3.7101E-3 9.91246E-3 3.85728E-3 9.72549E-3 4.93122E-3 7.60503E-3 8.08964E-3 3.27194E-3 6.85784E-3 6.3113E-3 4.46803E-3 4.1053E-3 4.909E-3 4.71215E-3 1.26049E-3 3.65554E-3 1.29071E-3 1.46592E-3 1.52652E-3 1.43238E-3 1.43238E-3 7.25605E-3 5.68946E-3 3.44798E-3 5.81289E-3 7.14624E-3 2.60413E-3 7.91722E-3 3.83766E-3 8.89039E-3 3.61282E-3 5.61833E-3 1.51058E-2
5.26393E-3 5.14937E-3 6.96818E-3 6.58883E-3 2.83044E-3 3.66989E-3 3.4574E-3 3.66989E-3 3.60099E-3 9.24114E-3 3.60099E-3 3.82265E-3 4.13257E-3 4.13235E-3 4.46402E-3 4.46402E-3 4.20902E-3 4.13235E-3 1.21669E-2 1.02614E-2 4.05949E-3 9.48235E-3 3.98764E-3 9.30101E-3 3.40562E-3 3.54893E-3 9.5079E-3 1.04589E-2 9.32664E-3 1.02652E-2 5.3612E-3 2.79919E-3 2.94805E-3 9.14819E-3 2.32205E-3 2.6561E-3 7.2956E-3 6.85784E-3 2.49436E-3 1.80531E-3 1.93657E-3 5.01862E-3 2.30676E-3 1.90216E-3 1.29071E-3 6.06652E-3 1.21079E-3 1.56183E-3 1.37565E-3 1.46592E-3 1.26049E-3 2.40611E-3 2.349E-3 5.93856E-3 2.20654E-3 2.62699E-3 2.91512E-3 3.03614E-3 2.91512E-3 1.33582E-2 5.63643E-3 3.60552E-3
5.72112E-3 7.11288E-3 7.29873E-3 5.59856E-3 5.26393E-3 7.29873E-3 9.04691E-3 9.60297E-3 8.07145E-3 8.07145E-3 4.61555E-3 8.07145E-3 3.4574E-3 4.46402E-3 4.20902E-3 3.52426E-3 3.96786E-3 4.46402E-3 4.05949E-3 4.38414E-3 4.05949E-3 4.30538E-3 3.98764E-3 4.30538E-3 1.06893E-2 8.75521E-3 2.97344E-3 8.94673E-3 1.0533E-2 9.14819E-3 1.02652E-2 3.20347E-3 3.01006E-3 2.18102E-3 6.85784E-3 2.71326E-3 2.71326E-3 6.05608E-3 2.54874E-3 1.59009E-3 4.71215E-3 1.26049E-3 1.34381E-3 4.92662E-3 1.40815E-3 7.00433E-3 7.29417E-3 5.58109E-3 5.58109E-3 6.31775E-3 4.20783E-3 1.66372E-3 1.29071E-3 6.45209E-3 6.58883E-3 1.97149E-3 1.77193E-3 2.98333E-3 6.31775E-3 1.59785E-3 3.17836E-3 3.26907E-3
6.6018E-3 5.38066E-3 5.72112E-3 5.72112E-3 7.01363E-3 3.12796E-3 8.23448E-3 7.29873E-3 7.75324E-3 4.43243E-3 3.4574E-3 8.69051E-3 8.74391E-3 9.22389E-3 8.4002E-3 4.54503E-3 4.20621E-3 1.23877E-2 9.85357E-3 1.0614E-2 1.08909E-2 4.56472E-3 1.00687E-2 8.75521E-3 9.30101E-3 1.04907E-2 1.11382E-2 1.09335E-2 3.23056E-3 8.25202E-3 8.25202E-3 2.09285E-3 3.13734E-3 2.09285E-3 2.27577E-3 2.00884E-3 6.5813E-3 4.96382E-3 2.13834E-3 1.73281E-3 5.46146E-3 6.31775E-3 1.94603E-3 1.53505E-3 6.1968E-3 2.71795E-3 1.50014E-3 2.34896E-3 5.58109E-3 4.34565E-3 1.74027E-3 1.24008E-3 5.82699E-3 1.53505E-3 4.09087E-3 1.89386E-3 1.74027E-3 2.86585E-3 6.06652E-3 2.01501E-3 7.44462E-3 3.92434E-3
5.28815E-3 5.97307E-3 6.21298E-3 7.01363E-3 3.00527E-3 3.12796E-3 7.91146E-3 8.1864E-3 7.75324E-3 8.23448E-3 3.73983E-3 4.28659E-3 9.40365E-3 9.97609E-3 4.04209E-3 4.28108E-3 4.54503E-3 4.45824E-3 6.44955E-3 1.10954E-2 1.06893E-2 4.22774E-3 4.23006E-3 3.98764E-3 4.15604E-3 4.40909E-3 1.11382E-2 3.29444E-3 2.63062E-3 6.85784E-3 8.41706E-3 8.07722E-3 7.59821E-3 2.32443E-3 7.14624E-3 2.32443E-3 2.00884E-3 7.59821E-3 7.0008E-3 6.5813E-3 1.88684E-3 2.7186E-3 3.13182E-3 3.39156E-3 5.95334E-3 1.53505E-3 1.32156E-3 1.32156E-3 1.85244E-3 6.58883E-3 1.85244E-3 2.30645E-3 6.32941E-3 2.01501E-3 8.02489E-3 1.77966E-3 1.44131E-3 1.63459E-3 6.1968E-3 8.74391E-3 2.91213E-3 3.2516E-3
3.06548E-3 3.06548E-3 7.40974E-3 7.86685E-3 3.00527E-3 4.25783E-3 7.44974E-3 7.26005E-3 7.91146E-3 7.29873E-3 7.71006E-3 3.59217E-3 4.04209E-3 5.19092E-3 4.36527E-3 4.28108E-3 4.20621E-3 6.44955E-3 4.13235E-3 4.05949E-3 1.02614E-2 9.48235E-3 4.22774E-3 5.7619E-3 1.11382E-2 1.0295E-2 4.08302E-3 1.01023E-2 2.52357E-3 8.89039E-3 9.44547E-3 5.0092E-3 7.75335E-3 2.05291E-3 7.91109E-3 2.18465E-3 3.07451E-3 2.47269E-3 1.8118E-3 1.8118E-3 1.66372E-3 1.92877E-3 6.86087E-3 2.77406E-3 3.25661E-3 6.4644E-3 1.3852E-3 1.89386E-3 1.44131E-3 7.15027E-3 2.01501E-3 2.01501E-3 8.02489E-3 1.81982E-3 6.86956E-3 2.5279E-3 2.3785E-3 2.05935E-3 7.75324E-3 2.14353E-3 1.77966E-3 1.89386E-3
2.41307E-3 2.56254E-3 7.12319E-3 6.34633E-3 6.34633E-3 7.16021E-3 6.74163E-3 7.86685E-3 8.56863E-3 7.01363E-3 7.71006E-3 3.59217E-3 4.11742E-3 4.36527E-3 4.36527E-3 6.30701E-3 1.06557E-2 1.10158E-2 9.85357E-3 1.10954E-2 1.02614E-2 1.02614E-2 9.48235E-3 4.48639E-3 1.13459E-2 4.34661E-3 1.13142E-2 2.91439E-3 7.0008E-3 7.59821E-3 2.32443E-3 8.23986E-3 9.42066E-3 3.20446E-3 1.02614E-2 8.40517E-3 2.68451E-3 2.05291E-3 6.45209E-3 2.55478E-3 1.97149E-3 1.8118E-3 1.8118E-3 2.50012E-3 3.66989E-3 3.12796E-3 6.86956E-3 1.81982E-3 1.81982E-3 1.81982E-3 3.07841E-3 1.71025E-3 7.75324E-3 8.4002E-3 5.84051E-3 4.28659E-3 1.00435E-2 9.46464E-3 1.03848E-2 3.47526E-3 8.74391E-3 8.74391E-3
5.59773E-3 5.94703E-3 7.27103E-3 6.10252E-3 6.74163E-3 6.34633E-3 5.97307E-3 8.23588E-3 6.74163E-3 5.09276E-3 7.60333E-3 4.98758E-3 8.56863E-3 9.0369E-3 4.71049E-3 1.14295E-2 2.97163E-3 9.46464E-3 1.23877E-2 5.97079E-3 4.3051E-3 1.22606E-2 1.00687E-2 9.30101E-3 1.11382E-2 4.09056E-3 2.74038E-3 2.5763E-3 7.59821E-3 9.24114E-3 3.33664E-3 3.13892E-3 7.59764E-3 1.14714E-2 1.02614E-2 2.5776E-3 2.14353E-3 2.09781E-3 4.86809E-3 6.58883E-3 2.95238E-3 2.01501E-3 1.74027E-3 1.63459E-3 2.01501E-3 3.96786E-3 4.61014E-3 1.86075E-3 2.72489E-3 3.1431E-3 9.46464E-3 9.78811E-3 1.06557E-2 9.28307E-3 9.10433E-3 8.07145E-3 9.60297E-3 1.01912E-2 3.20446E-3 3.40537E-3 8.07145E-3 8.07145E-3
2.32044E-3 2.61585E-3 2.77661E-3 7.02873E-3 2.27819E-3 5.74411E-3 3.12668E-3 4.51873E-3 4.51873E-3 9.0369E-3 8.73981E-3 8.73981E-3 5.29048E-3 9.83638E-3 4.19385E-3 4.97205E-3 4.36527E-3 6.30701E-3 3.48573E-3 1.10954E-2 1.10954E-2 9.66653E-3 9.10433E-3 4.33517E-3 4.51605E-3 2.62994E-3 3.26907E-3 2.32443E-3 2.37396E-3 2.5776E-3 9.10433E-3 7.59764E-3 1.06557E-2 2.79646E-3 2.47568E-3 3.20446E-3 3.40537E-3 2.27984E-3 2.95238E-3 8.57317E-3 7.75324E-3 2.1901E-3 2.1901E-3 1.93606E-3 1.93606E-3 1.81982E-3 8.4002E-3 9.64907E-3 8.56863E-3 1.06557E-2 9.28307E-3 3.40537E-3 3.96786E-3 8.23448E-3 2.05935E-3 1.93606E-3 1.77966E-3 2.66715E-3 2.1901E-3 2.1901E-3 2.47568E-3 2.79646E-3
2.0569E-3 2.61585E-3 6.84972E-3 7.02873E-3 2.77661E-3 2.77661E-3 7.02873E-3 2.7341E-3 7.30932E-3 7.30932E-3 8.23588E-3 9.21424E-3 8.73981E-3 8.23588E-3 4.71049E-3 1.07808E-2 9.2728E-3 4.35698E-3 1.02364E-2 4.24439E-3 3.92039E-3 2.79646E-3 1.23877E-2 1.15566E-2 3.09449E-3 2.5776E-3 8.07145E-3 2.27984E-3 6.09767E-3 3.69146E-3 8.74391E-3 8.4002E-3 1.06557E-2 3.03148E-3 3.47526E-3 3.47526E-3 2.1901E-3 2.5279E-3 2.32873E-3 3.20446E-3 4.99632E-3 7.91146E-3 2.23752E-3 8.4002E-3 7.01363E-3 8.07233E-3 9.09369E-3 4.62719E-3 4.28108E-3 2.85388E-3 2.47568E-3 2.32873E-3 7.15027E-3 3.07841E-3 1.93606E-3 6.4644E-3 1.86075E-3 2.89653E-3 2.85388E-3 2.3785E-3 3.92039E-3 1.08909E-2
5.72023E-3 7.4214E-3 6.45161E-3 6.62025E-3 5.8698E-3 3.18887E-3 2.83339E-3 6.62025E-3 5.00283E-3 6.62025E-3 7.91836E-3 9.21424E-3 4.03035E-3 4.79495E-3 9.2728E-3 8.23588E-3 4.44508E-3 4.71049E-3 4.15814E-3 3.15483E-3 9.09369E-3 8.91741E-3 1.06557E-2 2.79646E-3 2.47568E-3 8.23448E-3 9.46464E-3 2.91226E-3 7.15782E-3 9.46464E-3 8.91741E-3 4.28659E-3 4.24439E-3 2.91226E-3 8.91741E-3 8.91741E-3 2.7419E-3 6.34973E-3 2.68619E-3 2.5279E-3 2.3785E-3 5.19092E-3 2.58103E-3 7.91146E-3 8.07233E-3 4.62719E-3 1.08573E-2 8.91741E-3 2.68619E-3 3.07841E-3 3.07841E-3 2.10452E-3 2.3785E-3 2.23752E-3 2.23752E-3 6.6018E-3 7.16021E-3 3.40792E-3 2.2858E-3 2.7419E-3 2.79646E-3 4.44439E-3
2.67007E-3 5.8698E-3 6.76089E-3 6.62025E-3 5.8698E-3 6.58868E-3 2.83339E-3 3.06657E-3 7.17606E-3 7.61529E-3 9.09054E-3 9.45474E-3 9.77163E-3 8.91377E-3 3.08486E-3 8.40214E-3 4.79495E-3 9.83638E-3 1.16408E-2 2.48072E-3 1.0631E-2 1.04322E-2 3.15483E-3 2.3785E-3 2.58103E-3 9.09369E-3 1.07808E-2 1.17274E-2 3.34871E-3 4.07762E-3 9.09369E-3 1.14295E-2 2.91226E-3 2.58103E-3 8.07233E-3 9.64907E-3 3.61861E-3 3.84162E-3 2.91226E-3 6.34973E-3 2.58103E-3 7.44974E-3 9.83638E-3 2.33496E-3 9.83638E-3 4.07762E-3 2.7419E-3 2.42916E-3 2.23752E-3 2.3785E-3 7.44974E-3 2.42916E-3 2.42916E-3 2.2858E-3 7.01363E-3 7.60333E-3 7.60333E-3 8.23588E-3 2.48072E-3 3.84162E-3 2.91226E-3 5.45985E-3
6.99331E-3 6.36853E-3 7.4214E-3 2.47521E-3 2.19177E-3 6.23433E-3 3.85923E-3 2.89113E-3 3.06657E-3 8.24407E-3 8.07986E-3 5.98792E-3 7.461E-3 8.40214E-3 9.39438E-3 4.2714E-3 1.00266E-2 1.05574E-2 1.16408E-2 4.2714E-3 6.40609E-3 4.69571E-3 4.79495E-3 9.45474E-3 3.21803E-3 3.21803E-3 1.0631E-2 6.42221E-3 1.0631E-2 4.15814E-3 3.032E-3 9.2728E-3 3.91855E-3 2.79856E-3 2.79856E-3 1.04322E-2 3.032E-3 3.032E-3 2.63509E-3 3.61861E-3 2.79856E-3 2.63509E-3 1.0167E-2 1.09832E-2 1.16408E-2 9.83638E-3 3.61861E-3 2.63509E-3 2.63509E-3 2.42916E-3 3.20892E-3 3.40792E-3 5.97888E-3 8.07233E-3 7.60333E-3 8.23588E-3 7.75952E-3 7.30932E-3 9.45474E-3 1.04322E-2 9.64907E-3 5.02961E-3
6.76089E-3 5.99781E-3 6.76089E-3 6.76089E-3 2.52997E-3 5.31686E-3 6.76089E-3 6.36853E-3 3.9389E-3 8.69057E-3 7.61529E-3 3.02962E-3 8.07986E-3 9.39438E-3 3.65538E-3 9.09054E-3 9.45474E-3 1.11886E-2 8.91377E-3 4.35007E-3 3.48207E-3 2.63509E-3 8.40214E-3 4.88058E-3 4.0762E-3 7.29692E-3 7.58953E-3 9.63957E-3 1.14804E-2 7.1549E-3 7.1549E-3 8.91377E-3 1.08328E-2 3.99674E-3 2.6901E-3 8.91377E-3 7.1549E-3 3.09337E-3 2.8562E-3 2.8562E-3 8.91377E-3 2.6901E-3 2.8562E-3 1.12696E-2 7.44334E-3 3.69209E-3 2.6901E-3 3.27588E-3 6.22769E-3 2.63509E-3 7.75952E-3 2.79856E-3 2.63509E-3 5.74634E-3 8.07233E-3 9.0369E-3 9.21424E-3 1.00266E-2 9.45474E-3 2.15052E-3 2.91226E-3 3.87588E-3
