day_2/Results/Podomys_floridanus/projections/PaleoClim/-4000/RUN_1.asc
ncols         385
nrows         252
xllcorner     -91.50013924285
yllcorner     25.49986064915003
cellsize      0.041666666500000005
NODATA_value  -9999
[rows 0 to 27 of 252, columns 124 to 185 of 385]
1.28466E-3 9.91442E-4 1.25419E-3 1.0001E-3 9.56602E-4 1.98335E-3 2.75617E-3 2.94972E-3 2.79932E-3 2.69805E-3 1.92676E-3 2.22287E-3 5.14177E-3 5.82189E-3 3.65084E-3 1.98865E-3 3.02774E-3 7.6395E-3 9.25831E-3 7.5682E-3 2.36656E-3 7.48844E-3 1.16073E-2 4.80369E-3 2.7937E-3 1.44333E-3 1.50894E-3 4.73082E-3 2.62907E-3 4.11947E-3 1.19096E-2 1.33245E-2 3.36493E-3 3.43567E-3 2.33834E-3 1.57222E-2 1.9075E-2 3.63813E-3 1.49887E-3 8.94821E-3 1.20253E-2 1.27583E-2 1.38308E-2 4.56696E-3 9.65747E-3 3.13586E-3 1.05995E-2 1.1962E-2 8.16883E-3 6.42402E-3 3.98726E-3 1.21821E-2 1.20576E-2 1.05231E-2 1.25257E-2 1.12476E-2 3.56474E-3 3.96484E-3 5.04796E-3 6.40352E-3 5.94054E-3 1.03637E-2
5.24845E-3 7.1816E-3 6.40964E-3 5.1752E-3 1.34285E-3 2.68621E-3 6.59174E-3 2.85614E-3 6.50641E-3 6.36624E-3 6.49437E-3 4.15518E-3 5.64061E-3 5.84191E-3 3.40314E-3 6.92449E-3 1.84081E-3 2.27048E-3 3.1195E-3 8.95495E-3 3.74504E-3 1.05276E-2 4.73638E-3 1.84901E-3 1.35419E-3 1.4538E-3 2.01545E-3 3.36591E-3 2.99043E-3 5.13409E-3 1.30019E-2 1.29013E-2 1.3274E-2 1.22828E-2 1.31401E-2 3.97256E-3 7.36739E-4 1.3868E-3 9.0633E-3 1.46322E-2 1.05466E-2 4.80402E-3 1.09727E-2 5.9909E-3 1.36537E-2 1.11381E-2 4.9754E-3 1.12181E-2 7.35301E-3 4.90463E-3 4.98827E-3 9.97211E-3 9.41383E-3 7.29716E-3 8.10303E-3 3.67357E-3 4.80686E-3 4.91669E-3 5.04372E-3 5.93063E-3 6.68644E-3 6.60517E-3
3.32851E-3 2.68923E-3 4.86054E-3 1.45946E-3 1.1801E-3 1.50526E-3 1.1835E-3 4.52693E-3 8.63835E-3 2.84633E-3 2.79667E-3 2.11846E-3 6.51601E-3 3.08145E-3 3.80216E-3 4.68103E-3 1.08342E-2 3.95029E-3 2.2799E-3 8.33974E-3 4.84833E-3 3.40099E-3 2.54255E-3 1.62273E-3 1.1623E-3 3.37654E-3 4.35687E-3 1.22519E-2 4.26352E-3 6.13226E-3 1.04199E-2 1.28425E-2 5.7113E-3 6.14119E-3 1.56198E-2 1.56562E-3 2.48075E-3 2.8688E-3 3.9281E-3 2.91165E-3 1.04547E-2 1.08341E-2 4.31718E-3 5.3612E-3 1.38596E-2 1.33372E-2 6.44253E-3 6.62619E-3 1.22439E-2 4.05915E-3 8.16724E-3 4.8383E-3 8.10575E-3 8.22925E-3 9.12022E-3 9.02879E-3 5.46232E-3 3.79863E-3 9.32686E-3 5.47686E-3 4.89346E-3 1.3003E-2
6.59047E-3 3.91064E-3 7.82835E-3 3.54758E-3 1.84658E-3 1.03127E-3 1.27113E-3 1.69059E-3 1.35236E-3 1.79647E-3 8.05625E-3 6.28001E-3 7.27249E-3 8.11021E-3 8.38565E-3 3.86736E-3 9.83957E-3 9.14776E-3 2.8459E-3 9.81086E-3 4.9735E-3 9.64009E-3 3.13318E-3 2.29401E-3 2.28455E-3 4.07796E-3 6.16732E-3 5.18168E-3 1.07927E-2 3.33738E-3 1.27717E-2 6.90147E-3 5.71603E-3 1.34473E-2 1.99161E-3 1.4886E-3 1.05066E-2 2.99111E-3 3.09492E-3 1.1336E-2 1.08758E-2 1.64091E-2 1.2791E-2 1.46516E-2 5.07519E-3 3.99043E-3 1.10738E-2 7.95975E-3 7.95061E-3 8.88179E-3 2.87387E-3 8.26156E-3 4.99778E-3 3.86416E-3 4.2295E-3 4.58017E-3 5.03776E-3 4.59643E-3 8.33806E-3 1.06749E-2 1.42823E-2 1.44282E-2
8.29549E-3 3.7025E-3 8.71999E-3 3.53532E-3 3.96011E-3 9.42911E-3 4.67822E-3 4.05106E-3 7.08974E-3 9.01531E-3 7.83905E-3 3.33143E-3 8.87562E-3 1.02167E-2 7.86863E-3 4.04141E-3 1.07779E-2 9.86876E-3 1.47019E-2 6.29439E-3 8.07991E-3 9.44233E-3 7.25808E-3 1.87826E-2 1.99669E-2 1.58683E-2 1.98715E-3 1.77572E-3 2.79998E-3 2.46217E-3 9.37553E-3 7.35268E-3 1.05688E-3 9.59925E-3 8.97702E-3 1.02332E-2 6.28756E-3 1.11016E-2 9.352E-3 5.3293E-3 1.39451E-2 1.83922E-2 1.83128E-2 6.41972E-3 1.24357E-2 3.0047E-3 1.77668E-3 2.39905E-3 3.00322E-3 8.4339E-3 8.33176E-3 1.01835E-2 4.17592E-3 4.31299E-3 5.29087E-3 4.98083E-3 4.14531E-3 5.47531E-3 5.36988E-3 1.13715E-2 4.56488E-3 6.19788E-3
9.99069E-3 1.0082E-2 4.26515E-3 3.83347E-3 4.78563E-3 9.59173E-3 3.14E-3 6.50487E-3 5.72113E-3 5.95905E-3 7.19805E-3 7.59107E-3 8.2382E-3 1.13335E-2 3.94707E-3 1.3242E-2 5.69694E-3 6.95352E-3 6.63325E-3 6.55233E-3 6.70438E-3 1.69336E-2 7.5506E-3 3.31889E-3 4.4171E-3 5.61283E-3 1.25171E-2 1.13066E-2 4.29238E-3 1.8305E-3 2.06135E-3 1.52643E-2 1.53674E-3 3.37818E-3 1.07959E-2 1.06871E-2 3.32704E-3 4.72853E-3 1.48915E-2 1.6254E-2 1.97811E-2 1.50474E-2 1.48093E-2 1.1795E-2 5.98216E-3 4.98984E-3 4.6018E-3 1.03763E-2 9.42035E-3 5.03442E-3 1.12208E-2 4.19014E-3 4.57955E-3 9.15617E-3 4.05941E-3 5.73582E-3 5.97242E-3 4.14632E-3 6.00182E-3 6.16633E-3 7.11758E-3 4.2454E-3
4.87302E-3 9.03353E-3 4.54226E-3 5.64756E-3 5.04602E-3 1.10336E-2 6.39753E-3 6.8852E-3 7.31435E-3 6.897E-3 8.44841E-3 1.15944E-2 1.27131E-2 1.43444E-2 5.21931E-3 1.69236E-2 1.50046E-2 8.2592E-3 7.50494E-3 9.30088E-3 7.12087E-3 1.53717E-2 9.43563E-3 5.2237E-3 3.52238E-3 1.36226E-2 1.24002E-2 1.11917E-2 1.63351E-3 3.19582E-3 5.53124E-3 8.92832E-3 1.97788E-3 1.07303E-2 1.04233E-2 3.77499E-3 1.17537E-2 5.4411E-3 1.36983E-2 1.43365E-2 4.99148E-3 3.68992E-3 9.75136E-3 5.93522E-3 1.20096E-2 5.45053E-3 5.38421E-3 6.09215E-3 5.12111E-3 3.69015E-3 6.3802E-3 8.23239E-3 9.20822E-3 7.3214E-3 6.08554E-3 3.75745E-3 4.83593E-3 5.8433E-3 6.5224E-3 5.50099E-3 4.97608E-3 8.50263E-3
5.87942E-3 1.15261E-2 1.70277E-3 3.46526E-3 1.05095E-2 7.85181E-3 7.63812E-3 8.08985E-3 3.82483E-3 4.6642E-3 1.30723E-2 1.33619E-2 1.45275E-2 5.86408E-3 7.45016E-3 6.80151E-3 1.70072E-2 2.23759E-2 8.30381E-3 6.68357E-3 7.92638E-3 1.4974E-2 6.64263E-3 1.45258E-2 3.92159E-3 1.36205E-2 1.023E-2 2.49854E-3 7.48731E-3 7.16938E-3 7.73702E-3 2.07323E-3 3.91441E-3 9.96223E-3 4.22416E-3 6.16184E-3 1.35835E-2 1.27925E-2 1.7005E-2 5.04728E-3 4.23552E-3 3.02882E-3 1.23407E-2 1.01272E-2 9.83344E-3 8.97503E-3 5.02933E-3 8.98746E-3 6.57451E-3 2.77134E-3 8.5573E-3 2.27465E-3 2.76298E-3 7.42322E-3 8.35272E-3 8.34761E-3 1.10847E-2 8.21939E-3 6.5169E-3 7.46601E-3 7.55866E-3 8.57148E-3
1.75741E-3 7.53913E-3 5.64616E-3 1.96064E-3 3.7004E-3 7.34688E-3 8.94179E-3 4.67198E-3 4.94968E-3 4.93714E-3 5.07653E-3 5.08963E-3 6.87325E-3 1.0933E-2 6.36542E-3 6.86187E-3 4.17956E-3 7.69672E-3 1.86006E-2 4.453E-3 4.76147E-3 1.30078E-2 1.45159E-2 1.50208E-2 4.88322E-3 3.63131E-3 2.8393E-3 7.78077E-3 6.67862E-3 2.63019E-2 2.81912E-3 3.05966E-3 7.74628E-3 4.5965E-3 3.26786E-3 4.87277E-3 1.25999E-2 1.40136E-2 4.31528E-3 1.38463E-2 5.55927E-3 6.8337E-3 3.3327E-3 9.68521E-3 1.08154E-2 9.76575E-3 9.0316E-3 5.99357E-3 3.03524E-3 3.69883E-3 8.46483E-3 7.7367E-3 9.39488E-3 7.72403E-3 8.33863E-3 4.20549E-3 1.54054E-2 1.8758E-3 7.25346E-3 1.22435E-2 9.87699E-3 5.60208E-3
2.03964E-3 8.71824E-3 5.19815E-3 2.67926E-3 3.24778E-3 1.00232E-2 1.12651E-2 1.38243E-2 1.26093E-2 1.55266E-2 1.60581E-2 6.32117E-3 8.82024E-3 5.91119E-3 5.14967E-3 1.34477E-2 1.94673E-3 1.71905E-3 3.88064E-3 1.68266E-2 4.71516E-3 1.46532E-2 1.35871E-2 1.21785E-2 1.34073E-2 2.61028E-3 7.00491E-3 6.81614E-3 8.73382E-3 2.36311E-3 2.281E-3 2.35633E-3 1.7702E-3 6.9294E-3 1.10747E-2 9.53028E-3 1.5531E-2 1.49208E-2 5.19668E-3 1.54121E-2 6.19499E-3 4.45857E-3 2.91835E-3 1.1693E-2 1.0629E-2 9.95723E-3 8.6457E-3 6.57451E-3 7.43576E-3 4.09006E-3 3.7937E-3 8.1345E-3 7.33186E-3 8.74226E-3 1.14561E-2 3.00532E-3 2.00895E-3 5.57859E-3 1.26025E-2 9.30991E-3 9.85433E-3 6.08939E-3
7.5059E-3 1.35286E-2 1.1836E-2 1.03527E-2 4.07563E-3 9.30329E-3 1.17965E-2 1.06386E-2 1.40332E-2 5.65783E-3 6.70111E-3 7.59085E-3 1.04762E-2 2.35369E-2 8.60737E-3 6.87518E-3 2.08354E-2 5.55697E-3 2.33053E-3 5.20598E-3 6.3852E-3 3.40141E-3 2.71883E-3 1.11542E-2 1.98286E-3 6.6504E-3 6.61368E-3 1.44884E-2 2.3308E-3 1.85034E-3 4.27218E-3 1.15491E-3 7.30459E-3 9.11886E-3 1.12122E-2 1.57218E-2 1.59513E-2 1.30378E-2 1.54518E-2 1.13681E-2 1.25309E-2 2.72994E-3 3.98747E-3 8.20464E-3 8.23239E-3 5.35548E-3 5.36003E-3 8.24039E-3 7.50011E-3 6.92314E-3 4.17516E-3 3.87559E-3 4.33963E-3 9.68386E-3 2.83171E-3 3.23498E-3 9.06647E-3 1.49201E-3 1.78919E-3 2.5484E-3 9.41688E-4 4.06236E-5
1.04738E-2 2.38719E-3 2.05124E-3 2.53785E-3 4.18032E-3 1.16925E-2 5.75693E-3 1.08414E-2 1.57455E-2 1.74633E-2 7.40401E-3 7.5106E-3 2.37816E-2 1.97939E-2 8.19912E-3 8.34097E-3 3.66823E-3 2.62038E-3 4.00866E-3 2.89179E-3 3.71194E-3 1.05846E-2 2.46349E-3 1.58377E-3 2.27617E-3 4.87831E-3 1.71266E-2 5.16241E-3 1.5731E-3 1.08046E-3 1.64151E-3 6.41276E-3 1.01631E-2 9.39612E-3 1.41364E-2 1.45802E-2 4.32602E-3 5.2259E-3 3.38472E-3 4.49156E-3 2.68845E-3 8.57661E-3 2.99455E-3 2.18407E-3 1.79242E-3 1.54321E-3 6.16668E-3 8.60732E-3 8.2965E-3 3.76617E-3 3.14046E-3 1.03691E-2 1.05079E-2 4.16673E-3 1.42241E-2 5.82883E-3 1.32615E-2 1.35812E-3 8.99813E-5 1.32908E-5 4.68491E-5 2.42585E-4
1.23723E-2 1.25727E-2 1.03871E-2 2.88227E-3 9.90211E-3 1.34406E-2 1.32943E-2 1.36921E-2 8.65055E-3 1.35568E-2 1.33156E-2 1.02786E-2 6.3846E-3 1.7063E-2 5.68537E-3 6.28643E-3 6.93793E-3 1.96655E-3 2.63804E-3 3.92755E-3 2.67846E-3 4.2392E-3 6.00051E-3 9.95011E-4 4.45696E-3 1.86588E-2 2.3547E-3 1.33918E-3 1.91058E-3 1.7055E-3 5.99164E-3 3.92648E-3 9.98548E-3 1.43884E-2 1.60222E-2 4.63697E-3 1.31575E-2 2.57194E-3 8.55953E-3 3.48849E-3 7.75221E-3 4.64874E-3 2.73632E-3 2.43166E-3 3.06562E-3 8.99275E-3 9.54089E-3 9.42206E-3 7.46723E-3 2.85219E-3 4.25034E-3 4.5943E-3 6.22877E-3 1.53087E-2 3.26343E-3 9.63233E-3 4.46563E-3 8.59354E-3 5.57823E-4 3.74443E-4 1.76506E-4 2.05591E-3
1.37053E-2 1.34883E-2 1.19818E-2 4.93971E-3 1.35346E-2 5.34696E-3 1.2264E-2 1.2233E-2 1.31606E-2 4.43003E-3 2.69054E-3 3.14944E-3 2.16906E-3 3.30721E-3 4.55339E-3 9.76277E-3 1.41483E-2 1.76386E-2 3.63721E-3 3.10971E-3 8.89796E-4 1.22146E-3 1.0916E-3 2.62617E-3 2.12065E-2 3.72689E-3 1.22592E-3 1.69237E-3 1.76282E-3 3.07047E-3 7.20222E-3 7.64408E-3 1.29796E-2 1.3333E-2 3.48301E-3 3.46205E-3 2.31933E-3 3.38594E-3 6.46775E-3 3.88986E-3 4.3429E-3 3.08665E-3 2.08874E-3 7.80525E-3 1.31296E-2 1.30189E-2 3.35234E-3 2.3961E-3 1.96899E-3 3.4268E-3 2.70988E-3 1.57553E-2 4.67381E-3 5.22393E-3 1.21127E-3 6.59259E-4 3.23659E-3 5.64075E-3 9.01461E-3 2.50415E-3 3.075E-3 6.06683E-3
7.97119E-3 3.4516E-3 8.844E-3 1.07698E-2 1.23142E-2 1.13299E-2 4.84764E-3 9.93557E-3 1.33979E-2 6.12267E-3 1.60154E-3 1.53732E-3 1.78518E-3 2.88497E-3 4.76204E-3 4.68902E-3 3.06122E-3 9.93001E-3 3.46182E-3 1.00616E-3 8.34455E-4 8.52919E-4 2.01102E-3 6.24309E-3 5.09992E-3 7.74806E-4 9.73804E-4 1.4178E-3 3.75702E-3 3.93648E-3 6.98148E-3 1.16298E-2 1.28852E-2 3.21119E-3 9.04954E-3 2.45928E-3 2.87378E-3 8.39192E-3 3.47685E-3 3.89776E-3 2.3889E-3 5.95738E-3 8.88651E-3 1.20209E-2 4.38747E-3 3.04883E-3 2.71164E-3 7.64105E-3 3.80784E-3 4.7412E-3 4.97513E-3 4.29097E-3 2.8943E-3 1.9488E-3 1.38423E-3 2.4086E-4 6.12146E-5 5.94219E-5 1.49765E-3 1.46782E-3 1.11801E-4 8.47628E-5
2.25227E-3 2.62796E-3 8.26996E-3 4.07564E-3 3.1427E-3 4.05835E-3 3.3281E-3 3.64523E-3 1.24941E-2 8.52836E-3 2.75022E-3 3.83311E-3 1.9542E-3 1.73053E-3 2.51534E-3 2.71804E-3 1.79747E-3 8.95861E-4 7.65192E-3 6.81602E-4 1.01812E-3 8.32861E-4 4.13793E-3 7.37997E-3 1.16357E-3 1.01245E-3 1.03915E-3 8.53095E-4 1.80792E-3 8.14E-3 3.8068E-3 8.81659E-3 3.87269E-3 1.06145E-2 1.0517E-2 7.37252E-3 3.6161E-3 3.25866E-3 3.97909E-3 7.50653E-3 3.23257E-3 8.24862E-3 9.25485E-3 3.67132E-3 3.22479E-3 1.12443E-2 3.88776E-3 1.00808E-2 5.00054E-3 1.38958E-2 5.34855E-3 3.60221E-3 1.39562E-3 1.37736E-4 1.08747E-4 1.44078E-5 2.94243E-5 5.83944E-4 3.55219E-3 8.11412E-3 1.04048E-3 3.58198E-4
2.28314E-3 2.2389E-3 2.93739E-3 4.1273E-3 7.7838E-3 9.42065E-3 1.27754E-2 1.55489E-2 5.76742E-3 5.47704E-3 1.40503E-2 5.38327E-3 5.28252E-3 3.33087E-3 2.03584E-3 2.76117E-3 7.11185E-3 4.73432E-4 3.62085E-4 7.73736E-4 4.88977E-4 3.04906E-3 1.61656E-2 1.25429E-3 1.11244E-3 1.09622E-3 1.19335E-3 3.16185E-3 3.08283E-3 7.53819E-3 1.18746E-2 4.33257E-3 7.99709E-3 1.1876E-2 7.09603E-3 8.04636E-3 8.10831E-3 9.91613E-3 3.04076E-3 2.63789E-3 6.0099E-3 9.92474E-3 3.78125E-3 1.35564E-2 3.65373E-3 6.76917E-4 3.49188E-3 1.06582E-2 3.14212E-3 3.10519E-3 1.19134E-2 3.45851E-3 3.35188E-3 1.45661E-3 1.58208E-4 2.36775E-6 2.78997E-6 2.60191E-4 2.04242E-3 5.78947E-3 2.96064E-3 1.51248E-3
2.27046E-3 3.00191E-3 2.52773E-3 4.29299E-3 1.04767E-2 1.30621E-2 4.87047E-3 1.44836E-2 6.06038E-3 6.92918E-3 2.48768E-2 7.20064E-3 1.97065E-3 1.03602E-3 1.07981E-3 1.78838E-3 3.24934E-3 1.73588E-3 2.93255E-4 6.73504E-4 1.60787E-3 5.43664E-3 2.73368E-3 1.08586E-3 1.09733E-3 2.46959E-3 7.83843E-4 3.03146E-3 3.42975E-3 3.55196E-3 1.02432E-2 1.55E-3 3.39697E-3 5.64474E-3 5.21052E-3 9.02703E-3 8.16835E-3 8.90247E-3 9.11104E-3 1.82769E-3 8.3819E-3 8.66317E-3 1.26175E-2 2.01752E-3 7.28533E-4 7.26585E-3 4.96283E-3 1.93645E-3 3.07109E-3 2.4869E-3 2.87923E-4 1.02271E-3 7.99897E-4 2.46129E-4 1.0353E-4 3.72268E-6 7.5481E-6 5.21463E-5 1.66486E-3 2.64512E-4 1.10423E-4 3.75815E-4
2.51539E-3 3.26615E-3 1.01468E-2 1.11767E-2 1.31692E-2 1.23242E-2 4.75838E-3 5.23347E-3 3.71273E-3 1.30334E-2 3.13214E-3 2.09227E-3 9.66366E-4 1.25889E-3 8.91264E-4 9.74027E-4 1.96967E-3 5.80203E-3 6.31541E-4 1.05132E-3 5.35448E-3 4.20017E-3 3.39227E-4 1.06057E-3 1.65595E-3 4.69237E-4 3.24151E-3 6.23191E-3 2.0477E-3 8.8699E-3 2.91631E-3 8.25057E-3 1.69321E-3 6.10398E-3 3.22056E-3 6.66631E-3 2.8943E-3 6.50252E-3 5.95351E-3 2.78025E-3 1.01702E-2 4.26505E-3 9.81993E-3 1.62592E-3 7.42413E-3 3.05098E-3 2.23003E-3 9.75942E-4 1.87704E-3 6.06055E-4 1.57667E-3 6.54587E-5 1.37852E-4 3.13212E-4 5.1356E-5 3.5317E-5 2.80029E-5 5.0638E-5 7.08967E-5 2.43369E-4 4.30681E-4 1.50844E-4
1.21041E-2 6.15389E-3 4.45031E-3 1.21985E-2 5.81279E-3 5.94985E-3 1.44253E-2 6.49714E-3 4.56224E-3 2.04076E-3 1.04082E-3 7.22648E-3 9.65607E-3 1.85857E-3 1.26162E-3 9.32573E-4 1.70126E-3 5.30617E-3 4.51434E-4 3.16238E-3 1.39505E-2 6.55676E-4 6.06118E-4 4.30775E-4 3.22729E-4 3.24166E-3 2.59371E-3 8.68616E-3 9.85393E-3 3.25219E-3 2.62262E-3 3.62783E-3 1.29542E-3 6.41344E-3 9.02703E-3 7.32998E-3 5.39259E-3 5.90731E-3 5.98235E-3 3.1683E-3 1.02677E-2 9.1078E-3 3.92666E-4 1.78657E-3 4.55859E-3 9.92109E-3 1.15101E-2 1.98744E-3 6.29383E-3 9.67326E-3 1.22728E-3 5.56343E-4 1.67799E-3 7.54912E-4 4.11878E-4 5.95321E-4 5.01366E-5 9.1253E-4 8.31659E-3 1.03231E-2 8.95931E-3 9.38777E-4
1.51917E-2 3.69228E-3 4.48481E-3 7.33266E-3 5.61876E-3 5.99492E-3 6.96768E-3 7.09742E-3 1.57016E-2 2.79206E-3 2.87958E-3 1.46718E-3 2.28879E-3 3.12637E-3 2.37294E-3 1.9794E-3 6.92592E-4 3.88985E-3 5.19969E-3 5.59984E-3 1.59133E-3 4.5256E-4 8.52223E-4 4.16663E-4 7.13308E-4 6.24546E-3 3.54738E-3 2.38731E-3 9.02571E-3 8.42932E-3 3.69077E-3 1.13875E-3 5.11662E-3 7.22942E-3 3.22774E-3 1.64903E-3 1.51732E-3 4.76718E-3 2.74195E-3 7.36686E-3 2.48017E-3 3.74513E-4 2.70008E-3 9.0579E-3 1.00973E-2 3.73199E-3 2.9635E-4 9.18156E-4 1.61879E-3 1.81687E-3 6.94081E-4 1.83671E-3 2.66481E-3 6.84367E-4 1.36586E-3 3.83221E-4 1.52643E-3 2.27708E-3 7.17219E-4 1.32838E-4 4.68967E-5 2.11314E-5
1.1892E-2 1.3387E-2 1.54492E-2 6.16121E-3 5.63928E-3 5.13066E-3 1.61063E-2 3.5389E-3 2.83204E-3 5.26452E-3 2.14218E-3 1.7471E-3 3.55422E-3 9.41291E-3 6.48367E-3 5.25679E-4 1.38525E-3 5.6284E-3 4.70076E-3 2.93487E-3 8.92633E-4 1.33545E-3 5.38567E-3 1.72918E-3 6.09829E-3 5.67216E-3 8.96113E-3 6.17414E-3 3.00612E-3 2.14635E-3 3.27109E-3 1.24595E-3 7.09909E-3 8.09899E-3 1.25163E-3 4.84473E-3 1.42944E-3 5.39375E-3 8.25664E-3 6.81819E-3 2.69921E-3 2.00024E-3 1.02358E-2 2.92401E-3 1.26417E-3 3.77367E-4 4.67234E-5 1.14385E-3 1.92845E-3 4.77422E-4 3.33174E-4 7.80704E-4 1.35511E-3 1.2007E-3 2.47497E-3 3.35702E-4 2.10727E-3 1.95701E-3 1.98065E-4 1.44662E-4 1.06738E-4 6.55313E-5
1.50439E-2 6.17444E-3 6.36446E-3 5.79482E-3 2.41141E-3 2.53307E-3 2.22681E-3 3.18851E-3 8.95945E-3 1.11662E-2 4.18613E-3 1.50008E-3 3.65506E-3 3.86231E-3 4.16475E-3 1.23325E-3 6.42179E-3 5.72294E-3 1.16855E-2 2.81425E-3 8.46692E-3 1.35527E-3 1.89452E-3 2.88546E-3 2.65847E-3 3.35775E-3 5.54128E-3 7.64871E-3 2.99615E-3 1.46025E-3 6.54802E-3 2.51703E-3 5.41321E-3 1.66148E-3 1.51894E-3 6.04739E-3 2.26765E-3 4.68408E-3 2.24889E-3 3.35858E-3 3.88652E-3 2.22677E-3 2.58125E-3 2.59111E-3 1.28549E-3 4.88522E-4 1.17512E-3 9.74949E-4 1.43539E-3 9.7691E-5 6.78836E-5 3.43117E-4 3.51984E-4 3.17043E-4 3.70329E-4 4.96056E-4 1.32517E-3 2.6529E-3 1.15463E-3 1.88149E-4 1.91087E-3 6.39964E-4
6.15379E-3 5.3278E-3 4.34983E-3 3.35321E-3 1.25832E-2 3.07791E-3 3.29299E-3 1.95178E-3 4.05677E-3 3.29285E-3 9.86774E-3 1.64815E-3 1.69315E-3 1.00048E-3 1.60081E-3 4.49874E-3 6.81828E-3 7.11501E-3 5.59366E-3 2.28104E-3 1.67144E-3 2.33818E-3 5.58884E-3 7.99896E-3 5.99687E-3 6.72261E-3 2.24202E-3 8.32556E-3 7.88715E-3 1.65182E-3 1.09933E-3 5.30504E-3 1.5078E-3 1.23412E-3 4.28371E-3 5.69556E-3 4.20541E-3 6.41988E-3 3.09247E-3 2.56949E-3 1.37675E-3 2.50528E-3 1.19309E-3 3.55671E-5 1.25376E-3 4.94317E-4 6.21642E-3 2.07964E-3 4.74378E-4 4.27347E-5 1.16927E-4 2.13731E-4 9.13777E-4 1.32595E-3 2.38518E-4 2.48366E-4 2.6641E-4 9.39019E-4 9.66438E-5 1.07418E-4 7.01334E-4 1.29234E-3
4.36993E-3 4.17211E-3 1.06181E-2 9.23362E-3 1.31264E-2 7.14846E-3 3.40663E-3 5.0459E-3 8.39806E-3 8.81542E-3 1.14384E-2 2.05299E-3 2.48887E-3 5.15611E-3 4.9712E-3 7.0817E-3 7.4861E-3 1.0906E-2 2.69668E-3 5.85184E-3 3.92797E-3 5.15611E-3 4.20227E-3 1.05737E-3 6.03975E-3 5.27405E-3 3.31399E-3 8.25937E-3 7.05779E-3 2.4249E-3 1.22565E-3 2.09473E-3 1.16572E-3 4.59955E-3 6.92932E-3 1.34461E-3 5.71082E-3 7.24008E-3 2.86592E-3 1.61512E-3 3.29477E-3 2.86627E-3 1.26567E-3 3.98812E-5 9.35625E-4 2.25714E-3 1.08009E-3 2.4708E-3 7.4624E-4 7.97331E-4 1.2826E-4 4.9766E-4 4.41211E-4 1.16739E-3 1.51616E-3 2.20173E-4 7.08282E-5 9.87517E-4 7.24871E-4 1.22544E-4 1.6599E-4 2.63793E-4
3.78548E-3 2.38068E-3 3.92111E-3 2.54432E-3 1.21723E-2 7.78746E-3 1.2448E-2 4.12088E-3 8.59573E-3 4.19763E-3 1.23715E-2 1.61632E-3 7.01969E-3 4.66784E-3 6.59157E-3 2.11133E-2 1.75168E-3 2.51498E-3 9.87143E-3 3.76627E-3 3.75904E-3 6.59203E-3 1.69747E-3 3.14994E-3 5.69353E-3 6.56458E-3 2.9554E-3 7.70933E-3 1.74313E-3 5.0236E-3 1.52992E-3 4.53304E-3 1.42874E-3 4.84075E-3 2.32227E-3 3.88365E-3 7.29546E-3 2.41538E-3 1.70569E-3 1.74108E-3 2.60148E-3 1.34776E-3 1.05967E-4 4.3622E-5 1.25684E-3 9.63555E-4 3.54281E-4 7.60199E-4 2.00798E-3 1.04707E-3 1.28531E-3 7.96055E-5 1.20635E-4 6.42164E-4 3.1865E-4 1.21367E-3 4.70977E-4 1.16092E-5 3.52158E-5 3.30887E-4 2.50088E-5 1.51109E-4
2.00712E-3 7.52341E-3 9.86055E-3 1.69621E-2 1.89907E-2 3.34334E-3 9.16504E-3 4.30097E-3 1.01358E-2 8.57601E-3 9.96671E-3 2.96135E-3 5.74894E-3 6.60903E-3 7.37956E-3 5.47505E-3 2.71689E-3 3.28269E-3 1.85087E-3 5.94368E-3 6.75341E-3 2.85086E-3 1.80312E-3 4.28715E-3 5.22808E-3 2.64245E-3 8.12458E-3 3.32369E-3 4.52284E-3 2.16496E-3 5.64107E-3 1.41181E-3 2.71181E-3 1.92975E-3 1.50718E-3 4.40618E-3 6.8467E-3 2.99976E-3 1.76118E-3 1.48013E-3 7.66226E-4 2.31898E-4 2.10109E-5 6.78967E-5 1.46959E-3 1.47552E-3 5.8755E-4 1.74681E-3 9.86978E-4 2.00422E-3 1.44413E-3 1.59298E-3 1.26366E-4 7.99617E-5 7.90475E-4 1.97011E-4 5.18454E-4 3.59123E-4 2.04143E-5 5.59272E-5 1.67172E-6 1.10325E-4
2.85938E-3 7.06014E-3 5.90374E-3 1.71116E-2 2.5519E-3 1.9444E-3 2.15292E-3 2.45403E-3 2.25347E-3 3.32911E-3 4.21492E-3 7.03487E-3 6.9077E-3 2.04445E-2 4.25634E-3 4.24477E-3 1.22754E-2 4.8596E-3 2.8119E-3 6.00467E-3 6.12297E-3 7.20428E-4 1.81227E-3 2.96169E-3 2.84713E-3 3.95535E-3 7.58751E-3 2.70607E-3 6.06379E-3 1.24451E-3 5.42149E-3 1.04554E-3 3.82907E-3 1.72205E-3 1.57581E-3 5.49955E-3 2.49157E-3 2.05906E-3 2.00316E-3 3.67869E-4 4.60337E-5 5.87586E-5 9.78636E-5 3.33027E-5 1.65794E-5 1.15121E-4 2.58688E-4 2.56714E-4 3.2104E-4 1.08931E-3 1.59999E-3 1.28958E-4 5.17549E-5 4.24435E-4 1.47708E-4 4.58959E-4 3.51775E-4 1.11415E-4 4.09436E-4 6.28612E-5 6.82682E-7 8.99526E-6
