day_2/Results/Podomys_floridanus/projections/PaleoClim/-4000/RUN_3.asc
ncols         385
nrows         252
xllcorner     -91.50013924285
yllcorner     25.49986064915003
cellsize      0.041666666500000005
NODATA_value  -9999
[rows 56 to 83 of 252, columns 0 to 61 of 385]
1.15115E-2 1.18344E-2 1.24812E-2 1.31608E-2 1.38747E-2 8.0298E-3 5.8588E-3 8.46206E-3 8.76734E-3 6.39706E-3 6.39706E-3 1.77213E-2 1.77213E-2 9.23837E-3 1.77213E-2 1.77213E-2 1.81818E-2 1.72587E-2 1.63793E-2 1.55416E-2 1.55416E-2 1.47438E-2 1.47438E-2 1.39842E-2 1.0649E-2 5.9532E-3 1.0649E-2 5.6432E-3 1.2573E-2 5.34835E-3 1.12954E-2 1.12954E-2 1.0703E-2 1.19182E-2 1.3022E-2 3.33144E-3 9.55924E-3 1.12639E-2 1.12639E-2 3.45145E-3 2.76108E-3 9.55924E-3 1.11871E-2 7.67349E-3 3.97578E-3 1.06664E-2 1.00986E-2 9.9034E-3 6.97534E-3 2.94E-3 7.77072E-3 8.69027E-3 9.71125E-3 2.50103E-3 2.10692E-3 2.36251E-3 2.10692E-3 1.87763E-3 6.70405E-3 7.66021E-3 8.0986E-3 8.0986E-3
1.14329E-2 1.20567E-2 1.27121E-2 1.34005E-2 1.41235E-2 7.61819E-3 8.0298E-3 8.0298E-3 6.50383E-3 8.91592E-3 8.91592E-3 9.39234E-3 1.71053E-2 9.39234E-3 1.80153E-2 1.80153E-2 1.75499E-2 1.66603E-2 1.66603E-2 1.55416E-2 1.55416E-2 1.47438E-2 1.39842E-2 1.0649E-2 1.32611E-2 1.39842E-2 1.0649E-2 5.6432E-3 1.2573E-2 1.19182E-2 1.12954E-2 1.0703E-2 1.12954E-2 1.19182E-2 5.24868E-3 3.21656E-3 2.81955E-3 2.81955E-3 2.98133E-3 3.33144E-3 2.76108E-3 3.55613E-3 8.0986E-3 1.11871E-2 1.06664E-2 8.86713E-3 8.86713E-3 2.70363E-3 2.41421E-3 2.03435E-3 2.15421E-3 2.41421E-3 1.87763E-3 3.29236E-3 2.41421E-3 2.55506E-3 2.55506E-3 2.28071E-3 5.22256E-3 6.84946E-3 6.84946E-3 2.74191E-3
1.13363E-2 1.22823E-2 1.29464E-2 1.34005E-2 1.34005E-2 1.48825E-2 5.95944E-3 5.95944E-3 6.27778E-3 8.46206E-3 8.91592E-3 8.91592E-3 8.91592E-3 9.39234E-3 1.71053E-2 1.71053E-2 1.75499E-2 1.66603E-2 1.66603E-2 1.58126E-2 1.5005E-2 1.5005E-2 1.42359E-2 1.35036E-2 1.35036E-2 1.35036E-2 1.0844E-2 1.28065E-2 1.21429E-2 1.15115E-2 1.15115E-2 1.09109E-2 1.15115E-2 1.28065E-2 9.56938E-3 3.04341E-3 2.66607E-3 2.2515E-3 3.04341E-3 2.81955E-3 3.15181E-3 2.61006E-3 3.36229E-3 9.55924E-3 8.86713E-3 2.33109E-3 2.61006E-3 2.46686E-3 2.46686E-3 2.03435E-3 2.61006E-3 2.46686E-3 1.92082E-3 3.36229E-3 2.61006E-3 2.76108E-3 8.86713E-3 2.28071E-3 1.96486E-3 6.84946E-3 6.99752E-3 7.39873E-3
1.19537E-2 1.19537E-2 1.29464E-2 1.36437E-2 1.43758E-2 7.88993E-3 1.48825E-2 8.1698E-3 1.56793E-2 6.27778E-3 6.27778E-3 6.27778E-3 1.73927E-2 9.06636E-3 1.73927E-2 1.73927E-2 1.69449E-2 1.69449E-2 1.60872E-2 1.60872E-2 1.52699E-2 1.44912E-2 1.42359E-2 1.42359E-2 1.35036E-2 1.35036E-2 1.37496E-2 5.74837E-3 1.21429E-2 1.15115E-2 1.15115E-2 1.09109E-2 1.15115E-2 1.21429E-2 1.19182E-2 9.41552E-3 9.94318E-3 9.94318E-3 1.04984E-2 1.02969E-2 1.02969E-2 4.28692E-3 2.52048E-3 2.61006E-3 2.2024E-3 2.2515E-3 2.38242E-3 2.66607E-3 2.46686E-3 1.75168E-3 3.24663E-3 2.08043E-3 6.14792E-3 9.04693E-3 9.04693E-3 8.388E-3 8.388E-3 3.36229E-3 1.85538E-3 6.61683E-3 6.61683E-3 7.14827E-3
1.15539E-2 1.21798E-2 1.25112E-2 1.38902E-2 1.36437E-2 1.43758E-2 1.51441E-2 1.51441E-2 6.06137E-3 8.75424E-3 8.60722E-3 9.06636E-3 9.06636E-3 1.73927E-2 1.65154E-2 1.73927E-2 1.69449E-2 1.60872E-2 1.60872E-2 1.52699E-2 1.52699E-2 1.44912E-2 1.44912E-2 1.37496E-2 1.37496E-2 1.04739E-2 1.30433E-2 1.2371E-2 1.1731E-2 1.1731E-2 1.11219E-2 1.1731E-2 1.2371E-2 1.37496E-2 4.8014E-3 9.94318E-3 8.91416E-3 8.43788E-3 8.2668E-3 9.41552E-3 8.73583E-3 2.38242E-3 2.66607E-3 2.38242E-3 2.2515E-3 2.4347E-3 3.31603E-3 2.72308E-3 2.2515E-3 2.1274E-3 2.4347E-3 8.2668E-3 3.50591E-3 3.63041E-3 2.81955E-3 2.66607E-3 2.46686E-3 2.08043E-3 2.4476E-3 6.61683E-3 7.14827E-3 7.14827E-3
1.0958E-2 1.15539E-2 1.28372E-2 1.28372E-2 1.38902E-2 1.42519E-2 1.50123E-2 1.51441E-2 1.43758E-2 6.3834E-3 1.67964E-2 1.67964E-2 1.67964E-2 8.75424E-3 8.75424E-3 1.67964E-2 1.63653E-2 1.63653E-2 1.55382E-2 1.55382E-2 1.475E-2 1.475E-2 1.3999E-2 1.3999E-2 1.32836E-2 1.32836E-2 1.2371E-2 1.1731E-2 1.1731E-2 1.13363E-2 1.11219E-2 1.1731E-2 1.2371E-2 1.44912E-2 3.34937E-3 2.9396E-3 2.78111E-3 8.91416E-3 6.77259E-3 2.30154E-3 2.30154E-3 2.96495E-3 2.72308E-3 2.30154E-3 2.63069E-3 2.30154E-3 7.55603E-3 7.98555E-3 3.38668E-3 8.43788E-3 8.2668E-3 2.57509E-3 7.82147E-3 8.73583E-3 8.73583E-3 8.56046E-3 8.56046E-3 2.2515E-3 4.38434E-3 6.61683E-3 6.39397E-3 7.30174E-3
1.11707E-2 1.17749E-2 1.30754E-2 1.30754E-2 1.37746E-2 1.41402E-2 1.46314E-2 1.50123E-2 1.42519E-2 6.16461E-3 1.62251E-2 1.62251E-2 1.70809E-2 1.62251E-2 1.59505E-2 1.59505E-2 1.55382E-2 1.55382E-2 1.55382E-2 1.55382E-2 1.475E-2 1.3999E-2 1.32836E-2 1.32836E-2 1.26024E-2 1.28372E-2 1.19537E-2 1.19537E-2 1.13363E-2 1.13363E-2 1.13363E-2 1.19537E-2 1.32836E-2 3.60825E-3 3.1708E-3 7.30087E-3 3.99691E-3 2.48795E-3 7.98555E-3 2.17528E-3 6.39397E-3 6.76124E-3 2.48795E-3 2.22408E-3 8.15248E-3 8.61189E-3 7.98555E-3 3.20356E-3 7.98555E-3 2.72308E-3 2.30154E-3 7.82147E-3 2.38242E-3 8.2668E-3 3.63041E-3 1.96486E-3 5.78322E-3 2.00978E-3 2.50336E-3 6.76124E-3 6.76124E-3 6.90831E-3
1.13867E-2 1.17749E-2 1.24093E-2 1.30754E-2 1.30754E-2 1.41402E-2 1.41402E-2 1.52781E-2 1.56778E-2 1.56778E-2 1.56778E-2 1.65034E-2 1.62251E-2 1.54092E-2 1.50123E-2 1.58101E-2 1.58101E-2 1.58101E-2 1.50123E-2 1.42519E-2 1.42519E-2 1.35274E-2 1.28372E-2 1.28372E-2 9.77967E-3 1.21798E-2 1.15539E-2 1.15539E-2 1.0958E-2 1.07487E-2 1.0958E-2 1.26024E-2 4.09826E-3 9.7963E-3 1.03396E-2 3.86106E-3 2.84018E-3 2.35253E-3 1.98675E-3 2.5602E-3 4.95955E-3 6.53485E-3 7.30174E-3 3.27247E-3 9.09547E-3 2.35253E-3 6.76124E-3 7.71612E-3 2.63069E-3 2.48795E-3 2.30154E-3 7.55603E-3 3.31603E-3 2.38242E-3 2.38242E-3 1.75168E-3 2.18329E-3 6.76124E-3 7.55603E-3 6.04552E-3 6.18043E-3 6.90831E-3
1.13867E-2 1.19992E-2 1.26422E-2 1.26422E-2 1.33171E-2 1.40253E-2 1.37746E-2 1.45083E-2 1.52781E-2 1.48906E-2 1.48906E-2 1.56778E-2 1.52781E-2 1.52781E-2 1.45083E-2 1.42519E-2 1.45083E-2 1.45083E-2 1.45083E-2 1.45083E-2 1.37746E-2 1.28372E-2 1.28372E-2 1.21798E-2 5.18433E-3 9.45413E-3 1.17749E-2 1.17749E-2 1.03909E-2 1.03909E-2 1.0958E-2 1.21798E-2 3.96023E-3 2.74493E-3 2.74493E-3 8.32231E-3 8.32231E-3 3.45859E-3 2.27381E-3 2.47501E-3 6.90831E-3 2.14985E-3 2.83077E-3 9.27979E-3 2.6873E-3 1.98675E-3 2.22408E-3 2.48795E-3 7.71612E-3 7.98555E-3 6.40924E-3 2.17528E-3 2.17528E-3 2.4347E-3 2.1274E-3 2.2515E-3 1.69267E-3 7.98555E-3 6.39397E-3 7.71612E-3 7.87903E-3 7.87903E-3
1.10144E-2 1.1606E-2 1.19992E-2 1.26422E-2 1.26422E-2 1.33171E-2 1.40253E-2 1.47683E-2 1.47683E-2 1.47683E-2 1.47683E-2 1.47683E-2 1.47683E-2 1.55476E-2 1.45083E-2 1.37746E-2 1.37746E-2 1.37746E-2 1.30754E-2 1.37746E-2 1.30754E-2 1.24093E-2 1.24093E-2 1.17749E-2 1.17749E-2 8.9685E-3 1.05955E-2 1.05955E-2 1.0048E-2 1.0048E-2 1.05955E-2 1.17749E-2 1.15539E-2 3.80855E-3 6.81852E-3 3.34263E-3 3.34263E-3 7.45796E-3 2.27381E-3 1.92081E-3 2.03229E-3 6.3179E-3 8.49506E-3 2.59742E-3 2.45739E-3 2.74493E-3 3.45859E-3 2.54218E-3 2.35253E-3 3.02978E-3 2.22408E-3 1.9421E-3 3.02978E-3 2.57509E-3 2.4347E-3 2.05557E-3 2.36519E-3 2.36519E-3 6.04552E-3 7.71612E-3 8.15248E-3 9.7963E-3
1.06575E-2 1.18286E-2 1.22269E-2 1.22269E-2 1.28785E-2 1.35623E-2 1.35623E-2 1.35623E-2 1.33171E-2 1.40253E-2 1.33171E-2 1.40253E-2 1.40253E-2 1.40253E-2 1.33171E-2 1.26422E-2 1.33171E-2 1.26422E-2 1.19992E-2 1.19992E-2 1.19992E-2 1.19992E-2 9.14208E-3 4.84653E-3 8.67324E-3 8.67324E-3 4.59665E-3 1.02479E-2 9.71921E-3 9.71921E-3 1.0048E-2 1.17749E-2 4.41823E-3 2.65366E-3 6.45684E-3 8.04481E-3 3.41406E-3 2.19837E-3 1.85761E-3 1.96524E-3 1.96524E-3 6.82453E-3 8.49506E-3 8.04481E-3 8.49506E-3 3.53177E-3 2.40447E-3 8.15248E-3 2.10226E-3 2.22408E-3 1.87726E-3 2.35253E-3 3.20356E-3 7.98555E-3 3.20356E-3 2.57509E-3 1.73266E-3 6.25567E-3 8.15248E-3 8.78885E-3 2.10226E-3 2.10226E-3
1.12289E-2 1.12289E-2 1.18286E-2 1.2458E-2 1.28785E-2 1.22269E-2 1.28785E-2 1.35623E-2 1.35623E-2 1.28785E-2 1.28785E-2 1.35623E-2 1.35623E-2 1.28785E-2 1.28785E-2 1.22269E-2 1.22269E-2 1.19992E-2 1.19992E-2 1.13867E-2 1.13867E-2 1.13867E-2 8.67324E-3 8.22688E-3 4.59665E-3 8.22688E-3 7.80203E-3 9.71921E-3 9.21602E-3 9.71921E-3 1.08033E-2 4.75301E-3 3.96784E-3 8.67077E-3 3.30125E-3 2.65366E-3 2.37612E-3 3.23152E-3 3.05819E-3 2.01055E-3 6.9734E-3 8.67077E-3 2.37612E-3 2.65366E-3 2.32448E-3 3.16305E-3 2.74493E-3 2.14985E-3 2.03229E-3 2.14985E-3 3.09581E-3 8.15248E-3 3.27247E-3 2.35253E-3 2.35253E-3 2.22408E-3 1.9421E-3 2.10226E-3 7.71612E-3 7.71612E-3 7.71612E-3 2.40447E-3
1.08672E-2 1.14467E-2 1.20547E-2 1.26926E-2 1.2458E-2 1.18286E-2 1.2458E-2 1.31183E-2 1.1606E-2 1.2458E-2 1.28785E-2 1.22269E-2 1.22269E-2 1.1606E-2 1.1606E-2 1.1606E-2 1.1606E-2 1.1606E-2 1.10144E-2 1.04511E-2 1.10144E-2 1.04511E-2 4.44674E-3 4.44674E-3 4.21709E-3 4.21709E-3 4.21709E-3 4.21709E-3 9.40393E-3 1.04511E-2 1.22269E-2 5.2838E-3 2.92411E-3 2.76924E-3 2.71093E-3 2.42873E-3 8.84947E-3 7.36581E-3 2.95769E-3 2.7988E-3 6.60066E-3 6.73017E-3 2.86332E-3 2.37612E-3 2.37612E-3 2.51129E-3 2.19837E-3 1.92081E-3 2.07873E-3 7.87903E-3 8.32231E-3 7.71612E-3 2.10226E-3 2.76907E-3 6.54333E-3 2.35253E-3 2.70852E-3 2.35253E-3 1.98675E-3 6.53485E-3 3.09581E-3 2.40447E-3
1.03151E-2 1.08672E-2 1.20547E-2 1.20547E-2 1.14467E-2 1.06575E-2 1.2458E-2 1.12289E-2 1.2458E-2 1.18286E-2 1.18286E-2 1.18286E-2 1.12289E-2 1.12289E-2 1.12289E-2 1.06575E-2 1.06575E-2 1.06575E-2 1.06575E-2 4.53608E-3 9.91463E-3 9.91463E-3 1.04511E-2 7.95906E-3 4.44674E-3 4.44674E-3 1.04511E-2 8.39015E-3 8.39015E-3 1.1606E-2 1.35623E-2 1.02479E-2 1.0048E-2 8.55965E-3 9.52695E-3 1.0048E-2 8.84947E-3 2.42873E-3 2.95769E-3 5.41372E-3 8.55965E-3 7.94355E-3 3.56076E-3 3.48676E-3 8.21348E-3 2.8036E-3 2.07873E-3 2.37612E-3 6.1132E-3 2.74493E-3 2.27381E-3 2.03229E-3 1.71493E-3 7.05807E-3 3.94059E-3 2.10226E-3 2.27381E-3 2.6873E-3 2.27381E-3 2.40447E-3 5.86001E-3 7.45796E-3
1.05202E-2 1.22842E-2 1.29306E-2 1.20547E-2 9.19031E-3 1.08672E-2 1.20547E-2 1.14467E-2 1.14467E-2 1.06575E-2 1.08672E-2 1.12289E-2 1.01133E-2 1.08672E-2 1.01133E-2 9.59498E-3 9.59498E-3 1.01133E-2 1.01133E-2 1.06575E-2 4.53608E-3 4.78091E-3 4.78091E-3 4.78091E-3 5.03803E-3 4.78091E-3 9.01526E-3 1.18286E-2 1.2458E-2 1.3811E-2 3.98045E-3 3.4445E-3 1.02479E-2 9.52695E-3 8.11118E-3 3.37223E-3 2.34959E-3 2.10388E-3 3.02295E-3 8.55965E-3 2.76924E-3 2.6221E-3 2.48234E-3 2.42873E-3 2.42873E-3 2.12607E-3 3.48676E-3 6.45684E-3 2.8036E-3 2.45739E-3 2.19837E-3 2.19837E-3 2.19837E-3 8.96881E-3 2.59742E-3 2.27381E-3 2.99257E-3 7.45796E-3 2.59742E-3 2.59742E-3 3.16305E-3 7.87903E-3
1.10802E-2 1.22842E-2 1.29306E-2 1.29306E-2 5.23561E-3 1.16678E-2 1.22842E-2 1.08672E-2 1.14467E-2 1.08672E-2 1.08672E-2 1.08672E-2 1.03151E-2 1.08672E-2 1.08672E-2 1.08672E-2 1.03151E-2 1.08672E-2 1.08672E-2 1.08672E-2 1.14467E-2 5.13605E-3 5.13605E-3 5.03803E-3 5.03803E-3 9.49734E-3 5.308E-3 1.31183E-2 1.45374E-2 1.42796E-2 3.57977E-3 7.80203E-3 4.04953E-3 3.26243E-3 6.16763E-3 3.63606E-3 2.40193E-3 2.92506E-3 3.08942E-3 9.21602E-3 8.11118E-3 9.52695E-3 9.52695E-3 8.55965E-3 2.76924E-3 2.71093E-3 2.86332E-3 2.51129E-3 2.24782E-3 2.65366E-3 2.37612E-3 2.8036E-3 3.60624E-3 8.96881E-3 2.59742E-3 2.19837E-3 7.21055E-3 3.41406E-3 8.49506E-3 3.80855E-3 2.96147E-3 3.41406E-3
1.18924E-2 1.31722E-2 1.05775E-2 5.51314E-3 5.23561E-3 1.25171E-2 1.31722E-2 5.23561E-3 1.16678E-2 8.8958E-3 1.10802E-2 1.10802E-2 1.10802E-2 8.72458E-3 1.10802E-2 8.72458E-3 1.08672E-2 8.72458E-3 1.14467E-2 1.14467E-2 1.22842E-2 9.67907E-3 5.13605E-3 1.20547E-2 5.40979E-3 1.26926E-2 1.33616E-2 1.47988E-2 1.3811E-2 1.28785E-2 4.19615E-3 3.39389E-3 3.70125E-3 2.40193E-3 7.84852E-3 3.91739E-3 2.2737E-3 5.96829E-3 8.45528E-3 3.91739E-3 2.67905E-3 3.63606E-3 2.67905E-3 4.04953E-3 2.76924E-3 8.84947E-3 3.08707E-3 2.42873E-3 2.71093E-3 2.29823E-3 8.21348E-3 3.88752E-3 2.96147E-3 2.51129E-3 2.65366E-3 8.67077E-3 2.24782E-3 8.67077E-3 2.65366E-3 8.21348E-3 7.34612E-3 2.8036E-3
1.27536E-2 1.25171E-2 1.00509E-2 5.61805E-3 5.61805E-3 1.38588E-2 1.38588E-2 4.16286E-3 4.81294E-3 1.18924E-2 8.8958E-3 1.10802E-2 1.10802E-2 1.16678E-2 4.97114E-3 8.8958E-3 1.16678E-2 1.22842E-2 4.97114E-3 1.10802E-2 1.16678E-2 9.86357E-3 1.29306E-2 5.8043E-3 1.29306E-2 1.36084E-2 1.63776E-2 5.09349E-3 4.50699E-3 3.4633E-3 1.22269E-2 5.20776E-3 3.98045E-3 2.73703E-3 7.59658E-3 8.45528E-3 3.4049E-3 8.01519E-3 1.06575E-2 3.79068E-3 9.91463E-3 9.21602E-3 9.71921E-3 4.27241E-3 2.6221E-3 9.52695E-3 3.08707E-3 2.76924E-3 3.75913E-3 3.56076E-3 4.18737E-3 2.86332E-3 2.71093E-3 2.37612E-3 2.56619E-3 3.30125E-3 2.71093E-3 3.48676E-3 2.86332E-3 3.68203E-3 9.33782E-3 1.03909E-2
5.43938E-3 1.27536E-2 5.72456E-3 5.43938E-3 1.34173E-2 1.41128E-2 6.02358E-3 5.91314E-3 5.33671E-3 5.33671E-3 1.18924E-2 5.06853E-3 1.12966E-2 1.12966E-2 9.06973E-3 1.18924E-2 1.16678E-2 1.22842E-2 4.08284E-3 4.08284E-3 1.25171E-2 1.22842E-2 1.31722E-2 1.29306E-2 1.36084E-2 1.50638E-2 1.75179E-2 1.3811E-2 1.31183E-2 1.2458E-2 3.28377E-3 1.12289E-2 9.91463E-3 8.45528E-3 9.10154E-3 2.79608E-3 3.47807E-3 1.06575E-2 9.40393E-3 1.04511E-2 1.10144E-2 1.13867E-2 1.13867E-2 3.15152E-3 4.04953E-3 9.52695E-3 2.92411E-3 2.92411E-3 2.6221E-3 9.52695E-3 3.25853E-3 2.76924E-3 2.42873E-3 2.92411E-3 2.6221E-3 2.92411E-3 2.92411E-3 2.92411E-3 9.52695E-3 1.0048E-2 9.85124E-3 1.03909E-2
5.54363E-3 5.72456E-3 4.4676E-3 4.4676E-3 5.72456E-3 5.72456E-3 1.07746E-2 5.72456E-3 5.43938E-3 1.27536E-2 1.21204E-2 1.15164E-2 1.12966E-2 1.18924E-2 1.18924E-2 1.12966E-2 1.18924E-2 5.06853E-3 5.33671E-3 1.25171E-2 5.61805E-3 5.33671E-3 1.25171E-2 1.31722E-2 1.53324E-2 1.78154E-2 1.55697E-2 4.35964E-3 3.4633E-3 9.10154E-3 1.18286E-2 1.12289E-2 3.11299E-3 2.56497E-3 8.63183E-3 8.81144E-3 1.03151E-2 8.11867E-3 2.79608E-3 2.95055E-3 3.11299E-3 2.88904E-3 4.35886E-3 2.98597E-3 1.08033E-2 3.15152E-3 2.82861E-3 7.64755E-3 2.67905E-3 4.27241E-3 2.48234E-3 2.6221E-3 2.82861E-3 4.04953E-3 3.15152E-3 4.27241E-3 8.06622E-3 1.05955E-2 1.11707E-2 3.70125E-3 3.75913E-3 1.0048E-2
5.54363E-3 5.54363E-3 4.32672E-3 1.3666E-2 6.13565E-3 1.3666E-2 6.13565E-3 5.72456E-3 1.29936E-2 5.43938E-3 5.16746E-3 4.90823E-3 1.15164E-2 1.15164E-2 1.21204E-2 4.24415E-3 4.81294E-3 1.15164E-2 1.21204E-2 1.27536E-2 1.07746E-2 1.27536E-2 1.05775E-2 1.38588E-2 1.72408E-2 1.66617E-2 6.3147E-3 4.59253E-3 3.72537E-3 3.17817E-3 4.303E-3 3.79998E-3 4.39034E-3 2.85619E-3 7.92534E-3 1.03151E-2 1.08672E-2 3.24448E-3 3.17817E-3 1.01133E-2 4.53608E-3 3.28377E-3 2.73703E-3 7.54871E-3 3.21708E-3 3.04892E-3 2.53694E-3 2.73703E-3 9.21602E-3 3.21708E-3 2.73703E-3 3.04892E-3 1.02479E-2 4.59665E-3 9.71921E-3 1.08033E-2 1.02479E-2 4.84653E-3 4.75301E-3 3.50874E-3 3.08707E-3 3.75913E-3
5.64948E-3 5.64948E-3 5.37E-3 1.39183E-2 1.3666E-2 1.3666E-2 1.3666E-2 1.04339E-2 1.04339E-2 9.42582E-3 1.17396E-2 1.17396E-2 1.17396E-2 1.17396E-2 1.23519E-2 1.29936E-2 9.24639E-3 1.09404E-2 1.09404E-2 1.21204E-2 1.41128E-2 5.43938E-3 1.34173E-2 1.6404E-2 1.78154E-2 5.40979E-3 1.40632E-2 3.72537E-3 1.03151E-2 3.60563E-3 1.16678E-2 4.71916E-3 1.05202E-2 3.07687E-3 9.47831E-3 1.10802E-2 9.98664E-3 4.16513E-3 1.03151E-2 7.85828E-3 4.78091E-3 3.28377E-3 2.64921E-3 1.01133E-2 3.28377E-3 3.11299E-3 2.79608E-3 2.95055E-3 2.95055E-3 1.04511E-2 1.04511E-2 1.10144E-2 1.10144E-2 3.77514E-3 2.82861E-3 9.71921E-3 1.13867E-2 4.19615E-3 3.70125E-3 3.90361E-3 3.25853E-3 2.76924E-3
1.21965E-2 5.37E-3 1.19663E-2 1.32371E-2 1.06298E-2 1.06298E-2 1.32371E-2 1.32371E-2 1.32371E-2 1.23519E-2 1.17396E-2 1.19663E-2 1.17396E-2 1.11556E-2 1.19663E-2 1.32371E-2 1.17396E-2 1.05986E-2 1.17396E-2 1.23519E-2 1.29936E-2 1.29936E-2 1.51081E-2 1.75359E-2 1.38588E-2 1.4319E-2 5.40979E-3 3.24448E-3 8.01693E-3 1.05202E-2 1.12966E-2 1.07287E-2 1.07287E-2 1.01873E-2 1.12966E-2 1.10802E-2 1.16678E-2 1.22842E-2 1.05202E-2 1.16678E-2 4.87527E-3 3.35161E-3 3.01315E-3 9.59498E-3 3.01315E-3 2.64921E-3 4.08114E-3 1.01133E-2 1.12289E-2 4.78091E-3 3.28377E-3 3.04892E-3 4.21709E-3 4.35886E-3 3.77514E-3 3.04892E-3 1.10144E-2 5.10905E-3 3.98045E-3 3.98045E-3 3.90361E-3 2.82861E-3
5.20335E-3 4.94548E-3 1.21965E-2 1.34843E-2 1.02987E-2 1.41742E-2 1.41742E-2 1.32371E-2 1.32371E-2 1.25869E-2 1.19663E-2 1.19663E-2 1.19663E-2 1.13741E-2 1.13741E-2 1.25869E-2 1.13741E-2 1.08092E-2 1.08092E-2 1.13741E-2 1.32371E-2 1.43704E-2 1.70917E-2 1.48415E-2 1.10802E-2 3.49077E-3 3.8758E-3 3.56212E-3 1.12966E-2 1.07287E-2 1.21204E-2 1.15164E-2 1.15164E-2 1.21204E-2 1.12966E-2 4.47913E-3 3.49077E-3 1.05202E-2 1.36084E-2 1.29306E-2 1.10802E-2 3.4206E-3 3.24448E-3 1.03151E-2 1.03151E-2 1.08672E-2 1.03151E-2 3.35161E-3 3.53387E-3 1.01133E-2 4.1378E-3 3.65198E-3 3.65198E-3 3.39389E-3 3.57977E-3 3.21708E-3 1.04511E-2 1.22269E-2 1.28785E-2 4.19615E-3 3.32564E-3 3.15152E-3
5.30485E-3 5.04335E-3 1.18216E-2 1.30676E-2 1.28255E-2 1.34843E-2 1.34843E-2 1.28255E-2 1.41742E-2 1.19663E-2 1.13741E-2 1.21965E-2 1.21965E-2 1.21965E-2 1.19663E-2 1.28255E-2 1.19663E-2 1.02704E-2 1.08092E-2 1.28255E-2 1.3565E-2 7.80852E-3 9.06132E-3 1.25171E-2 3.49077E-3 3.04309E-3 1.09404E-2 1.21204E-2 1.29936E-2 1.27536E-2 1.27536E-2 1.15164E-2 1.15164E-2 1.09404E-2 1.27536E-2 1.21204E-2 9.06973E-3 3.49077E-3 9.98664E-3 1.10802E-2 8.01693E-3 9.98664E-3 1.10802E-2 1.10802E-2 3.60563E-3 1.03151E-2 1.03151E-2 4.87527E-3 3.35161E-3 3.01315E-3 4.87527E-3 3.92653E-3 3.92653E-3 3.85023E-3 3.65198E-3 3.4633E-3 4.68804E-3 3.85023E-3 4.94153E-3 3.57977E-3 3.57977E-3 3.39389E-3
5.04335E-3 5.04335E-3 1.18216E-2 1.24302E-2 1.30676E-2 1.3735E-2 1.3735E-2 1.3735E-2 1.44337E-2 1.21965E-2 1.15961E-2 1.21965E-2 1.15961E-2 1.21965E-2 1.15961E-2 1.28255E-2 1.21965E-2 1.15961E-2 1.15961E-2 4.98045E-3 5.78226E-3 5.40576E-3 1.09404E-2 4.66115E-3 3.45037E-3 1.11556E-2 1.23519E-2 1.33191E-2 1.3666E-2 1.23519E-2 1.26636E-2 1.15164E-2 1.09404E-2 1.09404E-2 1.18125E-2 1.27536E-2 1.27536E-2 1.18924E-2 3.31195E-3 3.31195E-3 1.07287E-2 1.05202E-2 4.71916E-3 3.67858E-3 3.07687E-3 8.44573E-3 3.24448E-3 3.95075E-3 1.16678E-2 4.21834E-3 3.17817E-3 3.35161E-3 4.00406E-3 1.07299E-2 4.59253E-3 4.05851E-3 3.85023E-3 4.05851E-3 3.4633E-3 4.94153E-3 4.27727E-3 3.11299E-3
4.88971E-3 1.14616E-2 1.26675E-2 1.26675E-2 1.33133E-2 1.39894E-2 1.33133E-2 1.30676E-2 1.3735E-2 1.3735E-2 1.30676E-2 1.24302E-2 1.18216E-2 1.12407E-2 1.21145E-2 1.30676E-2 1.27358E-2 5.07209E-3 4.98045E-3 1.05986E-2 1.00674E-2 3.98767E-3 3.10763E-3 9.56112E-3 1.25869E-2 5.14195E-3 7.0645E-3 1.29936E-2 1.29936E-2 1.33191E-2 1.24297E-2 1.15164E-2 1.12238E-2 1.09404E-2 1.11556E-2 1.33191E-2 1.27536E-2 4.5694E-3 8.61324E-3 1.09404E-2 1.07287E-2 8.17819E-3 1.12966E-2 3.67858E-3 3.14171E-3 1.05202E-2 3.14171E-3 3.14171E-3 1.05202E-2 1.22842E-2 3.8758E-3 4.30015E-3 5.8043E-3 4.44328E-3 4.59253E-3 4.59253E-3 3.72537E-3 4.35964E-3 3.72537E-3 3.72537E-3 4.83697E-3 3.72537E-3
1.11158E-2 5.2438E-3 5.2438E-3 1.29083E-2 1.14616E-2 1.33133E-2 1.33133E-2 1.33133E-2 1.33133E-2 1.33133E-2 1.26675E-2 1.33133E-2 1.24302E-2 1.18216E-2 1.18216E-2 1.27358E-2 7.69974E-3 1.19663E-2 1.32371E-2 7.92144E-3 2.94844E-3 3.86411E-3 1.13741E-2 4.98045E-3 1.22672E-2 1.2901E-2 1.22672E-2 5.40576E-3 1.23519E-2 1.09404E-2 1.15164E-2 1.03913E-2 1.03913E-2 1.08721E-2 1.20381E-2 1.17396E-2 1.09404E-2 1.29936E-2 1.21204E-2 1.03913E-2 1.15164E-2 4.66115E-3 4.66115E-3 5.06853E-3 3.31195E-3 3.31195E-3 3.14171E-3 1.01873E-2 4.47913E-3 3.31195E-3 1.18924E-2 4.5282E-3 4.5282E-3 4.21834E-3 4.00406E-3 4.44328E-3 3.92653E-3 4.44328E-3 4.44328E-3 4.21834E-3 5.99849E-3 4.00406E-3
