day_2/Results/Podomys_floridanus/projections/PaleoClim/-4000/RUN_3.asc
ncols         385
nrows         252
xllcorner     -91.50013924285
yllcorner     25.49986064915003
cellsize      0.041666666500000005
NODATA_value  -9999
[rows 140 to 167 of 252, columns 0 to 61 of 385]
7.4062E-3 7.75842E-3 8.12589E-3 8.90889E-3 9.12249E-3 9.12249E-3 8.7156E-3 1.02216E-2 1.02216E-2 1.04594E-2 1.00021E-2 9.79022E-3 5.67965E-3 5.81599E-3 6.22513E-3 4.19993E-3 4.4941E-3 4.87779E-3 5.28996E-3 5.89224E-3 5.89224E-3 6.64976E-3 7.08044E-3 7.6469E-3 7.8062E-3 7.76824E-3 -9999 -9999 -9999 -9999 -9999 -9999 -9999 -9999 -9999 -9999 -9999 -9999 2.16397E-2 2.16397E-2 -9999 2.5139E-2 2.56115E-2 2.68899E-2 1.90236E-1 1.96066E-1 3.01493E-2 -9999 2.07346E-1 2.12586E-1 2.12586E-1 -9999 -9999 -9999 1.55491E-1 2.09296E-1 -9999 -9999 -9999 -9999 -9999 -9999
7.95103E-3 8.52902E-3 8.92638E-3 9.77207E-3 9.77207E-3 1.00021E-2 1.00021E-2 1.04594E-2 1.02369E-2 1.02369E-2 6.64513E-3 6.0813E-3 4.39049E-3 4.30023E-3 4.4941E-3 4.6695E-3 4.4693E-3 4.8514E-3 5.41065E-3 6.1141E-3 6.51605E-3 6.93885E-3 7.04383E-3 7.8062E-3 8.08874E-3 8.38088E-3 9.44354E-3 -9999 -9999 -9999 -9999 -9999 -9999 -9999 -9999 -9999 -9999 2.23261E-2 2.23261E-2 2.23261E-2 1.68145E-1 1.70583E-1 1.81433E-1 1.83939E-1 1.87039E-1 -9999 -9999 -9999 1.57525E-1 -9999 -9999 -9999 1.66563E-1 1.61788E-1 1.61788E-1 1.55054E-1 -9999 -9999 -9999 -9999 -9999 -9999
8.73707E-3 8.73707E-3 1.02369E-2 1.04594E-2 1.02369E-2 1.02369E-2 1.07019E-2 1.09492E-2 6.35755E-3 6.22513E-3 6.79855E-3 4.4941E-3 4.69586E-3 4.4693E-3 4.77901E-3 5.18341E-3 4.75457E-3 5.38305E-3 5.74482E-3 6.48359E-3 6.75853E-3 7.30337E-3 8.08874E-3 8.72263E-3 8.89994E-3 9.08021E-3 1.18806E-2 1.38879E-2 1.54922E-2 1.63761E-2 1.72963E-2 -9999 -9999 -9999 -9999 2.15626E-2 2.26918E-2 2.26918E-2 1.55206E-1 1.60213E-1 1.67771E-1 1.77933E-1 1.77933E-1 1.83412E-1 -9999 -9999 -9999 -9999 1.61788E-1 1.63876E-1 1.81857E-1 1.84162E-1 1.81857E-1 1.84162E-1 1.78999E-1 1.78999E-1 -9999 -9999 -9999 -9999 -9999 -9999
1.0022E-2 1.0022E-2 1.04763E-2 6.64513E-3 6.79855E-3 6.79855E-3 6.79855E-3 6.50612E-3 6.65768E-3 6.65768E-3 4.87779E-3 4.99081E-3 4.99081E-3 4.75457E-3 4.5524E-3 5.38305E-3 5.05657E-3 5.96355E-3 6.35699E-3 6.62595E-3 7.16091E-3 8.05105E-3 8.5536E-3 9.21745E-3 1.23519E-2 1.28626E-2 1.36265E-2 1.52011E-2 1.66735E-2 1.72307E-2 1.78692E-2 1.91348E-2 2.05131E-2 2.08213E-2 2.1174E-2 1.50317E-1 1.50317E-1 1.52664E-1 1.62202E-1 1.67329E-1 1.72572E-1 1.33543E-1 1.35485E-1 -9999 -9999 -9999 1.73937E-1 1.78999E-1 1.78999E-1 1.84162E-1 1.86481E-1 1.89026E-1 1.89026E-1 1.91387E-1 1.86137E-1 1.86137E-1 -9999 -9999 -9999 -9999 -9999 -9999
6.955E-3 6.955E-3 6.955E-3 6.955E-3 7.26427E-3 7.42886E-3 7.11454E-3 7.11454E-3 6.67446E-3 5.0664E-3 5.41065E-3 5.18341E-3 5.38305E-3 4.73166E-3 5.05657E-3 5.48122E-3 5.60774E-3 6.32908E-3 6.59623E-3 7.12956E-3 6.99463E-3 8.18501E-3 1.18806E-2 1.28626E-2 1.31163E-2 1.38904E-2 1.46415E-2 1.5719E-2 1.66118E-2 1.84596E-2 1.94672E-2 2.01017E-2 2.1174E-2 1.50317E-1 1.4786E-1 1.54792E-1 1.57192E-1 1.17725E-1 1.19575E-1 1.23413E-1 -9999 -9999 -9999 -9999 -9999 -9999 1.76229E-1 1.80985E-1 1.80985E-1 1.91069E-1 1.91069E-1 1.91069E-1 1.91069E-1 1.93475E-1 1.88237E-1 1.90803E-1 -9999 -9999 -9999 -9999 -9999 -9999
7.92859E-3 7.92859E-3 7.92859E-3 7.59663E-3 7.59663E-3 7.76762E-3 5.32994E-3 5.32994E-3 5.5337E-3 5.00472E-3 5.74482E-3 5.74482E-3 5.87462E-3 5.03425E-3 5.3762E-3 5.35463E-3 5.71436E-3 6.04736E-3 6.71505E-3 7.55487E-3 9.7533E-3 1.14489E-2 1.31163E-2 1.35757E-2 1.43718E-2 1.54313E-2 1.54313E-2 1.65552E-2 1.74832E-2 1.87256E-2 1.97429E-2 1.45544E-1 1.4786E-1 1.52298E-1 1.47518E-1 1.10375E-1 1.12176E-1 1.15623E-1 1.21241E-1 1.25084E-1 1.41304E-1 1.47845E-1 1.5233E-1 -9999 -9999 1.80714E-1 1.80714E-1 1.80714E-1 1.83095E-1 1.90803E-1 1.93241E-1 1.93241E-1 1.93241E-1 1.95694E-1 1.95694E-1 1.90466E-1 -9999 -9999 -9999 -9999 -9999 -9999
6.35676E-3 5.84463E-3 6.18814E-3 5.93311E-3 6.06427E-3 6.06427E-3 5.81488E-3 5.7007E-3 5.94464E-3 5.46577E-3 5.67505E-3 6.05017E-3 6.07165E-3 6.20918E-3 5.48044E-3 5.93511E-3 6.07202E-3 8.64524E-3 9.0015E-3 9.77734E-3 1.03915E-2 1.21038E-2 1.35291E-2 1.4324E-2 1.51533E-2 1.62589E-2 1.62589E-2 1.74306E-2 1.77505E-2 1.40887E-1 1.43171E-1 1.42852E-1 1.10375E-1 1.12176E-1 1.13996E-1 1.15623E-1 1.13824E-1 1.10249E-1 1.28791E-1 1.41122E-1 1.47669E-1 1.52136E-1 1.56531E-1 1.63486E-1 -9999 1.82904E-1 1.77878E-1 1.82904E-1 1.85332E-1 1.93059E-1 1.93059E-1 1.95545E-1 1.95545E-1 1.92828E-1 1.98047E-1 1.90337E-1 -9999 -9999 -9999 -9999 -9999 -9999
7.01655E-3 6.73353E-3 6.46075E-3 6.33399E-3 6.07685E-3 6.42986E-3 6.16884E-3 6.05017E-3 6.05017E-3 5.93554E-3 5.93554E-3 6.32348E-3 5.91299E-3 6.69027E-3 8.64524E-3 8.64524E-3 9.02542E-3 9.22632E-3 9.95972E-3 1.03596E-2 1.11687E-2 1.23145E-2 1.32484E-2 1.5109E-2 1.62131E-2 1.65197E-2 1.19291E-1 1.29781E-1 1.33856E-1 1.01924E-1 1.06837E-1 1.08611E-1 1.11985E-1 1.10249E-1 1.24812E-1 1.24812E-1 1.22949E-1 1.34844E-1 1.34844E-1 1.36993E-1 1.49783E-1 1.49783E-1 1.6337E-1 1.6337E-1 1.75344E-1 1.80291E-1 1.85222E-1 1.85222E-1 1.877E-1 1.877E-1 1.95449E-1 1.97986E-1 1.97986E-1 1.97986E-1 1.97986E-1 -9999 -9999 -9999 -9999 -9999 -9999 1.82692E-1
7.42615E-3 7.58186E-3 7.28207E-3 6.99285E-3 6.7139E-3 6.85985E-3 6.68648E-3 6.68648E-3 6.30013E-3 6.46404E-3 8.14157E-3 7.81782E-3 8.32346E-3 8.32346E-3 9.22632E-3 9.57352E-3 9.95972E-3 1.05828E-2 1.05556E-2 1.1208E-2 1.30183E-2 1.35159E-2 1.39957E-2 1.09401E-1 1.15301E-1 1.23131E-1 1.25301E-1 9.35657E-2 9.84464E-2 1.01601E-1 1.04975E-1 1.10249E-1 1.28791E-1 1.09826E-1 1.22867E-1 1.19059E-1 1.22819E-1 1.32831E-1 1.36929E-1 1.45352E-1 1.56492E-1 1.58669E-1 1.6569E-1 1.70434E-1 1.80157E-1 1.80157E-1 1.87674E-1 1.92784E-1 1.92784E-1 1.95326E-1 1.97977E-1 1.97977E-1 2.00565E-1 2.00565E-1 2.00565E-1 -9999 -9999 -9999 -9999 -9999 1.83005E-1 -9999
8.34502E-3 8.34502E-3 8.02095E-3 7.40601E-3 9.55873E-3 9.18537E-3 9.18537E-3 9.38282E-3 8.66417E-3 9.01717E-3 8.85465E-3 8.9885E-3 8.82912E-3 9.0244E-3 1.03308E-2 1.09733E-2 1.07844E-2 1.1822E-2 1.25367E-2 1.2989E-2 9.70841E-2 1.07638E-1 1.09644E-1 1.11213E-1 1.17177E-1 9.0462E-2 9.20982E-2 9.51098E-2 9.68126E-2 1.13434E-1 1.15399E-1 1.20823E-1 1.26766E-1 1.17352E-1 1.21085E-1 1.21085E-1 1.2492E-1 1.35013E-1 1.39126E-1 1.4764E-1 1.5885E-1 1.5885E-1 1.68136E-1 1.72884E-1 1.77723E-1 1.82692E-1 1.87698E-1 1.87833E-1 1.90395E-1 1.90395E-1 1.92932E-1 1.92932E-1 1.92932E-1 1.95486E-1 -9999 -9999 -9999 -9999 -9999 -9999 1.90648E-1 -9999
1.12024E-2 1.12024E-2 1.03654E-2 1.01184E-2 9.96786E-3 9.21287E-3 9.55437E-3 9.55437E-3 1.05485E-2 1.01477E-2 9.76031E-3 9.96996E-3 9.59027E-3 1.03372E-2 1.16198E-2 1.22528E-2 1.2989E-2 1.27709E-2 1.00387E-1 1.03962E-1 1.11213E-1 1.13273E-1 8.74414E-2 8.60811E-2 8.73294E-2 9.19899E-2 1.04427E-1 1.06307E-1 1.09761E-1 1.11716E-1 1.17352E-1 1.19024E-1 1.21085E-1 1.21106E-1 1.27059E-1 1.28858E-1 1.31051E-1 1.37309E-1 1.43423E-1 1.50047E-1 1.61333E-1 1.61333E-1 1.68216E-1 1.68616E-1 1.68616E-1 1.83005E-1 1.83005E-1 1.90468E-1 1.90468E-1 1.93062E-1 1.95486E-1 1.95486E-1 -9999 2.0074E-1 -9999 -9999 -9999 -9999 -9999 -9999 -9999 -9999
1.22936E-2 1.13918E-2 1.0963E-2 1.16237E-2 1.03628E-2 1.03628E-2 9.96996E-3 1.03372E-2 1.03372E-2 1.09676E-2 1.09676E-2 1.11976E-2 1.11976E-2 1.27709E-2 1.32566E-2 9.69122E-2 1.09644E-1 1.05931E-1 1.13273E-1 8.61916E-2 8.90489E-2 9.52303E-2 9.19899E-2 9.36641E-2 9.95343E-2 1.0475E-1 1.02834E-1 1.08177E-1 1.11702E-1 1.13704E-1 1.19407E-1 1.17381E-1 1.23216E-1 1.23295E-1 1.29319E-1 1.31148E-1 1.33393E-1 1.41687E-1 1.50173E-1 1.46541E-1 1.55112E-1 1.64182E-1 1.64182E-1 1.7124E-1 1.78338E-1 1.85726E-1 1.85726E-1 1.90648E-1 1.93246E-1 1.93246E-1 2.00947E-1 -9999 -9999 -9999 -9999 -9999 -9999 -9999 -9999 -9999 -9999 1.91601E-1
1.2749E-2 1.22816E-2 1.18292E-2 1.18292E-2 1.20706E-2 1.1627E-2 1.11976E-2 1.14317E-2 8.85709E-2 8.42403E-2 8.24453E-2 8.40978E-2 9.20405E-2 1.02319E-1 1.13273E-1 1.17177E-1 9.0462E-2 9.52303E-2 9.69164E-2 9.83132E-2 1.00044E-1 1.13434E-1 1.15399E-1 1.13357E-1 1.08177E-1 1.08174E-1 1.10145E-1 1.08202E-1 1.10194E-1 1.15794E-1 1.19548E-1 1.19548E-1 1.27234E-1 1.2945E-1 1.2821E-1 1.2821E-1 1.34327E-1 1.38313E-1 1.46732E-1 1.50966E-1 1.57706E-1 1.66876E-1 1.71463E-1 1.71463E-1 1.78688E-1 1.85968E-1 1.90879E-1 1.93514E-1 1.96144E-1 1.98519E-1 -9999 -9999 -9999 -9999 -9999 -9999 -9999 -9999 -9999 -9999 2.46967E-1 1.91601E-1
9.68545E-2 9.35271E-2 9.35271E-2 9.02929E-2 8.71503E-2 8.88633E-2 8.88633E-2 8.57759E-2 9.38138E-2 9.06021E-2 9.38138E-2 6.74238E-2 7.48455E-2 8.90489E-2 9.34292E-2 9.83132E-2 1.0336E-1 1.06761E-1 1.20927E-1 1.22949E-1 1.17044E-1 1.22867E-1 1.22819E-1 1.21085E-1 1.1735E-1 1.10194E-1 1.08717E-1 1.15889E-1 1.15889E-1 1.19669E-1 1.21825E-1 1.16919E-1 1.2442E-1 1.26607E-1 1.30643E-1 1.34539E-1 1.40843E-1 1.46963E-1 1.49369E-1 1.5362E-1 1.60433E-1 1.67154E-1 1.74306E-1 1.78986E-1 1.83747E-1 1.8892E-1 1.93835E-1 -9999 1.9883E-1 -9999 -9999 -9999 -9999 -9999 -9999 -9999 -9999 -9999 -9999 -9999 2.5637E-1 -9999
9.71168E-2 9.71168E-2 6.98273E-2 6.98273E-2 6.98273E-2 6.74238E-2 6.87497E-2 6.87497E-2 7.11799E-2 7.25527E-2 7.25527E-2 7.80605E-2 8.3484E-2 1.09826E-1 1.13434E-1 1.22949E-1 1.28659E-1 1.34844E-1 1.30758E-1 1.34756E-1 1.32831E-1 1.28825E-1 1.28824E-1 1.24965E-1 1.2116E-1 1.23295E-1 1.17989E-1 1.14543E-1 1.18142E-1 1.17092E-1 1.1922E-1 1.22872E-1 1.2683E-1 1.32913E-1 1.34788E-1 1.41117E-1 1.47608E-1 1.49673E-1 1.56407E-1 1.60759E-1 1.70068E-1 1.70068E-1 1.74659E-1 1.81982E-1 2.37687E-1 2.43649E-1 2.46967E-1 2.53023E-1 -9999 -9999 -9999 -9999 -9999 -9999 -9999 -9999 -9999 -9999 2.63777E-1 -9999 -9999 -9999
7.50794E-2 7.50794E-2 7.25527E-2 7.3946E-2 7.3946E-2 7.54575E-2 7.54575E-2 7.6899E-2 7.6899E-2 7.95287E-2 8.10178E-2 8.37457E-2 8.81087E-2 1.15342E-1 1.26706E-1 1.30685E-1 1.36929E-1 1.47441E-1 1.45352E-1 1.43329E-1 1.45339E-1 1.39165E-1 1.31051E-1 1.27234E-1 1.2945E-1 1.2442E-1 1.2442E-1 1.1922E-1 1.1565E-1 1.231E-1 1.25313E-1 1.33196E-1 1.33196E-1 1.35524E-1 1.41431E-1 1.43844E-1 1.4795E-1 1.56782E-1 1.56782E-1 1.63702E-1 2.14715E-1 2.23589E-1 2.29304E-1 2.35107E-1 2.47533E-1 2.47533E-1 2.5358E-1 2.56977E-1 -9999 -9999 -9999 -9999 -9999 -9999 -9999 9.1472E-2 9.1472E-2 8.91342E-2 8.7816E-2 -9999 -9999 -9999
-9999 -9999 -9999 8.10178E-2 8.10178E-2 8.25279E-2 8.25279E-2 8.3727E-2 8.52795E-2 8.52795E-2 8.8098E-2 9.26154E-2 9.56064E-2 1.28824E-1 1.32818E-1 1.39126E-1 1.49689E-1 1.52014E-1 1.4764E-1 1.52057E-1 1.48329E-1 1.50047E-1 1.36044E-1 1.2821E-1 1.30425E-1 1.30643E-1 1.30643E-1 1.30897E-1 1.29359E-1 1.25604E-1 1.29684E-1 1.35876E-1 1.35876E-1 1.4423E-1 1.4423E-1 1.50834E-1 1.98428E-1 2.01607E-1 2.06969E-1 2.1242E-1 2.24185E-1 2.29894E-1 2.39058E-1 2.39058E-1 2.4495E-1 2.57652E-1 2.57652E-1 2.63777E-1 -9999 -9999 -9999 -9999 -9999 -9999 2.29238E-1 2.29238E-1 2.69466E-1 -9999 -9999 -9999 -9999 -9999
-9999 -9999 -9999 -9999 -9999 9.26154E-2 9.42624E-2 9.42624E-2 9.26399E-2 9.43055E-2 9.43055E-2 9.7314E-2 1.02134E-1 1.35063E-1 1.43423E-1 1.43423E-1 1.48329E-1 1.48329E-1 1.4844E-1 1.4844E-1 1.50783E-1 1.48592E-1 1.42583E-1 1.40843E-1 1.38763E-1 1.37115E-1 1.35524E-1 1.37433E-1 1.35876E-1 1.32013E-1 1.36267E-1 1.42656E-1 1.42656E-1 1.86063E-1 1.91154E-1 1.94313E-1 2.02221E-1 2.0758E-1 2.16327E-1 2.21882E-1 2.33949E-1 2.33949E-1 2.39753E-1 2.49094E-1 2.58393E-1 2.5507E-1 2.64511E-1 2.24905E-1 2.34687E-1 2.34687E-1 -9999 -9999 -9999 -9999 -9999 2.32361E-1 -9999 -9999 -9999 -9999 -9999 -9999
-9999 -9999 -9999 -9999 -9999 -9999 1.03892E-1 1.03892E-1 1.03892E-1 1.00761E-1 9.83443E-2 9.97605E-2 1.02836E-1 1.4009E-1 1.44221E-1 1.50783E-1 1.46541E-1 1.55285E-1 1.55285E-1 1.55502E-1 1.55502E-1 1.49369E-1 1.51456E-1 1.49673E-1 1.4795E-1 1.43844E-1 1.4423E-1 1.40208E-1 1.42656E-1 1.77995E-1 1.81063E-1 1.86063E-1 1.89195E-1 1.91773E-1 1.94977E-1 2.00183E-1 2.08765E-1 -9999 2.2599E-1 2.2599E-1 2.31644E-1 2.04187E-1 2.09256E-1 2.14399E-1 2.19616E-1 2.2268E-1 1.44361E-1 1.47975E-1 7.71362E-2 7.71362E-2 7.71362E-2 7.71362E-2 7.71362E-2 -9999 -9999 -9999 -9999 -9999 -9999 -9999 -9999 -9999
-9999 -9999 -9999 1.16157E-1 -9999 1.11002E-1 1.07761E-1 1.06238E-1 1.07761E-1 1.06369E-1 1.06369E-1 1.08168E-1 1.09716E-1 1.46732E-1 1.49106E-1 1.55502E-1 1.57955E-1 1.57955E-1 1.56075E-1 1.58247E-1 1.60759E-1 1.56407E-1 1.56782E-1 1.52517E-1 1.50834E-1 1.93182E-1 1.91154E-1 1.86063E-1 1.89195E-1 1.86684E-1 1.8986E-1 1.97624E-1 2.009E-1 2.009E-1 2.04211E-1 2.12345E-1 2.12345E-1 -9999 1.89436E-1 1.94277E-1 2.04941E-1 1.33866E-1 1.37307E-1 7.32898E-2 7.32898E-2 7.51958E-2 7.6332E-2 7.82799E-2 7.82799E-2 7.82799E-2 7.82799E-2 7.82799E-2 7.74793E-2 7.74793E-2 -9999 3.78404E-2 -9999 -9999 -9999 -9999 -9999 -9999
-9999 -9999 -9999 1.18019E-1 1.23169E-1 1.18019E-1 1.16526E-1 1.21606E-1 1.18187E-1 1.18187E-1 1.16725E-1 1.16725E-1 1.13426E-1 1.58247E-1 1.58247E-1 1.58247E-1 1.60759E-1 1.60759E-1 1.65558E-1 1.61129E-1 2.03766E-1 2.03766E-1 2.01607E-1 2.01607E-1 2.02221E-1 2.02221E-1 1.94977E-1 1.94977E-1 1.95695E-1 1.95695E-1 1.98979E-1 1.98979E-1 1.70843E-1 1.75375E-1 1.75375E-1 1.85425E-1 1.85425E-1 6.25672E-2 6.42702E-2 6.60066E-2 6.60066E-2 7.06908E-2 7.06908E-2 7.25376E-2 7.44179E-2 7.74793E-2 7.74793E-2 7.94344E-2 7.94344E-2 8.05998E-2 8.05998E-2 7.86379E-2 7.86379E-2 7.67087E-2 3.84288E-2 3.84288E-2 3.80497E-2 -9999 -9999 -9999 -9999 -9999
-9999 -9999 -9999 -9999 1.27041E-1 1.25479E-1 1.25479E-1 1.29006E-1 1.32841E-1 1.2925E-1 1.25728E-1 1.25728E-1 1.2425E-1 1.2425E-1 1.61129E-1 2.09195E-1 2.14715E-1 2.1242E-1 2.1242E-1 2.15674E-1 2.13027E-1 2.16327E-1 2.0758E-1 2.10859E-1 2.05477E-1 2.09528E-1 2.04211E-1 2.04211E-1 1.75375E-1 1.75375E-1 1.70843E-1 1.73735E-1 1.76126E-1 9.28135E-2 9.53452E-2 9.53452E-2 6.19557E-2 6.36368E-2 6.36368E-2 -9999 -9999 -9999 -9999 7.48121E-2 7.67087E-2 7.67087E-2 7.86379E-2 7.86379E-2 7.98076E-2 7.98076E-2 7.98076E-2 7.98076E-2 7.78713E-2 7.78713E-2 3.90236E-2 3.96245E-2 3.96245E-2 3.96245E-2 -9999 -9999 -9999 -9999
-9999 -9999 -9999 -9999 -9999 1.32841E-1 1.34871E-1 1.34871E-1 1.3692E-1 1.33295E-1 1.33295E-1 1.37255E-1 1.33634E-1 1.33634E-1 1.32146E-1 2.18562E-1 2.18562E-1 2.21882E-1 2.16327E-1 2.22591E-1 2.22591E-1 2.17039E-1 2.20418E-1 2.1781E-1 1.79984E-1 1.79984E-1 1.7829E-1 9.53452E-2 1.80737E-1 9.53452E-2 9.28135E-2 9.54228E-2 9.28975E-2 9.54228E-2 9.96836E-2 6.13677E-2 6.13677E-2 6.30275E-2 -9999 -9999 -9999 -9999 -9999 -9999 -9999 7.78713E-2 7.98076E-2 8.09884E-2 8.09884E-2 8.09884E-2 8.09884E-2 8.09884E-2 8.02311E-2 4.02318E-2 4.02318E-2 4.02318E-2 4.02318E-2 4.02318E-2 4.02318E-2 4.02318E-2 4.02318E-2 -9999
-9999 -9999 -9999 -9999 -9999 -9999 -9999 -9999 -9999 1.43058E-1 1.43058E-1 1.45193E-1 1.43461E-1 1.43461E-1 1.41913E-1 2.33949E-1 2.31644E-1 2.28994E-1 2.28994E-1 1.89436E-1 1.89436E-1 1.89436E-1 1.84671E-1 1.9019E-1 9.79258E-2 9.79258E-2 9.53452E-2 9.79964E-2 9.54228E-2 9.96836E-2 9.70933E-2 9.73955E-2 9.9092E-2 6.08027E-2 6.08027E-2 6.24419E-2 -9999 -9999 -9999 -9999 -9999 -9999 -9999 -9999 -9999 -9999 -9999 -9999 8.21804E-2 8.21804E-2 8.21804E-2 8.33835E-2 8.14282E-2 4.08454E-2 4.08454E-2 4.08454E-2 4.08454E-2 4.08454E-2 4.08454E-2 4.14652E-2 4.14652E-2 -9999
-9999 -9999 -9999 -9999 -9999 -9999 -9999 -9999 -9999 -9999 -9999 -9999 -9999 1.47816E-1 1.21139E-1 1.21139E-1 2.06942E-1 2.04941E-1 1.99949E-1 1.03234E-1 1.03234E-1 -9999 -9999 -9999 1.00619E-1 9.99934E-2 -9999 9.9092E-2 9.73955E-2 9.9092E-2 1.0081E-1 1.0081E-1 6.02601E-2 6.18795E-2 6.18795E-2 -9999 -9999 -9999 -9999 -9999 -9999 -9999 -9999 -9999 -9999 -9999 -9999 -9999 -9999 8.45976E-2 8.45976E-2 8.45976E-2 8.26368E-2 4.0475E-2 4.14652E-2 4.14652E-2 4.14652E-2 4.20913E-2 4.20913E-2 4.20913E-2 4.14652E-2 -9999
-9999 -9999 -9999 -9999 -9999 -9999 -9999 -9999 -9999 -9999 -9999 -9999 -9999 -9999 1.40805E-1 7.32898E-2 6.46602E-2 1.12707E-1 1.11596E-1 1.08778E-1 1.07742E-1 1.07077E-1 1.07077E-1 1.04368E-1 1.01706E-1 1.0344E-1 1.01706E-1 1.0081E-1 -9999 1.02548E-1 1.02548E-1 9.99487E-2 6.29704E-2 -9999 -9999 -9999 -9999 -9999 -9999 -9999 -9999 -9999 -9999 -9999 -9999 -9999 -9999 -9999 -9999 -9999 8.58228E-2 8.58228E-2 8.38568E-2 4.10975E-2 4.20913E-2 4.20913E-2 4.27237E-2 4.27237E-2 4.27237E-2 4.20913E-2 -9999 -9999
-9999 -9999 -9999 -9999 -9999 -9999 -9999 -9999 -9999 -9999 -9999 -9999 7.82799E-2 7.94344E-2 7.94344E-2 7.55575E-2 7.55575E-2 7.48121E-2 1.18389E-1 1.1549E-1 1.12638E-1 -9999 -9999 1.06117E-1 1.07886E-1 1.05194E-1 1.06969E-1 1.04308E-1 1.04308E-1 1.04308E-1 -9999 -9999 -9999 -9999 -9999 -9999 -9999 -9999 -9999 -9999 -9999 -9999 -9999 -9999 -9999 -9999 -9999 -9999 -9999 -9999 8.90581E-2 8.90581E-2 8.7059E-2 4.27237E-2 4.23619E-2 4.23619E-2 4.23619E-2 4.33625E-2 4.33625E-2 -9999 -9999 -9999
-9999 -9999 -9999 -9999 -9999 -9999 -9999 -9999 -9999 -9999 -9999 -9999 -9999 -9999 8.05998E-2 7.86379E-2 7.67087E-2 7.59671E-2 7.59671E-2 -9999 -9999 -9999 -9999 -9999 -9999 -9999 -9999 -9999 -9999 -9999 -9999 -9999 -9999 -9999 -9999 -9999 -9999 -9999 -9999 -9999 -9999 -9999 -9999 -9999 -9999 -9999 -9999 -9999 -9999 -9999 -9999 9.15704E-2 8.83062E-2 -9999 4.30039E-2 4.30039E-2 4.30039E-2 -9999 -9999 -9999 -9999 -9999
