day_2/Results/Podomys_floridanus/projections/PaleoClim/-4000/RUN_1.asc
ncols         385
nrows         252
xllcorner     -91.50013924285
yllcorner     25.49986064915003
cellsize      0.041666666500000005
NODATA_value  -9999
[rows 84 to 111 of 252, columns 62 to 123 of 385]
5.93046E-3 6.87311E-3 1.70359E-2 1.02467E-2 7.3286E-3 4.6103E-3 3.71867E-3 4.07273E-3 6.64738E-3 1.44582E-2 6.69091E-3 1.97675E-2 2.00904E-2 1.97675E-2 1.92071E-2 1.9036E-2 1.48605E-2 1.91225E-2 2.79577E-2 2.81783E-2 1.30329E-2 2.00934E-2 2.81188E-2 2.63216E-2 2.39537E-2 2.03149E-2 1.52385E-2 1.64973E-2 1.36773E-2 1.67845E-2 1.64973E-2 2.054E-2 2.31759E-2 1.83296E-2 1.74396E-2 1.7307E-2 2.11217E-2 2.32425E-2 2.55825E-2 2.18198E-2 2.4249E-2 2.50139E-2 3.32781E-2 4.08817E-2 3.75953E-2 3.79223E-2 3.73853E-2 4.87E-2 3.73569E-2 4.45702E-2 1.89239E-2 1.29526E-2 1.20001E-2 2.85048E-2 1.72425E-2 1.44148E-2 1.4081E-2 3.50712E-2 1.9672E-2 1.57314E-2 1.01808E-2 3.64619E-2
7.33106E-3 4.51063E-3 1.53859E-2 2.08217E-2 9.43251E-3 6.09941E-3 7.74347E-3 4.81469E-3 3.92854E-3 1.12687E-2 1.3488E-2 1.80864E-2 8.94496E-3 2.16725E-2 8.18018E-3 6.27818E-3 6.75865E-3 1.5023E-2 1.97614E-2 2.31522E-2 2.41273E-2 2.58169E-2 2.84927E-2 2.9244E-2 1.0915E-2 1.10514E-2 8.906E-3 5.86032E-3 1.68167E-2 2.36384E-2 9.99756E-3 7.55855E-3 2.11307E-2 8.86846E-3 1.50142E-2 1.55517E-2 1.87025E-2 2.51997E-2 2.42097E-2 2.7128E-2 2.29045E-2 8.84087E-3 1.24897E-2 3.78323E-2 3.81801E-2 4.10701E-2 3.67713E-2 5.29673E-2 3.99115E-2 4.68946E-2 2.06722E-2 1.32039E-2 1.60357E-2 1.15561E-2 1.48912E-2 4.41069E-2 2.27823E-2 2.08192E-2 5.93934E-2 2.08461E-2 4.56277E-2 5.78219E-2
1.04854E-2 7.73225E-3 4.40088E-3 1.57605E-2 9.12478E-3 7.95901E-3 2.35476E-2 7.20216E-3 3.79351E-3 1.03246E-2 1.22554E-2 1.66669E-2 2.55915E-2 7.81584E-3 9.90833E-3 8.75508E-3 7.32091E-3 5.73201E-3 1.54618E-2 2.03074E-2 2.40491E-2 2.68449E-2 2.95003E-2 3.29346E-2 1.05466E-2 9.18801E-3 2.70692E-2 9.81073E-3 2.07594E-2 2.86721E-2 2.67101E-2 1.94813E-2 2.4361E-2 9.24931E-3 8.42014E-3 1.58876E-2 2.05065E-2 2.44535E-2 2.95795E-2 3.28777E-2 2.76925E-2 2.14046E-2 9.78933E-3 3.50588E-2 3.79015E-2 3.37785E-2 3.63116E-2 3.73676E-2 4.51213E-2 1.3902E-2 5.41012E-2 4.26082E-2 5.38591E-2 1.29941E-2 3.40057E-2 4.46474E-2 2.40375E-2 5.00882E-2 5.83039E-2 5.40194E-2 5.93602E-2 5.55242E-2
9.87154E-3 9.84858E-3 5.84558E-3 1.6543E-2 2.56102E-2 2.39102E-2 7.47809E-3 4.71572E-3 5.13877E-3 4.50614E-3 1.61544E-2 1.93814E-2 7.54449E-3 7.50749E-3 1.63358E-2 2.88966E-2 1.29497E-2 1.09571E-2 7.12665E-3 1.6021E-2 1.76534E-2 2.28105E-2 2.97055E-2 3.59669E-2 1.2751E-2 1.23639E-2 2.75849E-2 2.92852E-2 3.10702E-2 3.27527E-2 1.22822E-2 2.87268E-2 2.73645E-2 1.85471E-2 2.76182E-2 1.99281E-2 2.25099E-2 2.54761E-2 2.6304E-2 3.54682E-2 3.3257E-2 2.84094E-2 2.53396E-2 1.18771E-2 3.4512E-2 3.44855E-2 3.60779E-2 2.91514E-2 3.82933E-2 2.78924E-2 3.79271E-2 4.63568E-2 4.66747E-2 4.35631E-2 4.07387E-2 3.96519E-2 4.11811E-2 4.11811E-2 4.80376E-2 5.089E-2 5.96743E-2 6.10572E-2
2.4388E-2 1.03516E-2 5.42018E-3 1.81707E-2 1.17237E-2 4.95643E-3 7.36076E-3 5.61884E-3 8.80891E-3 5.29135E-3 6.12722E-3 5.50095E-3 8.20181E-3 1.01244E-2 1.22157E-2 9.32108E-3 8.79625E-3 2.50742E-2 1.24812E-2 8.18159E-3 9.60826E-3 2.21455E-2 2.56678E-2 2.97055E-2 3.26676E-2 3.20468E-2 3.05214E-2 2.56325E-2 2.52061E-2 2.70098E-2 3.18518E-2 1.61743E-2 1.24144E-2 8.7258E-3 2.49382E-2 2.53801E-2 2.20225E-2 2.48677E-2 3.30593E-2 3.69417E-2 2.8782E-2 3.03741E-2 2.41828E-2 1.23036E-2 4.00304E-2 2.83007E-2 3.94109E-2 3.04214E-2 3.54579E-2 2.83098E-2 1.42164E-2 1.20198E-2 3.73961E-2 4.68166E-2 5.54841E-2 1.25086E-2 2.87509E-2 4.13582E-2 5.10469E-2 4.9007E-2 5.14717E-2 5.60745E-2
2.065E-2 1.1996E-2 5.92495E-3 2.0149E-2 1.22814E-2 4.57459E-3 9.10278E-3 6.21154E-3 2.40496E-2 7.97792E-3 5.33859E-3 5.64587E-3 1.92208E-2 1.2286E-2 9.60593E-3 1.3761E-2 1.16341E-2 9.85904E-3 1.03553E-2 1.76426E-2 2.20603E-2 2.20596E-2 3.09968E-2 2.60912E-2 1.1813E-2 2.73842E-2 2.53636E-2 2.33269E-2 3.17937E-2 2.81458E-2 2.98097E-2 3.29059E-2 1.37462E-2 1.08925E-2 2.58306E-2 3.33697E-2 3.13188E-2 2.45006E-2 2.50576E-2 4.34131E-2 3.24776E-2 2.99995E-2 3.04275E-2 1.556E-2 4.81687E-2 2.17984E-2 3.7864E-2 3.66761E-2 3.10174E-2 2.67548E-2 3.1041E-2 2.04222E-2 3.63444E-2 4.54263E-2 5.72645E-2 1.15736E-2 3.66184E-2 4.38448E-2 4.60336E-2 6.16702E-2 5.80209E-2 5.71562E-2
6.63036E-3 2.09672E-2 1.00284E-2 1.4543E-2 9.83411E-3 5.53964E-3 9.04109E-3 6.01114E-3 2.40942E-2 8.88447E-3 6.45026E-3 7.05941E-3 1.88757E-2 2.12556E-2 2.57556E-2 1.92734E-2 2.10004E-2 2.85341E-2 1.40664E-2 1.0775E-2 8.7186E-3 2.60315E-2 3.4249E-2 1.56779E-2 1.51932E-2 9.35971E-3 8.61048E-3 9.62107E-3 2.13362E-2 2.31125E-2 2.50255E-2 3.001E-2 3.06555E-2 1.40255E-2 1.17069E-2 2.31147E-2 2.83764E-2 3.50086E-2 2.97356E-2 4.31923E-2 1.73266E-2 3.31264E-2 3.69266E-2 4.22655E-2 1.89655E-2 6.09971E-2 4.80768E-2 5.12967E-2 2.16007E-2 1.07336E-2 3.20775E-2 2.84379E-2 3.88763E-2 4.57651E-2 6.35661E-2 2.8499E-2 2.4519E-2 4.16725E-2 5.13559E-2 5.72826E-2 6.1165E-2 5.94438E-2
7.57649E-3 8.99107E-3 3.07214E-2 1.08819E-2 1.09723E-2 7.13068E-3 7.82741E-3 6.18721E-3 2.51936E-2 1.02765E-2 7.25103E-3 1.56984E-2 2.06344E-2 2.14921E-2 2.32375E-2 2.62064E-2 2.66559E-2 2.42694E-2 1.21258E-2 1.9087E-2 2.86705E-2 3.40719E-2 1.84384E-2 1.00781E-2 2.8271E-2 3.61657E-2 1.5121E-2 1.18244E-2 9.30594E-3 7.63297E-3 9.16329E-3 2.76064E-2 1.72201E-2 1.7101E-2 2.08643E-2 1.3432E-2 1.33802E-2 1.38206E-2 3.49281E-2 3.30545E-2 4.49266E-2 4.51687E-2 4.2974E-2 4.61905E-2 3.75435E-2 1.84921E-2 2.61892E-2 1.69841E-2 4.48778E-2 1.53408E-2 1.70767E-2 3.5803E-2 3.8995E-2 4.8855E-2 4.58695E-2 6.21936E-2 6.04779E-2 2.40051E-2 5.38292E-2 5.43582E-2 5.63861E-2 5.83392E-2
9.86991E-3 6.88637E-3 3.06429E-2 1.12945E-2 1.223E-2 1.03392E-2 8.26072E-3 7.56033E-3 9.84826E-3 1.0644E-2 5.36941E-3 7.89883E-3 5.72279E-3 7.38681E-3 1.95021E-2 2.2522E-2 8.76702E-3 8.69107E-3 9.38108E-3 8.31279E-3 2.58004E-2 1.74704E-2 1.23113E-2 1.07476E-2 8.14233E-3 1.01384E-2 2.93315E-2 1.68823E-2 1.00898E-2 1.09252E-2 1.32108E-2 2.81462E-2 3.90371E-2 1.49718E-2 3.91074E-2 3.67978E-2 3.94401E-2 5.15461E-2 1.53056E-2 3.59045E-2 4.90247E-2 5.32157E-2 5.70145E-2 2.25844E-2 1.36334E-2 3.75E-2 6.70305E-2 2.65399E-2 6.27732E-2 5.89889E-2 4.97142E-2 4.57128E-2 3.90613E-2 5.13946E-2 5.77649E-2 6.23009E-2 6.80282E-2 4.84104E-2 2.96793E-2 5.10662E-2 5.80828E-2 6.24839E-2
2.47874E-2 6.83418E-3 1.90448E-2 1.57144E-2 1.32425E-2 1.26735E-2 7.95189E-3 1.31066E-2 1.11522E-2 1.34504E-2 7.92457E-3 7.53879E-3 9.31237E-3 4.86934E-3 1.55112E-2 2.21361E-2 1.23543E-2 8.07429E-3 9.57585E-3 2.34504E-2 3.58949E-2 1.43937E-2 1.01279E-2 1.27096E-2 1.35949E-2 1.60103E-2 1.36395E-2 1.19017E-2 7.46827E-3 1.12973E-2 1.50033E-2 2.90534E-2 1.97367E-2 1.40072E-2 1.5285E-2 3.62552E-2 4.74031E-2 4.28743E-2 4.43997E-2 4.0068E-2 4.46711E-2 5.216E-2 5.98801E-2 5.1615E-2 2.4516E-2 1.34471E-2 1.76291E-2 6.23721E-2 5.42927E-2 5.47518E-2 5.85375E-2 3.19595E-2 2.20965E-2 4.29713E-2 4.88078E-2 5.71145E-2 5.82293E-2 6.28686E-2 3.45747E-2 5.36675E-2 6.38402E-2 4.98068E-2
2.072E-2 1.05151E-2 7.52163E-3 2.50023E-2 1.46989E-2 1.3914E-2 9.069E-3 9.83158E-3 1.58582E-2 1.37212E-2 1.06945E-2 1.02169E-2 1.25022E-2 5.27177E-3 6.42898E-3 6.01015E-3 2.04407E-2 2.30541E-2 1.06756E-2 2.20736E-2 2.4893E-2 1.31953E-2 1.20485E-2 3.26138E-2 3.27705E-2 1.90701E-2 1.77111E-2 1.58119E-2 1.06866E-2 1.16829E-2 3.34512E-2 1.6894E-2 2.21541E-2 1.44945E-2 1.32923E-2 3.51675E-2 5.62244E-2 1.42709E-2 4.66777E-2 4.43275E-2 4.72373E-2 5.78296E-2 2.71933E-2 2.73708E-2 2.34657E-2 2.11417E-2 5.19731E-2 5.91822E-2 3.24939E-2 5.94406E-2 6.38219E-2 5.95606E-2 5.82517E-2 4.10869E-2 4.51634E-2 5.35813E-2 5.41079E-2 6.2516E-2 6.38402E-2 5.42886E-2 5.12643E-2 2.43706E-2
1.94555E-2 2.15615E-2 1.1566E-2 1.04495E-2 2.59949E-2 1.27441E-2 9.39427E-3 9.55853E-3 9.4676E-3 1.3584E-2 1.08186E-2 9.79518E-3 1.19513E-2 9.84746E-3 1.09351E-2 5.11798E-3 4.05969E-3 1.28747E-2 1.81187E-2 2.62041E-2 1.53988E-2 1.12468E-2 1.01661E-2 1.11834E-2 1.10486E-2 1.2772E-2 1.487E-2 1.14346E-2 1.04199E-2 2.56731E-2 2.57717E-2 1.71225E-2 3.56344E-2 4.5134E-2 2.27322E-2 5.31085E-2 5.75333E-2 2.06526E-2 1.74595E-2 2.03431E-2 1.57497E-2 4.88904E-2 3.09085E-2 6.91866E-2 6.2143E-2 6.16304E-2 2.74112E-2 5.89052E-2 7.08466E-2 3.2942E-2 5.30417E-2 5.46768E-2 5.93052E-2 3.00888E-2 5.13412E-2 3.32533E-2 3.58086E-2 3.89991E-2 4.20443E-2 4.51129E-2 4.58268E-2 1.49193E-2
1.80337E-2 8.77268E-3 8.99502E-3 7.8657E-3 9.81859E-3 1.52678E-2 1.04093E-2 7.66593E-3 9.62397E-3 1.24161E-2 8.73665E-3 9.89244E-3 1.24473E-2 1.19385E-2 1.42546E-2 8.85026E-3 6.09191E-3 5.09852E-3 4.91956E-3 2.36359E-2 3.17756E-2 1.16836E-2 1.04517E-2 1.67011E-2 3.71212E-2 1.62798E-2 1.38492E-2 1.0945E-2 8.70538E-3 1.08827E-2 2.68171E-2 3.10618E-2 3.58841E-2 3.64222E-2 4.90527E-2 5.87921E-2 2.16714E-2 6.22163E-2 3.65705E-2 5.73403E-2 5.60491E-2 4.4476E-2 4.92716E-2 6.01133E-2 6.52016E-2 6.66022E-2 4.98664E-2 3.10543E-2 6.10074E-2 7.5307E-2 3.29337E-2 2.35875E-2 6.03864E-2 6.43243E-2 2.7338E-2 1.80208E-2 1.91984E-2 1.64024E-2 3.19405E-2 2.03852E-2 1.45092E-2 1.34331E-2
7.44457E-3 2.19282E-2 1.17492E-2 1.00878E-2 9.82809E-3 1.83035E-2 1.16607E-2 7.40099E-3 8.40191E-3 1.06562E-2 9.6497E-3 7.95453E-3 1.74269E-2 1.06947E-2 1.58498E-2 1.06075E-2 8.18709E-3 8.73608E-3 4.47126E-3 2.2531E-2 2.67671E-2 2.27255E-2 3.1169E-2 1.20433E-2 1.10867E-2 1.21433E-2 1.26561E-2 9.26835E-3 6.33001E-3 2.18497E-2 1.21229E-2 1.20707E-2 1.54653E-2 1.28162E-2 2.5568E-2 2.96951E-2 6.37346E-2 6.31114E-2 3.34865E-2 2.72094E-2 1.91994E-2 5.56673E-2 5.25869E-2 6.23009E-2 2.64725E-2 6.12853E-2 7.00949E-2 7.39615E-2 3.33486E-2 6.20413E-2 6.56806E-2 6.61971E-2 6.56293E-2 4.19126E-2 2.46388E-2 1.62344E-2 1.7985E-2 5.38928E-2 5.54382E-2 2.72293E-2 1.76489E-2 2.14645E-2
5.90539E-3 6.90607E-3 1.00891E-2 1.30535E-2 1.10379E-2 1.88209E-2 1.36906E-2 9.17208E-3 8.06187E-3 1.05397E-2 1.07549E-2 8.97792E-3 1.28451E-2 1.26798E-2 3.39663E-2 1.31171E-2 1.19739E-2 9.73995E-3 9.71151E-3 1.14576E-2 6.41189E-3 4.93479E-3 1.12871E-2 1.11666E-2 1.20118E-2 1.213E-2 1.18021E-2 8.76828E-3 8.66015E-3 6.91947E-3 2.05244E-2 3.26976E-2 5.00349E-2 2.35165E-2 2.98607E-2 2.74074E-2 3.27912E-2 2.77092E-2 3.32046E-2 3.46939E-2 2.12826E-2 3.11019E-2 3.05644E-2 3.0541E-2 2.85832E-2 6.21733E-2 5.12008E-2 7.84581E-2 3.45012E-2 2.68795E-2 1.88314E-2 2.38985E-2 2.13945E-2 2.32652E-2 2.17192E-2 2.15725E-2 1.96116E-2 2.21484E-2 2.75991E-2 2.77705E-2 1.97967E-2 2.52344E-2
7.88153E-3 6.10916E-3 8.07322E-3 9.26556E-3 2.51315E-2 1.60627E-2 1.29355E-2 1.15929E-2 9.7601E-3 9.91589E-3 9.4768E-3 9.84277E-3 9.07817E-3 6.01616E-3 7.73103E-3 2.22251E-2 2.63409E-2 1.09044E-2 1.51172E-2 1.16245E-2 8.12394E-3 9.92281E-3 9.46495E-3 1.08763E-2 1.15402E-2 1.03951E-2 1.5912E-2 1.01417E-2 1.45535E-2 7.70586E-3 6.31648E-3 1.03901E-2 2.35855E-2 5.08469E-2 3.0245E-2 3.83757E-2 3.53418E-2 3.52077E-2 3.78791E-2 3.80191E-2 3.44756E-2 3.43626E-2 3.46919E-2 3.37623E-2 3.17608E-2 6.65017E-2 3.71751E-2 6.90727E-2 3.7634E-2 3.29581E-2 3.40863E-2 2.8495E-2 2.49453E-2 2.43308E-2 2.27208E-2 2.35085E-2 2.16717E-2 2.65236E-2 6.38849E-2 2.46641E-2 1.65951E-2 2.59175E-2
1.35423E-2 1.15189E-2 1.05066E-2 8.30185E-3 1.12347E-2 1.74902E-2 1.20167E-2 1.08113E-2 1.00322E-2 1.19274E-2 1.30047E-2 1.13731E-2 7.01883E-3 6.91656E-3 1.01972E-2 6.50743E-3 7.63519E-3 2.61303E-2 1.31416E-2 1.32959E-2 1.26411E-2 7.80716E-3 1.21841E-2 1.51675E-2 1.44346E-2 1.20127E-2 2.05783E-2 1.22451E-2 1.71701E-2 1.00841E-2 1.0696E-2 7.4007E-3 1.43853E-2 2.06919E-2 5.34788E-2 6.69624E-2 3.03108E-2 6.63528E-2 7.77432E-2 4.06808E-2 3.49153E-2 9.59147E-2 4.7993E-2 3.2076E-2 3.70618E-2 3.44826E-2 2.98138E-2 6.83662E-2 8.10279E-2 4.31353E-2 3.43743E-2 3.1579E-2 3.47291E-2 3.13858E-2 3.15526E-2 3.20378E-2 2.35677E-2 3.18612E-2 3.40297E-2 2.32635E-2 1.98325E-2 2.38322E-2
1.12591E-2 1.38339E-2 1.20565E-2 1.12375E-2 8.49604E-3 1.78105E-2 1.19582E-2 8.25919E-3 1.20504E-2 1.29673E-2 1.19857E-2 9.53693E-3 5.1475E-3 5.94815E-3 7.90635E-3 8.79472E-3 7.98076E-3 6.12899E-3 1.31762E-2 1.36935E-2 1.02351E-2 1.04441E-2 1.4323E-2 1.50388E-2 1.37353E-2 1.91128E-2 1.91646E-2 1.2024E-2 1.75989E-2 2.06572E-2 9.00001E-3 1.04634E-2 9.43443E-3 4.96621E-2 2.6685E-2 7.75273E-2 3.16547E-2 1.94485E-2 7.18659E-2 3.76858E-2 9.02629E-2 4.84574E-2 4.78048E-2 3.81376E-2 3.17569E-2 2.72593E-2 2.47304E-2 6.98214E-2 3.13782E-2 3.05308E-2 3.03501E-2 3.0121E-2 3.44067E-2 2.78842E-2 3.00331E-2 3.25039E-2 2.38476E-2 2.76702E-2 6.73357E-2 3.05486E-2 2.491E-2 3.29215E-2
1.54962E-2 1.43479E-2 1.12123E-2 1.17439E-2 1.0327E-2 1.56076E-2 1.89642E-2 8.86909E-3 8.95925E-3 1.52701E-2 1.37026E-2 1.21453E-2 5.61695E-3 5.18594E-3 7.70642E-3 7.91088E-3 6.10416E-3 7.73169E-3 8.96506E-3 1.3306E-2 1.03933E-2 1.44651E-2 1.00093E-2 1.09099E-2 1.16498E-2 1.08309E-2 1.15616E-2 8.19313E-3 7.20945E-3 2.09963E-2 1.21812E-2 1.5813E-2 1.21603E-2 3.67784E-2 6.85868E-2 3.09556E-2 2.34524E-2 1.96458E-2 7.124E-2 3.81744E-2 3.9536E-2 4.14879E-2 4.74148E-2 4.83248E-2 2.43432E-2 2.75296E-2 2.55423E-2 2.98865E-2 3.27153E-2 3.55703E-2 3.0646E-2 3.3445E-2 2.77842E-2 3.05528E-2 2.43169E-2 2.84244E-2 2.64207E-2 2.82622E-2 2.41222E-2 1.94677E-2 2.2109E-2 2.20078E-2
1.60034E-2 1.68926E-2 1.53067E-2 1.09089E-2 9.94772E-3 1.57258E-2 2.33957E-2 1.62653E-2 1.04808E-2 1.75857E-2 1.62355E-2 1.06143E-2 8.71221E-3 8.36853E-3 1.00663E-2 8.21756E-3 8.14431E-3 8.83345E-3 9.63444E-3 1.06321E-2 1.54351E-2 1.34678E-2 9.43979E-3 1.55611E-2 1.334E-2 1.75232E-2 1.41813E-2 7.9203E-3 9.04722E-3 2.28338E-2 9.82827E-3 1.38857E-2 2.9633E-2 2.93491E-2 2.48681E-2 2.52355E-2 2.21523E-2 6.86995E-2 4.01707E-2 7.38602E-2 8.38929E-2 9.60801E-2 1.09579E-1 4.28537E-2 2.48164E-2 3.8653E-2 3.32037E-2 3.57765E-2 2.9524E-2 3.57906E-2 2.97055E-2 3.34907E-2 2.92987E-2 2.58895E-2 2.67794E-2 2.57252E-2 2.69883E-2 2.98548E-2 1.86271E-2 1.8466E-2 2.04643E-2 2.4409E-2
1.68895E-2 2.02182E-2 1.65999E-2 1.53654E-2 1.12458E-2 1.19313E-2 2.3337E-2 2.18449E-2 1.43412E-2 1.71133E-2 1.65942E-2 1.28039E-2 9.58388E-3 1.01249E-2 1.32682E-2 1.26842E-2 1.07514E-2 1.04872E-2 9.3663E-3 9.82574E-3 1.87134E-2 1.42442E-2 1.38893E-2 1.74902E-2 1.61932E-2 1.88074E-2 1.59474E-2 8.88943E-3 1.11214E-2 2.00829E-2 1.07686E-2 1.71535E-2 2.69928E-2 3.00654E-2 3.33078E-2 3.9739E-2 3.09127E-2 4.68519E-2 3.46055E-2 3.11021E-2 3.29766E-2 3.76288E-2 3.50491E-2 3.48901E-2 3.27987E-2 2.67693E-2 3.54231E-2 3.36542E-2 3.42663E-2 3.66844E-2 3.05105E-2 3.5364E-2 2.9952E-2 2.82053E-2 2.94351E-2 2.23808E-2 3.20262E-2 2.4107E-2 2.18899E-2 2.08072E-2 1.99289E-2 2.13058E-2
1.51692E-2 2.11396E-2 1.72848E-2 1.33781E-2 1.66114E-2 1.4751E-2 1.15875E-2 1.70282E-2 1.78377E-2 1.91616E-2 1.69328E-2 1.62779E-2 9.30605E-3 9.10774E-3 1.16748E-2 1.36723E-2 1.3792E-2 9.41146E-3 7.12493E-3 1.09737E-2 2.08914E-2 1.45327E-2 1.8087E-2 2.15682E-2 8.67428E-3 1.36099E-2 1.54914E-2 1.09885E-2 1.86862E-2 1.22086E-2 1.76076E-2 2.2541E-2 2.15344E-2 3.31654E-2 3.5514E-2 9.03126E-2 3.86994E-2 3.30487E-2 3.68002E-2 3.77017E-2 4.39969E-2 4.34412E-2 3.92579E-2 3.71014E-2 3.60348E-2 2.82081E-2 4.4736E-3 3.78191E-2 4.0614E-2 3.4812E-2 3.00614E-2 3.52521E-2 2.94882E-2 3.01096E-2 2.65248E-2 2.5978E-2 2.6145E-2 2.29161E-2 2.56678E-2 2.46598E-2 2.93315E-2 1.98019E-2
1.29596E-2 2.17605E-2 1.92697E-2 1.08547E-2 1.23586E-2 1.74413E-2 1.41713E-2 1.10833E-2 1.72879E-2 2.09334E-2 1.85892E-2 1.45452E-2 9.36403E-3 1.08357E-2 1.39404E-2 1.03933E-2 1.21023E-2 8.93821E-3 1.11282E-2 1.42054E-2 8.90948E-3 1.63712E-2 2.10963E-2 2.07429E-2 1.40331E-2 1.1291E-2 1.46342E-2 1.49834E-2 2.0414E-2 1.4274E-2 2.42203E-2 2.90024E-2 2.6011E-2 4.00483E-2 6.23374E-2 3.79836E-2 3.44882E-2 3.47883E-2 3.81539E-2 1.0046E-1 4.57149E-2 3.68348E-2 3.6561E-2 3.43492E-2 4.11144E-2 3.63599E-2 2.52276E-2 2.05995E-2 2.743E-2 2.84199E-2 3.29254E-2 2.01269E-2 1.74823E-2 1.77113E-2 2.8115E-2 2.52412E-2 1.57132E-2 2.09136E-2 2.26838E-2 2.42938E-2 1.63969E-2 1.92579E-2
1.54339E-2 2.09672E-2 1.70726E-2 1.22826E-2 1.01314E-2 1.36306E-2 1.78299E-2 1.08157E-2 1.21214E-2 2.31184E-2 1.81743E-2 1.16743E-2 8.91522E-3 1.09389E-2 1.20927E-2 1.04923E-2 1.06089E-2 1.19948E-2 1.15603E-2 1.47628E-2 1.13499E-2 1.0381E-2 1.40538E-2 2.37314E-2 1.86523E-2 1.87257E-2 2.10684E-2 1.47216E-2 1.04303E-2 1.3084E-2 2.16614E-2 2.84853E-2 3.05842E-2 3.09429E-2 2.27792E-2 2.61365E-2 2.12519E-2 3.09415E-2 2.1405E-2 7.56646E-2 4.47992E-2 3.77328E-2 3.52157E-2 3.16899E-2 3.83964E-2 4.05784E-2 3.57254E-2 2.84788E-2 2.03839E-2 2.48737E-2 3.71968E-2 2.90062E-2 2.13471E-2 2.77643E-3 3.34559E-2 1.964E-2 1.24352E-2 1.92089E-2 2.67352E-2 1.62264E-2 1.69116E-2 2.10488E-2
1.82171E-2 2.03954E-2 1.49074E-2 1.59879E-2 9.60592E-3 1.0261E-2 1.31877E-2 1.4502E-2 1.59635E-2 2.25425E-2 1.841E-2 1.19536E-2 1.27342E-2 1.07564E-2 8.43217E-3 1.06536E-2 1.29358E-2 1.41994E-2 1.40282E-2 1.34058E-2 1.39334E-2 1.54811E-2 1.6243E-2 1.81867E-2 2.88563E-2 1.76415E-2 1.14586E-2 1.56437E-2 1.35009E-2 1.35527E-2 1.36731E-2 2.07492E-2 4.14601E-2 4.01916E-2 3.92487E-2 3.31082E-2 2.61116E-2 2.59017E-2 2.15371E-2 3.06238E-2 3.64506E-2 3.47846E-2 3.95812E-2 3.09676E-2 3.42941E-2 4.11638E-2 3.89325E-2 2.97489E-2 2.3137E-2 2.59522E-2 2.80102E-2 3.59465E-2 2.52546E-2 2.23579E-2 3.29946E-2 2.38864E-2 1.54963E-2 2.48391E-2 1.86506E-2 1.88601E-2 2.65219E-2 2.51184E-2
2.0643E-2 1.74782E-2 1.90526E-2 1.6317E-2 1.0748E-2 1.14123E-2 8.30707E-3 9.96197E-3 1.37406E-2 2.28776E-2 1.61863E-2 1.34273E-2 1.35336E-2 1.02705E-2 8.13688E-3 1.19085E-2 1.4073E-2 1.43351E-2 1.37677E-2 1.27313E-2 1.14733E-2 1.57494E-2 1.98935E-2 2.50986E-2 2.68198E-2 2.07109E-2 1.40728E-2 1.85078E-2 2.09262E-2 1.9482E-2 2.38353E-2 3.1327E-2 3.7782E-2 3.88974E-2 4.22387E-2 3.4513E-2 3.06145E-2 2.80136E-2 2.40624E-2 3.06594E-2 2.93258E-2 3.07073E-2 3.74264E-2 2.35575E-2 5.74987E-3 3.79965E-2 4.28563E-2 3.7649E-2 2.80691E-2 3.94696E-3 4.02337E-3 3.52026E-2 3.08035E-2 2.64786E-2 3.48139E-2 2.55145E-2 2.12984E-2 2.72389E-2 2.17526E-2 2.58595E-2 2.59059E-2 1.97087E-2
1.82287E-2 1.80994E-2 1.98659E-2 1.57896E-2 1.30513E-2 1.2162E-2 8.84313E-3 1.10124E-2 1.53566E-2 2.22443E-2 1.43982E-2 1.35928E-2 1.62231E-2 1.3625E-2 9.20988E-3 1.21979E-2 1.57403E-2 1.41896E-2 1.54218E-2 1.1444E-2 1.29594E-2 1.65619E-2 2.1034E-2 2.64971E-2 2.96565E-2 1.5167E-2 1.67336E-2 1.81574E-2 2.60039E-2 3.04187E-2 2.57849E-2 3.37007E-2 3.26678E-2 4.1587E-2 3.85163E-2 3.34308E-2 3.21454E-2 2.93258E-2 4.72228E-3 3.85088E-2 3.167E-2 2.7736E-2 3.89864E-2 2.09705E-2 4.00099E-3 3.32393E-2 3.90609E-2 3.97471E-2 3.13807E-2 4.14146E-3 4.17054E-3 3.56185E-3 3.63428E-2 3.00754E-2 3.29885E-2 1.94634E-2 3.7783E-3 3.08806E-2 3.08901E-2 2.20916E-2 2.29782E-2 2.17516E-2
1.48568E-2 1.73031E-2 2.0121E-2 1.38634E-2 1.13411E-2 1.22594E-2 1.16588E-2 7.09224E-3 1.56367E-2 2.11652E-2 1.60496E-2 1.41841E-2 1.42291E-2 1.54265E-2 1.13548E-2 1.12561E-2 1.20011E-2 1.41665E-2 1.54006E-2 1.83503E-2 1.46793E-2 1.56597E-2 2.1857E-2 2.58219E-2 3.03528E-2 2.14981E-2 1.79451E-2 2.3628E-2 2.91246E-2 2.96118E-2 2.89731E-2 2.90445E-2 3.0504E-2 2.40106E-2 4.20368E-2 2.83192E-2 3.23181E-2 3.2695E-2 5.66643E-3 3.51646E-2 3.06183E-2 3.57412E-2 3.40501E-2 3.93718E-3 3.38941E-3 2.98317E-2 2.67758E-2 2.82656E-2 2.90862E-2 3.90331E-3 5.07305E-3 4.03093E-3 3.01838E-2 3.50396E-2 2.73481E-2 3.36015E-3 3.90598E-3 3.41991E-2 2.67567E-2 2.61549E-2 2.42322E-2 2.58935E-2
