day_2/Results/Podomys_floridanus/projections/PaleoClim/-4000/RUN_2.asc
ncols         385
nrows         252
xllcorner     -91.50013924285
yllcorner     25.49986064915003
cellsize      0.041666666500000005
NODATA_value  -9999
[rows 56 to 83 of 252, columns 186 to 247 of 385]
4.36201E-3 4.87405E-3 2.07135E-3 3.4028E-3 4.38918E-3 6.32977E-3 7.37584E-3 8.02465E-3 9.48607E-3 1.13715E-2 9.91863E-3 1.32158E-2 1.34342E-2 8.60066E-3 1.18931E-2 1.07051E-2 5.34888E-3 5.74421E-3 8.42104E-3 1.04495E-2 9.83377E-3 9.66411E-3 8.77774E-3 1.24443E-2 9.47343E-3 7.70272E-3 7.86286E-3 9.5085E-3 9.6151E-3 9.11986E-3 1.12558E-2 1.11794E-2 9.22212E-3 7.92783E-3 8.8844E-3 9.86627E-3 1.10705E-2 1.34756E-2 9.7856E-3 1.33384E-2 1.50226E-2 1.46934E-2 1.31547E-2 8.35206E-3 7.06165E-3 7.4223E-3 9.64959E-3 1.4368E-2 9.2893E-3 7.99869E-3 1.96118E-3 2.33568E-3 1.09862E-2 1.82085E-2 1.04251E-2 9.5856E-3 9.73887E-3 2.25156E-3 3.35498E-3 2.48811E-3 1.96022E-3 2.06699E-3
4.16765E-3 3.72545E-3 3.36409E-3 3.13832E-3 3.7499E-3 3.35885E-3 3.49272E-3 3.59836E-3 6.17297E-3 1.01812E-2 9.17393E-3 1.35924E-2 1.43458E-2 1.37782E-2 8.49294E-3 1.26897E-2 4.47538E-3 4.57758E-3 7.80836E-3 7.74672E-3 8.51599E-3 7.28697E-3 7.61115E-3 7.62865E-3 8.87416E-3 9.56351E-3 9.29089E-3 7.07998E-3 8.07922E-3 9.74803E-3 9.14896E-3 7.67481E-3 8.11856E-3 8.10571E-3 9.96815E-3 1.22972E-2 1.3561E-2 1.49634E-2 1.43871E-2 1.35745E-2 1.16488E-2 1.56095E-2 8.00042E-3 9.84346E-3 8.99115E-3 8.9714E-3 1.50733E-2 9.21202E-3 7.98624E-3 1.01374E-2 1.05915E-2 9.29953E-3 2.59158E-3 1.16447E-2 1.01071E-2 1.94066E-2 2.93518E-3 1.16457E-2 1.07212E-2 2.6078E-3 2.59127E-3 2.73974E-3
5.11904E-3 3.50093E-3 8.16976E-3 8.45475E-3 4.14361E-3 8.74803E-3 9.4123E-3 6.20993E-3 8.31101E-3 8.22211E-3 1.06821E-2 1.40698E-2 1.37947E-2 2.14308E-2 1.31402E-2 1.65418E-2 5.2851E-3 4.5964E-3 4.71591E-3 4.85949E-3 4.55909E-3 6.22213E-3 7.08194E-3 4.23311E-3 8.06499E-3 6.95968E-3 6.88285E-3 8.45995E-3 9.06193E-3 7.55181E-3 8.5607E-3 4.887E-3 1.01741E-2 1.24578E-2 1.25401E-2 1.14374E-2 1.21279E-2 1.35245E-2 1.30307E-2 1.34357E-2 1.58993E-2 1.65909E-2 1.67956E-2 1.09097E-2 1.49777E-2 8.87817E-3 1.14026E-2 1.50053E-2 1.45885E-2 1.97453E-3 2.36767E-3 2.6966E-3 1.13529E-2 7.74685E-3 1.23376E-2 1.23618E-2 1.17618E-2 2.11718E-3 1.19445E-2 1.19258E-2 2.8443E-3 2.66708E-3
6.25439E-3 3.48721E-3 3.69114E-3 7.62553E-3 7.63265E-3 9.26761E-3 1.06553E-2 1.32511E-2 8.21712E-3 8.26152E-3 1.05152E-2 1.33278E-2 1.38367E-2 2.37019E-2 1.52233E-2 1.46348E-2 1.21533E-2 5.80977E-3 5.19639E-3 8.71977E-3 1.05713E-2 9.73389E-3 5.72303E-3 4.79706E-3 7.77199E-3 4.05927E-3 7.73512E-3 8.45287E-3 7.4826E-3 8.42612E-3 9.05492E-3 5.24861E-3 8.42552E-3 1.15979E-2 1.20264E-2 1.03926E-2 1.17056E-2 1.33055E-2 9.40861E-3 1.22869E-2 1.4171E-2 1.16961E-2 1.7724E-2 8.09528E-3 1.70394E-2 1.65809E-2 1.30367E-2 7.0556E-3 1.25811E-2 8.6106E-3 2.15808E-3 2.32534E-3 2.50968E-3 2.52911E-3 2.92873E-3 2.29455E-3 1.39068E-2 1.22421E-2 8.43727E-3 2.14305E-3 8.38426E-3 8.38426E-3
6.89374E-3 4.41002E-3 6.66526E-3 5.73931E-3 9.04879E-3 9.44296E-3 1.23465E-2 1.9149E-2 7.60868E-3 1.00221E-2 1.09162E-2 1.42632E-2 1.2772E-2 1.45499E-2 1.43081E-2 1.21891E-2 1.305E-2 1.17243E-2 4.05927E-3 4.51612E-3 7.71064E-3 1.28203E-2 1.10226E-2 5.84951E-3 3.82582E-3 4.34273E-3 5.05996E-3 7.10464E-3 4.73513E-3 5.08553E-3 4.78774E-3 5.30852E-3 5.83556E-3 1.23788E-2 9.37601E-3 1.09627E-2 1.2438E-2 9.36401E-3 6.67437E-3 1.13152E-2 1.35306E-2 1.31916E-2 1.24471E-2 1.73169E-2 1.65034E-2 1.11261E-2 8.20111E-3 8.87543E-3 1.01342E-2 8.92926E-3 2.84239E-3 3.05742E-3 1.12412E-2 2.54028E-3 2.99025E-3 2.21966E-3 2.12094E-3 2.34453E-3 1.40389E-2 1.37133E-2 1.25583E-2 1.82188E-2
6.92926E-3 7.34771E-3 9.78619E-3 6.57437E-3 9.6979E-3 1.1183E-2 1.07363E-2 1.89567E-2 1.38429E-2 7.34181E-3 8.11332E-3 1.17737E-2 1.1677E-2 1.40552E-2 1.48151E-2 1.28292E-2 1.48423E-2 2.47592E-2 1.17059E-2 7.20675E-3 8.73517E-3 1.00987E-2 1.14613E-2 1.00769E-2 7.89694E-3 4.67048E-3 4.70749E-3 8.68364E-3 7.46255E-3 8.89518E-3 8.56083E-3 9.19606E-3 9.51351E-3 9.30489E-3 5.82637E-3 1.15213E-2 1.21129E-2 6.12989E-3 1.25219E-2 1.35497E-2 1.39997E-2 2.27026E-3 1.31594E-2 1.31252E-2 2.04138E-2 2.24356E-2 1.48649E-2 1.5317E-2 1.50771E-2 1.50446E-2 3.02342E-3 1.74796E-2 1.07049E-2 1.60531E-2 2.70237E-3 3.09156E-3 2.12803E-3 2.25696E-3 2.29699E-3 2.26633E-3 1.40192E-2 1.39832E-2
1.10009E-2 6.42269E-3 9.83869E-3 9.73307E-3 7.26032E-3 1.02657E-2 1.25561E-2 1.45964E-2 2.69744E-2 7.9484E-3 7.63239E-3 9.39944E-3 1.21172E-2 1.21586E-2 1.43166E-2 1.2975E-2 1.50353E-2 1.54738E-2 1.39915E-2 1.59562E-2 7.18052E-3 7.6155E-3 1.17013E-2 1.00487E-2 1.34399E-2 9.09011E-3 1.15218E-2 7.35683E-3 9.42793E-3 1.00987E-2 1.10298E-2 1.00845E-2 1.03542E-2 1.07074E-2 6.1863E-3 6.80187E-3 6.86652E-3 1.27858E-2 1.37655E-2 1.23127E-2 2.55356E-3 3.09943E-3 1.23446E-2 1.21389E-2 1.33542E-2 2.90673E-2 1.62964E-2 1.44771E-2 9.24928E-3 2.14082E-3 3.06943E-3 1.23538E-2 1.67112E-2 1.86232E-2 1.12555E-2 1.24177E-2 2.98989E-3 2.1967E-3 3.16716E-3 2.31766E-3 2.19432E-3 2.32652E-3
1.39106E-2 9.38513E-3 1.08771E-2 1.34994E-2 1.9149E-2 8.52749E-3 1.1458E-2 1.47587E-2 2.12439E-2 2.31887E-2 8.32494E-3 1.00291E-2 1.1024E-2 6.93678E-3 1.34504E-2 1.30685E-2 1.46974E-2 1.53581E-2 1.36158E-2 1.93678E-2 7.35114E-3 8.74105E-3 1.02736E-2 1.07704E-2 1.54212E-2 8.10395E-3 9.42931E-3 1.35894E-2 7.90946E-3 9.53998E-3 1.14512E-2 1.1633E-2 1.06434E-2 1.31924E-2 9.92908E-3 1.04893E-2 1.06736E-2 1.24142E-2 1.50744E-2 1.65731E-2 1.53236E-2 2.88799E-3 3.15319E-3 1.27053E-2 1.25406E-2 2.00187E-2 1.68325E-2 2.86462E-2 2.13906E-2 4.55967E-3 2.24351E-3 1.75006E-2 1.74862E-2 1.65015E-2 1.74059E-2 1.3232E-2 1.87353E-2 1.89133E-2 3.28633E-3 3.22439E-3 3.27762E-3 3.24451E-3
2.2189E-2 8.16148E-3 7.68181E-3 8.92319E-3 1.384E-2 1.24979E-2 1.00421E-2 1.4378E-2 1.44408E-2 1.55973E-2 2.23302E-2 1.30056E-2 1.30337E-2 1.23871E-2 1.37508E-2 1.17941E-2 1.23402E-2 1.14043E-2 1.58752E-2 8.54847E-3 6.74076E-3 8.64089E-3 7.54458E-3 1.07658E-2 9.28655E-3 7.24744E-3 9.89892E-3 9.02355E-3 9.3372E-3 7.58179E-3 9.06576E-3 1.00587E-2 1.29589E-2 1.32048E-2 1.22248E-2 1.28407E-2 1.15291E-2 7.35808E-3 1.25288E-2 1.27592E-2 2.27162E-3 2.69114E-3 2.79878E-3 2.95885E-3 1.20241E-2 1.85333E-2 1.97306E-2 2.00783E-2 2.78469E-2 1.89307E-2 1.71562E-2 1.63478E-2 1.66093E-2 1.78202E-2 3.13332E-3 1.33523E-2 1.92955E-2 1.36962E-2 1.32953E-2 1.93567E-2 2.3118E-3 2.45417E-3
2.77286E-2 1.92403E-2 8.67988E-3 8.90891E-3 9.8172E-3 1.15155E-2 1.27641E-2 1.17854E-2 1.6177E-2 1.14684E-2 1.42429E-2 1.28809E-2 1.43318E-2 1.33905E-2 1.11683E-2 7.41803E-3 1.25905E-2 1.0126E-2 1.02603E-2 8.96342E-3 8.29287E-3 8.2531E-3 8.77775E-3 1.02135E-2 1.14186E-2 1.58507E-2 7.28214E-3 1.04329E-2 1.06883E-2 9.05218E-3 8.86767E-3 9.75384E-3 1.02444E-2 1.09773E-2 1.26516E-2 1.50855E-2 1.22332E-2 1.28057E-2 1.37046E-2 1.39907E-2 1.61318E-2 1.4411E-2 2.42657E-3 2.71686E-3 3.28886E-3 1.21022E-2 1.84736E-2 1.85746E-2 1.5718E-2 1.52838E-2 1.44389E-2 1.3338E-2 3.05684E-3 1.29784E-2 1.71453E-2 1.29577E-2 1.80932E-2 1.3336E-2 1.32934E-2 1.99656E-2 3.49507E-3 2.48125E-3
2.9864E-2 1.47395E-2 1.21856E-2 1.2308E-2 1.19224E-2 1.34997E-2 9.67107E-3 1.20707E-2 1.66229E-2 1.29419E-2 1.34228E-2 1.52992E-2 1.37357E-2 1.44166E-2 2.60727E-2 1.38575E-2 8.05704E-3 9.48086E-3 1.19815E-2 1.18166E-2 1.15848E-2 8.67985E-3 8.82004E-3 8.43775E-3 1.15883E-2 1.45844E-2 9.33429E-3 1.05067E-2 1.29319E-2 1.6578E-2 9.12416E-3 9.6129E-3 1.02093E-2 1.21455E-2 1.28135E-2 1.27323E-2 1.54964E-2 1.51734E-2 1.35682E-2 1.64498E-2 1.64969E-2 1.67356E-2 1.68966E-2 1.51554E-2 2.61106E-3 2.88235E-3 1.79741E-2 1.78084E-2 1.60754E-2 1.40088E-2 1.46934E-2 2.28762E-2 2.74795E-3 1.25535E-2 1.91617E-2 1.79685E-2 1.29822E-2 1.32973E-2 1.92843E-2 1.96001E-2 3.55208E-3 3.38915E-3
3.66876E-2 1.8171E-2 2.55019E-2 1.10472E-2 1.48875E-2 1.15103E-2 1.22675E-2 1.21436E-2 1.48826E-2 1.57786E-2 1.34966E-2 1.54263E-2 1.44866E-2 1.76795E-2 3.17039E-2 2.44901E-2 6.94992E-3 1.16469E-2 1.18168E-2 1.37103E-2 2.05845E-2 6.95887E-3 9.19629E-3 1.10061E-2 1.47486E-2 2.09523E-2 9.54322E-3 1.11583E-2 1.15883E-2 1.01273E-2 1.11706E-2 1.11884E-2 1.17573E-2 1.23901E-2 1.38367E-2 1.41339E-2 1.45389E-2 1.59786E-2 1.65232E-2 1.53748E-2 1.55725E-2 1.39732E-2 1.3512E-2 2.77029E-3 1.43386E-2 2.73971E-3 2.73657E-3 1.22995E-2 1.8333E-2 1.75991E-2 1.59455E-2 1.61504E-2 1.49052E-2 2.81323E-3 1.85126E-2 1.64343E-2 1.65183E-2 1.7887E-2 1.31371E-2 1.39477E-2 1.40602E-2 3.50068E-3
2.11621E-2 3.43956E-2 3.24523E-2 1.3409E-2 1.25334E-2 1.46617E-2 1.23871E-2 1.06192E-2 1.13207E-2 1.03955E-2 1.11116E-2 9.76112E-3 1.44798E-2 2.05405E-2 3.18115E-2 1.41127E-2 1.82886E-2 7.14944E-3 1.16059E-2 1.53183E-2 1.35937E-2 1.79212E-2 8.06481E-3 9.06465E-3 1.08835E-2 1.37388E-2 1.81103E-2 9.38868E-3 1.19531E-2 1.02712E-2 1.21515E-2 1.17037E-2 1.2788E-2 1.14863E-2 1.20274E-2 1.10117E-2 1.15901E-2 2.17407E-3 2.692E-3 1.46555E-2 1.53978E-2 1.69153E-2 1.56722E-2 1.42893E-2 1.32678E-2 2.61106E-3 2.51504E-3 2.8979E-3 1.81781E-2 1.88953E-2 1.88728E-2 1.66265E-2 2.82028E-2 4.02365E-3 3.22444E-3 1.77945E-2 1.58693E-2 1.5844E-2 2.98807E-3 3.14115E-3 3.58107E-3 3.73843E-3
1.52292E-2 3.73706E-2 4.05911E-2 2.56038E-2 1.18538E-2 1.34848E-2 1.04609E-2 1.12977E-2 1.08209E-2 1.34284E-2 1.12564E-2 1.39777E-2 1.65146E-2 1.96048E-2 2.88481E-2 1.78226E-2 2.75266E-2 9.11475E-3 1.28419E-2 1.61577E-2 1.40353E-2 1.40804E-2 1.01889E-2 9.41993E-3 9.2406E-3 9.74538E-3 1.38279E-2 9.35349E-3 1.20434E-2 1.20491E-2 1.30398E-2 1.2854E-2 1.15883E-2 1.36799E-2 1.17077E-2 1.14586E-2 1.28202E-2 2.42878E-3 1.44767E-2 1.39003E-2 1.46629E-2 1.45695E-2 1.60528E-2 1.73551E-2 1.58558E-2 1.45131E-2 2.67163E-3 3.0028E-3 1.50212E-2 1.4997E-2 1.8755E-2 1.86911E-2 1.92636E-2 1.62832E-2 1.55429E-2 1.79867E-2 1.81025E-2 1.73801E-2 2.82928E-3 3.27085E-3 3.76708E-3 2.65841E-3
1.60071E-2 1.78041E-2 1.56578E-2 3.12219E-2 2.07681E-2 1.25011E-2 1.05546E-2 9.38499E-3 1.20496E-2 1.47645E-2 1.29612E-2 1.12306E-2 1.54258E-2 2.07343E-2 3.33334E-2 1.81515E-2 2.82837E-2 1.60166E-2 1.17717E-2 1.73949E-2 1.46145E-2 1.60174E-2 1.21911E-2 9.10221E-3 8.7029E-3 9.28511E-3 1.07153E-2 1.38115E-2 1.06564E-2 1.26185E-2 1.40907E-2 1.49537E-2 1.21458E-2 1.41238E-2 1.36522E-2 1.26511E-2 1.47805E-2 1.48515E-2 1.39894E-2 1.56332E-2 1.50665E-2 1.49945E-2 1.46395E-2 1.57877E-2 1.63885E-2 1.72207E-2 1.62044E-2 1.41537E-2 1.41765E-2 2.60061E-3 2.9516E-3 1.79727E-2 1.84451E-2 1.91768E-2 1.66304E-2 1.52242E-2 1.68986E-2 1.5256E-2 3.0952E-3 3.44059E-3 3.69065E-3 3.78715E-3
1.67513E-2 1.73918E-2 3.51508E-2 1.62907E-2 2.27945E-2 2.61448E-2 1.4442E-2 1.30979E-2 1.08626E-2 9.71941E-3 1.12623E-2 1.3849E-2 1.20874E-2 1.71878E-2 2.13103E-2 2.13798E-2 2.29654E-2 2.55667E-2 1.5188E-2 1.91725E-2 1.73116E-2 1.40243E-2 1.29319E-2 9.5109E-3 1.01899E-2 1.08925E-2 1.1048E-2 1.24561E-2 1.35499E-2 1.37219E-2 1.20447E-2 1.4236E-2 1.1608E-2 1.52131E-2 1.39324E-2 1.30194E-2 2.53114E-3 2.98895E-3 1.52791E-2 1.58845E-2 1.53529E-2 1.57573E-2 1.47156E-2 1.52838E-2 1.39894E-2 2.82842E-3 2.83824E-3 1.76236E-2 1.78742E-2 1.52734E-2 1.36308E-2 2.70352E-3 2.85023E-3 1.89669E-2 1.63731E-2 2.81573E-2 2.91688E-2 2.82257E-3 3.45384E-3 3.5456E-3 3.8255E-3 3.7216E-3
1.62163E-2 3.43347E-2 1.91532E-2 1.67889E-2 3.79341E-2 1.61229E-2 1.66063E-2 1.66281E-2 1.77366E-2 1.41896E-2 1.16894E-2 1.3781E-2 1.33224E-2 1.26458E-2 1.82587E-2 1.9566E-2 2.20696E-2 1.68956E-2 1.42956E-2 1.63041E-2 1.37229E-2 1.40243E-2 1.20756E-2 1.06598E-2 1.01899E-2 1.14771E-2 1.25644E-2 1.25238E-2 1.14461E-2 1.19482E-2 1.26664E-2 1.41262E-2 1.5345E-2 1.47035E-2 1.40804E-2 1.43821E-2 1.37617E-2 2.73581E-3 1.78581E-2 1.74805E-2 1.67899E-2 1.68442E-2 1.58539E-2 1.34639E-2 2.74424E-3 2.7506E-3 2.58562E-3 2.97807E-3 2.94817E-3 1.87284E-2 1.57305E-2 2.85148E-3 2.9929E-3 3.62933E-3 2.12745E-2 1.85306E-2 3.31208E-2 3.18366E-3 3.54522E-3 3.64755E-3 3.7839E-3 4.02425E-3
1.52129E-2 2.00417E-2 2.35018E-2 1.92781E-2 1.84057E-2 3.76867E-2 1.66412E-2 1.45214E-2 1.46137E-2 2.07138E-2 1.89578E-2 1.606E-2 1.19468E-2 1.44675E-2 1.45672E-2 1.72864E-2 2.20994E-2 3.5407E-2 1.72525E-2 1.88589E-2 1.81747E-2 2.35023E-2 1.84834E-2 1.02228E-2 1.05782E-2 1.07845E-2 1.00888E-2 1.1091E-2 1.20383E-2 1.28521E-2 1.15572E-2 1.15572E-2 1.31676E-2 1.53202E-2 1.52159E-2 1.41485E-2 1.35217E-2 2.64403E-3 2.80631E-3 1.66213E-2 1.74106E-2 1.70561E-2 1.52937E-2 1.36154E-2 2.71736E-3 2.98863E-3 3.31199E-3 3.03762E-3 2.72565E-3 3.10094E-3 3.42337E-3 3.15191E-3 3.24817E-3 3.72237E-3 1.98134E-2 2.16987E-2 3.47179E-2 3.24897E-3 3.85203E-3 4.02111E-3 3.91549E-3 3.73172E-3
2.02505E-2 1.67836E-2 1.96248E-2 1.95287E-2 3.91524E-2 4.39869E-2 1.85672E-2 1.73531E-2 1.59256E-2 1.65695E-2 1.84972E-2 1.92351E-2 2.02315E-2 2.03453E-2 1.23809E-2 1.1239E-2 1.84173E-2 2.27532E-2 2.2291E-2 4.30332E-2 2.02963E-2 3.02174E-2 1.3333E-2 1.18649E-2 1.0372E-2 1.30508E-2 1.16022E-2 1.29047E-2 1.35019E-2 1.28273E-2 1.49323E-2 1.41498E-2 1.44035E-2 1.51754E-2 1.47807E-2 1.46901E-2 1.57457E-2 1.70011E-2 1.47615E-2 1.54886E-2 2.92346E-3 1.87042E-2 1.65814E-2 1.67968E-2 1.77349E-2 1.47757E-2 3.06767E-3 3.20527E-3 3.52115E-3 3.41933E-3 3.63524E-3 3.56329E-3 3.41097E-3 3.41827E-3 3.45924E-3 1.99423E-2 3.21863E-3 3.39463E-3 3.61361E-3 3.59824E-3 3.92391E-3 4.36354E-3
1.75054E-2 2.20545E-2 1.70966E-2 2.06203E-2 3.60745E-2 3.80737E-2 2.1235E-2 1.68046E-2 1.84201E-2 1.56045E-2 1.45401E-2 1.51544E-2 1.71737E-2 2.02054E-2 2.00199E-2 1.6483E-2 1.31905E-2 1.86594E-2 1.59325E-2 2.23947E-2 2.25132E-2 1.85393E-2 1.85241E-2 1.64523E-2 1.32727E-2 1.36819E-2 1.3995E-2 1.35085E-2 1.10877E-2 1.21951E-2 1.55278E-2 1.57309E-2 1.67541E-2 1.59106E-2 1.61448E-2 1.58261E-2 1.61097E-2 1.6692E-2 1.67189E-2 1.77386E-2 1.70183E-2 1.68406E-2 1.82964E-2 1.9084E-2 1.53697E-2 2.67019E-3 3.20539E-3 2.78695E-3 3.31587E-3 3.41404E-3 3.1494E-3 3.75874E-3 3.42642E-3 3.52555E-3 3.57214E-3 3.62832E-3 3.36577E-3 6.33292E-3 3.37386E-3 3.55518E-3 3.6715E-3 4.25995E-3
1.96445E-2 2.09247E-2 1.74553E-2 2.31344E-2 2.46563E-2 2.04963E-2 3.70989E-2 2.08141E-2 1.7193E-2 2.21808E-2 2.16316E-2 2.39391E-2 2.15228E-2 2.04027E-2 1.56251E-2 1.38755E-2 1.51326E-2 1.28512E-2 2.0863E-2 2.51681E-2 4.0259E-2 2.07432E-2 1.78622E-2 1.74406E-2 1.72726E-2 1.23137E-2 1.16004E-2 1.44576E-2 1.63982E-2 1.2231E-2 1.33307E-2 1.47234E-2 1.47234E-2 1.4916E-2 2.88097E-3 1.79592E-2 1.74408E-2 1.74126E-2 1.83121E-2 1.85576E-2 1.97785E-2 1.88626E-2 1.78994E-2 1.82511E-2 1.70951E-2 1.6692E-2 1.89053E-2 1.50287E-2 3.04801E-3 3.67746E-3 3.74088E-3 3.38584E-3 3.14707E-3 3.81503E-3 3.91131E-3 3.94933E-3 3.84623E-3 7.2003E-3 7.27836E-3 6.13136E-3 4.09053E-3 4.65627E-3
1.83612E-2 1.87135E-2 1.83956E-2 2.23023E-2 2.42093E-2 5.21277E-2 4.16623E-2 1.72275E-2 1.75314E-2 1.46618E-2 2.1777E-2 1.97177E-2 1.9229E-2 1.55198E-2 1.73301E-2 2.24312E-2 3.0856E-2 1.22407E-2 1.87524E-2 2.48835E-2 2.13937E-2 2.23248E-2 1.74352E-2 1.84803E-2 1.84803E-2 1.90968E-2 2.24388E-2 1.18661E-2 1.51164E-2 1.77386E-2 1.19509E-2 1.22025E-2 1.2626E-2 2.5444E-3 2.93386E-3 2.75607E-3 1.5983E-2 1.63503E-2 1.62182E-2 1.59312E-2 1.53092E-2 3.16106E-3 1.95535E-2 2.03386E-2 1.73472E-2 1.87004E-2 1.90986E-2 3.14624E-2 2.98036E-3 3.15555E-3 3.214E-3 3.69093E-3 3.85481E-3 3.68684E-3 3.7092E-3 4.05622E-3 4.06397E-3 4.1033E-3 8.52369E-3 7.02338E-3 4.52842E-3 4.6441E-3
1.89663E-2 1.64444E-2 1.56126E-2 2.11262E-2 2.71597E-2 4.77964E-2 3.06304E-2 2.31715E-2 1.65224E-2 1.7876E-2 1.6448E-2 1.81144E-2 1.71178E-2 1.75991E-2 1.74562E-2 1.54182E-2 2.32115E-2 2.11064E-2 2.19047E-2 2.33118E-2 2.1572E-2 2.34332E-2 1.93605E-2 1.87062E-2 1.76802E-2 2.22379E-2 1.75536E-2 1.40611E-2 1.44995E-2 1.71602E-2 1.76351E-2 1.5454E-2 1.91601E-2 2.6099E-3 1.43011E-2 2.79733E-3 1.62974E-2 1.35918E-2 1.52892E-2 1.47943E-2 2.82977E-3 3.09496E-3 3.4607E-3 2.03069E-2 2.03823E-2 1.92603E-2 1.83613E-2 1.84607E-2 3.03693E-3 3.52432E-3 3.2293E-3 3.42047E-3 3.4287E-3 3.55436E-3 4.16849E-3 4.77046E-3 4.46319E-3 4.33256E-3 7.26408E-3 7.77166E-3 7.92075E-3 7.94018E-3
1.66598E-2 1.74545E-2 1.83655E-2 1.98565E-2 2.50187E-2 4.9022E-2 2.16749E-2 1.88129E-2 4.06488E-2 2.9222E-2 1.60369E-2 1.6483E-2 1.65391E-2 1.78223E-2 1.80446E-2 1.84814E-2 1.57291E-2 1.66981E-2 1.72816E-2 1.78027E-2 2.55343E-2 2.32434E-2 2.15493E-2 1.72405E-2 1.84207E-2 2.06735E-2 1.9543E-2 1.80569E-2 1.26598E-2 1.60871E-2 1.79867E-2 1.87062E-2 2.33598E-2 1.40427E-2 1.57318E-2 1.44237E-2 1.43077E-2 1.3033E-2 1.33088E-2 2.53091E-3 3.06219E-3 3.06806E-3 3.32873E-3 3.00648E-3 3.81019E-3 2.13573E-2 2.06233E-2 2.01094E-2 3.47295E-3 3.5366E-3 3.76204E-3 3.6583E-3 3.23053E-3 3.93528E-3 4.21957E-3 4.8607E-3 4.80649E-3 4.7656E-3 7.94197E-3 8.67404E-3 1.09905E-2 1.07505E-2
1.62475E-2 2.16802E-2 1.94965E-2 1.63731E-2 2.28948E-2 2.54221E-2 2.26043E-2 2.18095E-2 2.00529E-2 3.50086E-2 2.12557E-2 2.12215E-2 2.13079E-2 1.84097E-2 1.84097E-2 1.80786E-2 1.81768E-2 1.61259E-2 1.65982E-2 1.50499E-2 2.57285E-2 2.27174E-2 2.3822E-2 1.97385E-2 1.53732E-2 1.58703E-2 1.80951E-2 2.13788E-2 2.54281E-2 1.43681E-2 1.66701E-2 1.97768E-2 1.79575E-2 1.48973E-2 1.59485E-2 1.82128E-2 1.5736E-2 1.52134E-2 1.65391E-2 2.83224E-3 2.62248E-3 2.76276E-3 1.64598E-2 2.85269E-3 3.22189E-3 3.79479E-3 2.1927E-2 2.19774E-2 3.43984E-3 3.7326E-3 4.04595E-3 4.20513E-3 4.1034E-3 3.96697E-3 4.16574E-3 4.48207E-3 5.12044E-3 5.52429E-3 8.37539E-3 9.02896E-3 9.75127E-3 1.26222E-2
1.83423E-2 1.7135E-2 1.62364E-2 2.23878E-2 1.93799E-2 2.40891E-2 2.35281E-2 3.84405E-2 3.92592E-2 4.78567E-2 2.0683E-2 1.90303E-2 1.98641E-2 1.56737E-2 1.65408E-2 1.65949E-2 2.06667E-2 1.78587E-2 1.54233E-2 1.65982E-2 1.69992E-2 2.47705E-2 1.72101E-2 2.32102E-2 3.04311E-2 1.3844E-2 1.67312E-2 2.05703E-2 1.79531E-2 1.55128E-2 1.65937E-2 1.90909E-2 1.87047E-2 1.55995E-2 1.66082E-2 1.89051E-2 1.78456E-2 1.65587E-2 1.59779E-2 1.79292E-2 1.51208E-2 1.4654E-2 2.95301E-3 2.81532E-3 3.34334E-3 3.63781E-3 3.95367E-3 4.46878E-3 4.26089E-3 3.90377E-3 3.89905E-3 4.24626E-3 6.68577E-3 4.82948E-3 4.4229E-3 4.5315E-3 5.33513E-3 3.82485E-3 5.84049E-3 1.26012E-2 7.14639E-3 7.25498E-3
2.05295E-2 1.78617E-2 1.63695E-2 2.17436E-2 1.71413E-2 2.35213E-2 2.41121E-2 4.30618E-2 3.34662E-2 2.92199E-2 1.63179E-2 2.34267E-2 2.28957E-2 2.23337E-2 2.16542E-2 2.22853E-2 1.75878E-2 2.25171E-2 2.17454E-2 1.95145E-2 2.32272E-2 2.50474E-2 2.2991E-2 2.50007E-2 2.46856E-2 2.6584E-2 1.38733E-2 1.8757E-2 1.96912E-2 1.63378E-2 1.85331E-2 1.79463E-2 1.66337E-2 1.86876E-2 1.59939E-2 1.85331E-2 1.83256E-2 1.68798E-2 1.69074E-2 1.84925E-2 1.81814E-2 1.73888E-2 1.87047E-2 2.96065E-3 3.20848E-3 3.43448E-3 3.35106E-3 3.58546E-3 4.68867E-3 4.60387E-3 4.5374E-3 4.6501E-3 4.483E-3 5.05634E-3 4.94176E-3 5.00094E-3 5.13352E-3 5.27528E-3 4.17872E-3 4.50675E-3 4.65718E-3 9.73275E-3
2.00781E-2 2.08717E-2 1.91857E-2 1.6653E-2 2.30225E-2 2.05125E-2 2.53902E-2 2.32286E-2 2.302E-2 2.90241E-2 1.67848E-2 1.6376E-2 1.65408E-2 1.73549E-2 1.84945E-2 1.75247E-2 2.48516E-2 1.7169E-2 2.3995E-2 1.92778E-2 2.3496E-2 1.88348E-2 1.80882E-2 1.72199E-2 1.7988E-2 2.18593E-2 1.57266E-2 1.47099E-2 1.83684E-2 1.78772E-2 1.8383E-2 1.98756E-2 1.83543E-2 1.98756E-2 2.52862E-2 1.71075E-2 1.9425E-2 1.78963E-2 1.65026E-2 1.7775E-2 1.93293E-2 1.61775E-2 1.93927E-2 1.70202E-2 3.00433E-3 3.19433E-3 3.52406E-3 3.37491E-3 3.39968E-3 3.65413E-3 4.49878E-3 4.87201E-3 5.40193E-3 5.03197E-3 5.17199E-3 5.18488E-3 5.69095E-3 6.1442E-3 9.79612E-3 4.51657E-3 5.12736E-3 5.39076E-3
