day_2/Results/Podomys_floridanus/projections/PaleoClim/-4000/RUN_2.asc
ncols         385
nrows         252
xllcorner     -91.50013924285
yllcorner     25.49986064915003
cellsize      0.041666666500000005
NODATA_value  -9999
[rows 112 to 139 of 252, columns 0 to 61 of 385]
3.38996E-3 4.35083E-3 5.47393E-3 3.84918E-3 2.53053E-3 2.53053E-3 4.30638E-3 3.55426E-3 4.29199E-3 4.90026E-3 9.03091E-3 6.44821E-3 9.22479E-3 8.49898E-3 5.41626E-3 4.90738E-3 4.51806E-3 4.9779E-3 4.98648E-3 3.96569E-3 5.43108E-3 5.76849E-3 5.17015E-3 4.79044E-3 4.5413E-3 5.80421E-3 1.0719E-2 8.69507E-3 1.12499E-2 1.23442E-2 1.18663E-2 1.02626E-2 7.76359E-3 8.90551E-3 4.32849E-3 2.54693E-3 1.81734E-3 2.40153E-3 6.38787E-3 1.54806E-2 1.54396E-2 7.66134E-3 9.93469E-3 1.04511E-2 1.44582E-2 1.40781E-2 1.04893E-2 1.42554E-2 1.18681E-2 1.13563E-2 7.85959E-3 1.02829E-2 1.3962E-2 2.35779E-2 2.64091E-2 1.856E-2 1.40432E-2 2.28118E-2 1.70718E-2 2.41828E-2 1.91164E-2 1.76985E-2
3.74235E-3 4.94704E-3 6.36168E-3 3.83089E-3 5.78554E-3 3.38651E-3 4.48275E-3 3.28944E-3 3.56734E-3 3.55092E-3 1.02306E-2 7.13781E-3 6.62319E-3 8.38501E-3 5.14277E-3 4.72031E-3 5.77608E-3 5.71671E-3 3.77645E-3 3.4598E-3 6.70468E-3 5.23115E-3 6.70528E-3 5.57717E-3 4.55715E-3 4.94301E-3 6.59891E-3 1.11106E-2 8.87426E-3 1.32926E-2 1.15977E-2 9.93746E-3 7.98447E-3 8.31285E-3 1.09709E-2 7.01681E-3 3.79987E-3 3.42409E-3 2.8662E-3 1.40729E-2 1.63484E-2 8.9905E-3 8.66308E-3 1.44643E-2 1.58767E-2 1.49986E-2 9.18633E-3 1.02002E-2 1.55577E-2 1.65543E-2 1.12153E-2 9.29812E-3 9.85417E-3 1.53143E-2 2.52664E-2 2.42426E-2 2.21714E-2 2.14725E-2 2.19646E-2 2.26031E-2 2.38866E-2 1.48621E-2
4.30379E-3 5.29971E-3 5.6429E-3 5.69614E-3 5.34345E-3 6.46963E-3 7.32331E-3 7.01132E-3 5.22749E-3 3.19484E-3 7.14659E-3 5.03097E-3 4.42531E-3 6.18008E-3 3.56152E-3 5.8737E-3 4.68789E-3 3.53705E-3 3.77716E-3 4.99824E-3 6.10367E-3 4.74477E-3 5.0483E-3 6.84411E-3 5.70634E-3 6.45331E-3 5.75594E-3 6.05957E-3 1.16729E-2 1.31222E-2 1.24787E-2 1.01289E-2 7.3091E-3 8.4528E-3 1.03865E-2 6.15817E-3 5.73483E-3 4.67802E-3 4.33058E-3 1.01342E-2 1.54786E-2 1.40955E-2 1.33393E-2 1.25246E-2 8.40429E-3 1.3822E-2 1.07534E-2 9.80047E-3 1.15982E-2 1.76379E-2 1.93123E-2 1.47184E-2 1.15424E-2 1.1895E-2 1.33034E-2 1.58903E-2 1.93655E-2 2.10774E-2 2.31549E-2 2.34833E-2 2.63597E-2 2.22769E-2
4.52205E-3 3.31838E-3 4.06963E-3 5.36418E-3 3.44368E-3 4.77836E-3 5.06478E-3 8.57667E-3 1.04902E-2 1.10609E-2 7.50796E-3 4.61214E-3 6.06299E-3 5.04827E-3 4.59011E-3 5.11034E-3 4.95139E-3 3.69669E-3 3.23937E-3 6.18423E-3 5.1906E-3 5.45366E-3 4.79113E-3 7.54888E-3 5.55499E-3 9.09002E-3 6.67835E-3 6.09231E-3 7.02966E-3 1.51207E-2 9.75055E-3 8.48999E-3 8.0924E-3 1.18869E-2 8.4561E-3 6.98094E-3 5.93593E-3 4.14762E-3 3.11849E-3 5.91501E-3 1.33557E-2 1.575E-2 1.47002E-2 1.19945E-2 1.01019E-2 1.54347E-2 1.50682E-2 1.387E-2 9.82892E-3 1.14191E-2 1.40742E-2 2.20512E-2 2.11023E-2 1.40902E-2 1.54393E-2 1.38378E-2 1.26311E-2 1.31077E-2 1.4919E-2 1.40695E-2 1.48617E-2 2.09204E-2
4.26052E-3 4.3809E-3 3.49945E-3 3.58541E-3 3.05369E-3 3.27592E-3 4.0818E-3 6.96606E-3 6.62629E-3 9.24939E-3 5.92625E-3 5.0853E-3 5.98778E-3 4.72266E-3 4.51642E-3 5.72296E-3 5.55749E-3 3.53428E-3 3.41558E-3 6.91105E-3 5.13225E-3 3.67919E-3 4.20219E-3 5.88284E-3 7.30648E-3 9.71974E-3 7.157E-3 6.1369E-3 6.40629E-3 1.15758E-2 1.21527E-2 8.08152E-3 8.96919E-3 1.20478E-2 7.52212E-3 5.00496E-3 5.90313E-3 5.52513E-3 3.96836E-3 4.27902E-3 1.14069E-2 1.41287E-2 1.56969E-2 1.3596E-2 1.26371E-2 1.17534E-2 1.48036E-2 1.32064E-2 1.24165E-2 1.29653E-2 1.05156E-2 1.43554E-2 2.56988E-2 2.21474E-2 2.20703E-2 2.1092E-2 2.02367E-2 1.64542E-2 1.56042E-2 1.47051E-2 1.25053E-2 1.26833E-2
2.98033E-3 2.63444E-3 2.46027E-3 2.2263E-3 2.79782E-3 2.53579E-3 3.39354E-3 4.00507E-3 5.7575E-3 1.01748E-2 5.98427E-3 4.47257E-3 5.53684E-3 5.53362E-3 3.42045E-3 6.07063E-3 4.09737E-3 3.34969E-3 5.01868E-3 5.25039E-3 4.52099E-3 4.88857E-3 4.18326E-3 4.56695E-3 7.42649E-3 7.42867E-3 6.5642E-3 8.7715E-3 5.54141E-3 7.39811E-3 1.34237E-2 8.1617E-3 1.2076E-2 1.18687E-2 9.01499E-3 6.2796E-3 5.77377E-3 4.37791E-3 3.8743E-3 3.75042E-3 9.29415E-3 1.45415E-2 1.39135E-2 1.22837E-2 9.96371E-3 8.48099E-3 9.64739E-3 1.0458E-2 1.15421E-2 1.38466E-2 1.46966E-2 1.55745E-2 1.826E-2 2.50962E-2 1.97411E-2 2.58085E-2 2.74371E-2 2.69617E-2 2.07008E-2 2.04069E-2 1.8712E-2 1.27664E-2
2.07978E-3 2.71964E-3 3.08319E-3 4.31878E-3 3.39354E-3 3.08319E-3 3.39354E-3 3.1751E-3 8.85759E-3 6.15229E-3 5.54513E-3 4.21607E-3 4.56617E-3 5.90679E-3 3.21504E-3 6.33639E-3 3.58612E-3 4.81417E-3 5.76392E-3 3.87207E-3 5.07531E-3 5.10814E-3 3.95384E-3 5.68359E-3 6.35325E-3 7.26443E-3 8.23323E-3 8.58856E-3 6.50307E-3 5.62013E-3 8.71702E-3 1.38922E-2 1.29753E-2 1.03246E-2 7.92884E-3 5.96962E-3 7.58047E-3 7.21726E-3 3.7145E-3 2.9208E-3 6.68391E-3 1.33964E-2 1.60665E-2 1.39244E-2 1.76013E-2 1.52881E-2 7.81879E-3 8.06513E-3 9.9956E-3 1.35681E-2 1.36321E-2 1.48334E-2 1.6998E-2 2.01837E-2 2.04894E-2 2.45756E-2 2.65868E-2 2.8124E-2 2.64319E-2 2.66777E-2 2.16265E-2 1.81743E-2
3.42456E-3 1.52296E-3 3.8829E-3 3.73959E-3 3.47438E-3 3.1751E-3 3.83889E-3 3.49337E-3 8.65978E-3 5.61909E-3 5.71989E-3 5.65064E-3 2.84939E-3 4.41168E-3 3.66039E-3 5.47625E-3 6.52367E-3 5.10032E-3 3.79113E-3 3.70028E-3 6.54635E-3 4.453E-3 4.85981E-3 6.6495E-3 6.16211E-3 9.19004E-3 9.94682E-3 6.66034E-3 7.30655E-3 6.59927E-3 6.1084E-3 1.67953E-2 1.05043E-2 8.69313E-3 6.55883E-3 7.01722E-3 7.53391E-3 9.38294E-3 3.94766E-3 2.73619E-3 5.12585E-3 1.21265E-2 1.55351E-2 1.46927E-2 1.24019E-2 1.36725E-2 7.38397E-3 9.74992E-3 1.10601E-2 1.48714E-2 1.43309E-2 1.57877E-2 1.56495E-2 1.73705E-2 1.61242E-2 2.1519E-2 1.76359E-2 1.94192E-2 2.96028E-2 3.18224E-2 2.16951E-2 2.33853E-2
3.44891E-3 1.7449E-3 4.22814E-3 2.88232E-3 3.44157E-3 2.69867E-3 2.97528E-3 8.70756E-3 6.49791E-3 4.77549E-3 6.74382E-3 5.76368E-3 3.38845E-3 2.44337E-3 3.75744E-3 6.72448E-3 4.74928E-3 4.2643E-3 5.02812E-3 5.36131E-3 5.28714E-3 2.98327E-3 3.86112E-3 5.2761E-3 9.38294E-3 8.72451E-3 6.16214E-3 5.49022E-3 6.34557E-3 7.30924E-3 6.08949E-3 1.60232E-2 1.09192E-2 9.61555E-3 7.41563E-3 5.4579E-3 6.50956E-3 1.01378E-2 6.78578E-3 3.44546E-3 5.85469E-3 1.16203E-2 1.55571E-2 1.34935E-2 1.21901E-2 1.58796E-2 7.73519E-3 1.01741E-2 8.25198E-3 1.25435E-2 1.60434E-2 2.09085E-2 2.07859E-2 2.02606E-2 1.99111E-2 2.16585E-2 2.16966E-2 2.15715E-2 2.61988E-2 2.82692E-2 3.55681E-2 2.35723E-2
2.20755E-3 2.78072E-3 4.38885E-3 2.97528E-3 2.39562E-3 2.78072E-3 6.36437E-3 8.69307E-3 5.45365E-3 3.79874E-3 6.13491E-3 4.62624E-3 4.54599E-3 2.3524E-3 2.26885E-3 6.3665E-3 4.86673E-3 6.26798E-3 3.38674E-3 5.05697E-3 5.44033E-3 4.21441E-3 3.8582E-3 4.94497E-3 9.47588E-3 8.43488E-3 5.80091E-3 6.78578E-3 5.88878E-3 6.10025E-3 6.8544E-3 1.47184E-2 1.14406E-2 1.04232E-2 1.00976E-2 5.92008E-3 4.7598E-3 4.48929E-3 7.08131E-3 5.45907E-3 7.5612E-3 1.21338E-2 1.58779E-2 1.24245E-2 1.30359E-2 1.42894E-2 9.83404E-3 9.67147E-3 1.30297E-2 8.77859E-3 1.15187E-2 1.68277E-2 2.1016E-2 2.51181E-2 2.74253E-2 2.11343E-2 2.10545E-2 1.98641E-2 2.23541E-2 1.66349E-2 3.26758E-2 3.29353E-2
3.47286E-3 3.26919E-3 4.51592E-3 3.06457E-3 1.67959E-3 2.22417E-3 7.31634E-3 7.00821E-3 4.20501E-3 3.47358E-3 4.90419E-3 5.07083E-3 4.00646E-3 2.71395E-3 1.99474E-3 5.50419E-3 7.05986E-3 6.48414E-3 3.61702E-3 3.35226E-3 6.72384E-3 4.50955E-3 4.28532E-3 6.20788E-3 1.00807E-2 8.23084E-3 8.0236E-3 5.55868E-3 5.88082E-3 4.95899E-3 6.23669E-3 1.38872E-2 1.11931E-2 1.0439E-2 1.2948E-2 7.60221E-3 6.29111E-3 3.87702E-3 4.13615E-3 6.50655E-3 9.47795E-3 1.38111E-2 1.55981E-2 8.25504E-3 1.17097E-2 1.47847E-2 1.12987E-2 9.48065E-3 1.67217E-2 1.55548E-2 1.08124E-2 1.20923E-2 1.79431E-2 2.60031E-2 3.44677E-2 3.64684E-2 2.48689E-2 2.72707E-2 2.6183E-2 2.0756E-2 2.5664E-2 4.02952E-2
9.48686E-3 2.12726E-3 8.53151E-3 4.9345E-3 3.43126E-3 2.80856E-3 7.95868E-3 4.72995E-3 3.83275E-3 3.93658E-3 3.57073E-3 5.58352E-3 3.61395E-3 2.85714E-3 2.30275E-3 4.49574E-3 8.16477E-3 5.03197E-3 3.44608E-3 3.93637E-3 6.97715E-3 4.87225E-3 3.20101E-3 5.39078E-3 9.06919E-3 8.1894E-3 7.63208E-3 6.53009E-3 6.16943E-3 5.5109E-3 4.09971E-3 1.07257E-2 1.40653E-2 1.32625E-2 9.0043E-3 8.4213E-3 6.12794E-3 5.33465E-3 5.02736E-3 7.67197E-3 1.19986E-2 1.60425E-2 1.38397E-2 1.00267E-2 1.59458E-2 1.68811E-2 1.28947E-2 8.64523E-3 1.57181E-2 1.88571E-2 1.67562E-2 1.95308E-2 1.32905E-2 1.98365E-2 3.0131E-2 3.93672E-2 3.07773E-2 3.02768E-2 3.42144E-2 3.0714E-3 3.3248E-3 3.68017E-3
7.97773E-3 7.23574E-3 6.14583E-3 4.67378E-3 3.50126E-3 3.25344E-3 6.8828E-3 3.60125E-3 3.58963E-3 3.69214E-3 3.29378E-3 4.94497E-3 3.42061E-3 2.97167E-3 3.17005E-3 4.28128E-3 7.79042E-3 4.27898E-3 3.86615E-3 4.7393E-3 6.78228E-3 5.62962E-3 4.6266E-3 4.98461E-3 8.64664E-3 8.60053E-3 7.87489E-3 6.68433E-3 6.17461E-3 6.77792E-3 5.76408E-3 5.48056E-3 1.25335E-2 1.39158E-2 8.94852E-3 8.95168E-3 7.17728E-3 5.94165E-3 6.3245E-3 9.72524E-3 9.65374E-3 1.27868E-2 1.38551E-2 1.23778E-2 1.77479E-2 1.69483E-2 1.55082E-2 1.07517E-2 1.02581E-2 2.01471E-2 2.3168E-2 3.17565E-2 1.85383E-2 1.72503E-2 2.20208E-2 2.67366E-2 3.8475E-2 3.65294E-2 4.12388E-2 4.14434E-3 4.44798E-3 4.09812E-3
5.88591E-3 7.0046E-3 6.66891E-3 5.88647E-3 3.2773E-3 4.93054E-3 5.61223E-3 3.29474E-3 3.9691E-3 3.41479E-3 4.03278E-3 3.91554E-3 3.55145E-3 3.10835E-3 2.78205E-3 5.28594E-3 7.55277E-3 4.90203E-3 3.98751E-3 6.00075E-3 6.62497E-3 5.45008E-3 5.88298E-3 5.36015E-3 1.04294E-2 7.63466E-3 6.39897E-3 6.6954E-3 6.02927E-3 7.43005E-3 7.22144E-3 4.60784E-3 7.32495E-3 1.3312E-2 1.37124E-2 8.4685E-3 6.76291E-3 7.1805E-3 7.74444E-3 8.67411E-3 1.23555E-2 1.28213E-2 1.33207E-2 1.3365E-2 2.19232E-2 1.86081E-2 2.25636E-2 1.66462E-2 1.09116E-2 1.45158E-2 2.69331E-2 3.39865E-2 3.2115E-2 2.97181E-2 2.67677E-2 2.46993E-2 3.31681E-2 4.48804E-3 5.09763E-3 5.62607E-3 5.60253E-3 5.00829E-3
5.42032E-3 5.38194E-3 5.37239E-3 6.59116E-3 3.96771E-3 5.055E-3 3.63521E-3 3.25551E-3 3.71956E-3 3.54703E-3 3.81293E-3 3.64814E-3 3.74697E-3 3.56302E-3 2.9266E-3 5.6053E-3 6.72021E-3 4.84881E-3 4.39405E-3 4.96831E-3 6.29877E-3 6.2362E-3 6.74134E-3 8.0549E-3 1.06253E-2 5.38441E-3 6.91473E-3 6.39968E-3 7.47561E-3 6.44468E-3 8.31204E-3 5.99195E-3 4.43199E-3 8.34343E-3 9.32057E-3 1.31269E-2 1.01286E-2 6.7408E-3 6.29033E-3 1.08435E-2 1.68154E-2 1.43714E-2 8.92908E-3 1.19415E-2 1.79004E-2 2.02094E-2 1.84256E-2 2.60718E-2 1.4421E-2 2.09594E-2 2.12149E-2 2.62735E-2 3.6309E-2 2.83632E-2 3.95245E-2 3.80319E-2 4.14724E-2 4.12738E-3 3.68464E-3 5.35731E-3 5.2894E-3 5.12933E-3
4.48481E-3 4.49279E-3 4.17832E-3 5.07754E-3 6.1746E-3 4.13065E-3 3.07174E-3 3.05642E-3 3.06186E-3 3.53346E-3 3.62252E-3 3.30075E-3 3.80076E-3 3.63595E-3 3.8762E-3 6.42395E-3 5.30825E-3 5.44741E-3 6.10341E-3 6.2362E-3 6.89568E-3 7.0381E-3 6.94988E-3 8.39962E-3 9.54037E-3 6.27737E-3 6.43092E-3 7.96106E-3 7.84661E-3 7.81825E-3 8.10647E-3 7.31024E-3 7.02397E-3 5.16996E-3 5.53474E-3 8.35577E-3 8.76238E-3 8.42938E-3 9.39156E-3 1.18881E-2 1.84202E-2 1.24276E-2 1.00139E-2 1.67849E-2 1.63519E-2 1.561E-2 2.10879E-2 2.36159E-2 2.49808E-2 1.62561E-2 1.95244E-2 2.90266E-2 2.76602E-2 5.07706E-3 5.23354E-3 6.88433E-3 6.3277E-3 6.31471E-3 5.13416E-3 6.02129E-3 6.4236E-3 6.05172E-3
4.69014E-3 3.64475E-3 3.89925E-3 3.96825E-3 5.17826E-3 3.73909E-3 3.04557E-3 3.11817E-3 3.13485E-3 3.16227E-3 3.39117E-3 3.11527E-3 3.84173E-3 4.08303E-3 4.49581E-3 4.75308E-3 4.98454E-3 6.07239E-3 5.756E-3 6.82577E-3 7.75383E-3 6.59525E-3 8.14785E-3 8.07445E-3 8.9347E-3 8.49861E-3 6.54604E-3 5.47161E-3 6.95831E-3 5.0389E-3 6.65552E-3 5.63713E-3 6.21886E-3 5.39534E-3 4.84515E-3 4.85116E-3 7.01738E-3 8.15743E-3 9.95632E-3 1.36651E-2 1.72228E-2 1.88473E-2 1.50522E-2 2.13875E-2 1.74964E-2 1.8965E-2 2.48195E-2 2.32197E-2 2.19332E-2 2.57014E-2 2.06381E-2 2.91108E-2 2.74913E-2 6.1225E-3 5.90398E-3 7.34733E-3 7.30715E-3 7.99825E-3 5.66507E-3 5.38301E-3 1.50069E-2 1.51351E-2
3.84266E-3 3.85642E-3 3.63119E-3 3.65724E-3 3.98245E-3 4.1718E-3 2.86717E-3 2.87803E-3 3.01124E-3 3.03285E-3 3.36101E-3 3.23594E-3 3.57815E-3 4.5715E-3 4.36897E-3 4.41476E-3 4.99575E-3 5.64296E-3 6.48913E-3 7.16312E-3 7.51134E-3 6.87434E-3 5.58234E-3 6.08272E-3 5.69907E-3 5.61472E-3 5.27188E-3 6.36811E-3 5.56501E-3 5.36411E-3 6.53307E-3 5.56964E-3 7.55652E-3 7.49826E-3 6.83792E-3 6.87554E-3 5.95266E-3 6.92383E-3 1.01087E-2 1.2609E-2 1.59609E-2 2.13816E-2 2.01391E-2 2.58401E-2 2.11359E-2 2.30649E-2 2.33505E-2 2.30817E-2 2.46794E-2 2.85109E-2 2.48622E-2 1.40954E-2 1.58785E-2 1.28626E-2 1.49605E-2 1.72163E-2 1.94446E-2 2.15912E-2 1.63349E-2 1.14447E-2 1.5004E-2 1.53285E-2
3.55849E-3 3.16239E-3 3.33593E-3 3.39608E-3 3.70117E-3 3.76117E-3 3.56397E-3 3.28382E-3 2.9738E-3 3.07798E-3 3.1279E-3 3.37308E-3 3.7084E-3 4.24379E-3 4.06306E-3 4.60895E-3 4.85222E-3 5.92664E-3 6.71438E-3 7.59789E-3 7.77174E-3 5.70568E-3 5.823E-3 5.67641E-3 5.42306E-3 4.92521E-3 5.39715E-3 5.38728E-3 5.3143E-3 5.83492E-3 5.64692E-3 5.59523E-3 6.08479E-3 7.42939E-3 6.93969E-3 7.51176E-3 9.02665E-3 7.92716E-3 1.15117E-2 1.37515E-2 1.53789E-2 1.96951E-2 2.45121E-2 2.82869E-2 2.92878E-2 3.21274E-2 2.88313E-2 2.83612E-2 3.32652E-2 3.73866E-2 3.21747E-2 1.3101E-2 2.06266E-2 1.47423E-2 1.65613E-2 1.67044E-2 1.88447E-2 2.19832E-2 2.02629E-2 1.40318E-2 1.41685E-2 1.53678E-2
3.25932E-3 2.46858E-3 2.9341E-3 2.96999E-3 3.32285E-3 3.59367E-3 3.97774E-3 3.67943E-3 3.03428E-3 3.09933E-3 3.29523E-3 3.32496E-3 3.87864E-3 4.01394E-3 4.27347E-3 4.75523E-3 5.49598E-3 6.15602E-3 6.42854E-3 7.66E-3 5.86557E-3 5.84424E-3 5.95506E-3 6.00076E-3 5.64985E-3 5.18382E-3 5.1272E-3 4.61091E-3 5.00736E-3 5.47079E-3 5.16626E-3 5.65225E-3 6.70288E-3 7.08973E-3 8.3446E-3 9.20471E-3 1.12847E-2 1.10686E-2 1.24665E-2 1.56717E-2 1.84734E-2 2.11176E-2 2.4474E-2 2.78598E-2 3.35847E-2 3.31651E-2 3.5883E-2 3.84203E-2 3.96628E-2 4.45046E-2 1.87847E-2 1.58021E-2 1.95221E-2 2.10262E-2 1.88953E-2 1.7841E-2 1.72187E-2 1.93297E-2 2.1115E-2 2.13519E-2 1.38719E-2 1.38797E-2
3.04118E-3 2.26626E-3 2.79476E-3 2.33072E-3 3.39234E-3 3.44144E-3 4.34556E-3 4.16404E-3 2.89899E-3 3.23076E-3 3.32538E-3 3.80239E-3 3.67856E-3 4.09831E-3 4.26946E-3 4.83886E-3 5.54719E-3 5.67943E-3 7.13005E-3 5.69713E-3 5.97884E-3 6.80134E-3 6.22439E-3 6.39917E-3 5.55415E-3 4.83686E-3 4.72254E-3 4.76776E-3 4.51295E-3 4.9218E-3 5.0702E-3 5.98114E-3 6.68326E-3 7.83513E-3 8.2071E-3 9.72278E-3 1.15984E-2 1.38322E-2 1.64516E-2 1.94466E-2 1.99947E-2 2.34158E-2 2.87502E-2 3.21012E-2 3.41778E-2 3.79935E-2 2.02104E-2 2.18991E-2 2.3699E-2 2.24291E-2 2.3291E-2 2.3958E-2 1.93303E-2 2.40056E-2 2.49315E-2 2.19288E-2 2.0757E-2 2.03078E-2 1.93264E-2 2.08232E-2 1.84162E-2 1.6798E-2
2.64882E-3 2.74524E-3 2.33072E-3 2.13411E-3 2.70708E-3 3.01757E-3 3.95986E-3 4.14911E-3 3.24822E-3 3.07693E-3 3.1851E-3 3.57906E-3 3.91046E-3 3.77058E-3 4.42446E-3 4.91964E-3 5.29225E-3 4.21991E-3 5.21004E-3 5.4774E-3 6.51889E-3 6.83557E-3 6.12068E-3 5.91261E-3 5.56153E-3 5.53092E-3 5.22176E-3 5.24294E-3 4.85408E-3 5.36953E-3 5.511E-3 6.19972E-3 6.71046E-3 7.90979E-3 8.608E-3 1.04729E-2 1.2242E-2 1.48908E-2 1.73499E-2 2.09817E-2 2.15353E-2 2.62873E-2 2.81093E-2 3.8367E-2 1.97526E-2 2.02123E-2 2.14081E-2 2.42734E-2 2.68857E-2 2.43401E-2 2.66898E-2 2.76293E-2 2.73417E-2 2.22452E-2 2.30632E-2 2.4983E-2 2.27853E-2 2.24779E-2 2.10841E-2 2.05768E-2 2.08189E-2 1.67288E-2
1.87661E-3 2.29827E-3 2.36615E-3 2.42123E-3 3.04519E-3 3.10039E-3 3.78752E-3 4.24144E-3 3.36761E-3 3.44593E-3 3.97932E-3 3.70313E-3 3.77058E-3 3.95131E-3 4.58197E-3 4.6658E-3 4.1432E-3 4.24253E-3 4.85721E-3 6.05739E-3 6.15797E-3 5.70958E-3 5.87964E-3 5.84528E-3 6.5643E-3 6.74352E-3 5.82594E-3 5.96471E-3 5.13512E-3 6.22995E-3 6.60245E-3 8.09677E-3 9.73241E-3 9.52687E-3 1.03235E-2 1.13939E-2 1.33219E-2 1.70752E-2 1.89648E-2 2.24284E-2 2.61416E-2 1.42694E-2 1.67583E-2 1.69815E-2 2.30484E-2 2.16569E-2 2.34254E-2 2.63172E-2 2.64726E-2 2.77782E-2 3.05189E-2 2.80566E-2 2.94175E-2 2.80154E-2 2.66183E-2 2.5537E-2 2.38954E-2 2.26655E-2 2.16969E-2 1.97064E-2 1.94735E-2 1.81707E-2
1.7265E-3 1.98647E-3 2.4673E-3 2.71819E-3 2.61333E-3 3.60016E-3 3.99174E-3 3.67771E-3 4.17945E-3 4.24788E-3 3.61073E-3 4.15991E-3 3.83829E-3 3.16504E-3 3.04124E-3 3.39425E-3 4.23244E-3 4.11827E-3 5.08979E-3 5.82451E-3 5.33138E-3 5.96473E-3 5.18236E-3 6.30083E-3 7.09224E-3 7.05286E-3 6.78702E-3 7.01091E-3 6.35696E-3 6.46023E-3 6.38556E-3 -9999 1.07485E-2 1.22246E-2 1.31635E-2 1.42588E-2 1.56155E-2 1.81295E-2 1.07064E-2 1.26438E-2 1.49034E-2 1.63375E-2 1.81538E-2 1.86985E-2 2.2641E-2 2.41184E-2 2.46145E-2 2.61191E-2 2.77444E-2 2.85382E-2 3.10255E-2 3.06588E-2 3.37668E-2 3.24831E-2 3.04002E-2 2.79997E-2 2.63973E-2 2.4598E-2 2.52155E-2 -9999 -9999 -9999
1.98939E-3 2.22083E-3 2.58271E-3 2.58736E-3 3.20587E-3 3.98788E-3 3.79006E-3 3.54614E-3 3.47015E-3 4.04093E-3 4.07774E-3 4.64468E-3 3.97647E-3 3.00021E-3 3.4649E-3 3.55987E-3 4.12549E-3 4.74491E-3 4.6621E-3 5.31157E-3 5.4513E-3 6.31249E-3 5.85839E-3 7.05286E-3 7.85238E-3 8.16167E-3 7.50453E-3 7.70639E-3 7.40714E-3 7.31063E-3 -9999 -9999 -9999 -9999 8.19191E-3 8.91022E-3 1.02548E-2 1.0861E-2 1.27006E-2 1.45196E-2 1.62679E-2 1.87223E-2 1.94446E-2 2.08131E-2 2.65584E-2 2.61624E-2 2.75659E-2 2.83573E-2 2.98304E-2 3.07484E-2 3.11184E-2 2.88365E-2 3.02467E-2 3.23402E-2 3.06565E-2 2.86793E-2 -9999 -9999 -9999 -9999 -9999 -9999
2.23143E-3 2.0803E-3 2.84712E-3 2.77056E-3 3.03882E-3 4.16001E-3 4.31907E-3 4.35841E-3 4.17112E-3 4.47927E-3 4.13953E-3 3.16704E-3 3.32867E-3 3.06941E-3 3.56745E-3 3.62676E-3 3.8395E-3 4.27586E-3 4.87708E-3 5.43128E-3 5.83677E-3 5.88826E-3 7.20377E-3 8.1214E-3 8.23809E-3 8.44068E-3 8.89003E-3 8.39921E-3 8.34562E-3 -9999 -9999 -9999 -9999 -9999 -9999 -9999 1.25771E-2 1.3206E-2 1.53225E-2 1.69133E-2 1.86878E-2 2.00202E-2 2.32971E-2 2.27399E-2 2.81687E-2 2.83231E-2 2.98619E-2 2.95825E-2 3.26335E-2 3.36004E-2 3.38537E-2 3.15528E-2 -9999 -9999 -9999 -9999 -9999 -9999 2.66942E-2 -9999 -9999 -9999
1.9781E-3 2.42903E-3 3.12812E-3 2.85821E-3 3.14511E-3 3.92881E-3 4.02843E-3 4.46306E-3 4.68894E-3 4.34282E-3 3.61203E-3 3.01395E-3 3.08774E-3 3.15537E-3 3.62753E-3 3.38026E-3 3.77837E-3 3.93982E-3 5.05263E-3 5.29303E-3 6.48077E-3 6.6252E-3 7.53513E-3 8.44068E-3 8.69596E-3 9.95454E-3 9.27885E-3 9.49728E-3 -9999 -9999 -9999 -9999 -9999 -9999 -9999 -9999 -9999 1.56034E-2 1.75586E-2 1.87545E-2 2.02442E-2 2.2686E-2 2.55465E-2 2.66081E-2 2.84141E-2 3.23862E-2 3.34683E-2 3.41607E-2 3.49034E-2 3.44849E-2 -9999 -9999 -9999 -9999 -9999 -9999 3.10287E-2 2.9886E-2 2.80434E-2 -9999 2.37013E-2 2.23436E-2
2.6186E-3 2.94187E-3 3.60671E-3 3.69277E-3 3.67145E-3 3.58608E-3 4.20335E-3 3.81614E-3 3.26257E-3 3.84407E-3 3.6775E-3 3.39028E-3 3.27572E-3 3.15165E-3 3.06982E-3 3.19645E-3 3.98124E-3 4.24258E-3 5.12749E-3 5.88562E-3 6.78152E-3 7.10641E-3 8.66361E-3 9.76999E-3 9.80663E-3 9.60825E-3 1.04315E-2 -9999 -9999 -9999 -9999 -9999 -9999 -9999 -9999 -9999 -9999 -9999 -9999 -9999 -9999 2.31013E-2 2.42903E-2 2.78092E-2 3.00005E-2 3.27206E-2 3.29703E-2 3.48065E-2 3.56655E-2 3.61785E-2 -9999 -9999 -9999 -9999 -9999 -9999 -9999 1.24654E-1 -9999 -9999 1.07245E-1 1.01394E-1
