day_2/Results/Podomys_floridanus/projections/PaleoClim/-4000/RUN_0.asc
ncols         385
nrows         252
xllcorner     -91.50013924285
yllcorner     25.49986064915003
cellsize      0.041666666500000005
NODATA_value  -9999
[rows 56 to 83 of 252, columns 186 to 247 of 385]
1.58707E-3 1.99428E-3 1.22207E-3 2.30463E-3 2.87201E-3 6.17639E-3 7.67375E-3 8.6981E-3 1.03934E-2 1.13605E-2 1.03934E-2 1.35711E-2 1.35972E-2 5.60432E-3 4.6046E-3 4.67643E-3 3.91284E-3 4.28067E-3 9.5265E-3 1.2417E-2 1.04134E-2 1.07757E-2 9.86376E-3 1.53116E-2 8.71484E-3 7.29234E-3 7.95673E-3 1.07549E-2 1.07549E-2 9.86376E-3 1.3287E-2 1.3287E-2 9.86376E-3 7.97205E-3 9.50821E-3 1.07757E-2 1.28339E-2 1.58335E-2 9.86376E-3 1.6723E-2 2.05474E-2 1.82633E-2 1.48317E-2 6.13067E-3 4.77345E-3 5.22793E-3 8.02406E-3 6.48087E-3 7.10511E-3 5.22793E-3 2.42047E-3 3.18069E-3 8.43675E-3 8.49489E-3 7.51993E-3 6.63496E-3 6.64751E-3 2.80937E-3 2.52286E-3 3.36785E-3 3.34025E-3 3.65853E-3
1.49922E-3 2.21562E-3 2.01776E-3 1.92085E-3 2.39659E-3 1.99979E-3 2.18922E-3 2.28165E-3 6.10131E-3 1.17488E-2 8.6981E-3 1.53116E-2 1.48317E-2 1.35972E-2 5.60432E-3 5.60284E-3 2.98809E-3 3.26914E-3 8.71484E-3 8.71484E-3 9.86376E-3 7.29234E-3 8.2639E-3 8.2639E-3 1.023E-2 1.11477E-2 1.02102E-2 6.92263E-3 8.2639E-3 1.11477E-2 9.86376E-3 7.57827E-3 7.97205E-3 7.97205E-3 1.07757E-2 1.45049E-2 1.72494E-2 2.11633E-2 1.72494E-2 1.58335E-2 1.28339E-2 2.05474E-2 5.12305E-3 3.85025E-3 7.33575E-3 6.70629E-3 1.87745E-2 6.47934E-3 5.22793E-3 8.49444E-3 8.49444E-3 6.27039E-3 3.59595E-3 8.43675E-3 6.85385E-3 8.9831E-3 3.78468E-3 8.168E-3 7.51993E-3 3.36785E-3 3.48379E-3 3.80845E-3
2.08089E-3 2.30463E-3 8.09765E-3 3.42219E-3 2.62356E-3 8.39363E-3 4.05515E-3 5.86278E-3 8.6981E-3 8.2639E-3 1.17488E-2 1.58335E-2 1.40456E-2 1.26894E-2 1.35972E-2 7.60208E-3 3.27537E-3 2.98809E-3 3.39845E-3 3.39845E-3 3.10213E-3 6.10131E-3 7.29234E-3 2.83704E-3 9.02863E-3 6.93596E-3 6.93596E-3 9.02863E-3 9.86376E-3 7.56371E-3 9.02863E-3 3.10213E-3 1.17715E-2 1.58335E-2 1.58335E-2 1.3287E-2 1.45049E-2 1.78221E-2 1.58335E-2 1.72828E-2 2.1002E-2 2.05872E-2 1.77456E-2 4.2066E-3 1.9353E-2 6.33533E-3 1.69326E-2 1.71721E-2 6.46863E-3 2.42047E-3 3.29125E-3 3.93629E-3 8.69547E-3 7.66787E-3 1.79796E-2 8.43675E-3 8.49444E-3 3.44847E-3 8.43675E-3 8.43675E-3 3.80845E-3 3.47716E-3
2.60431E-3 2.18922E-3 2.39659E-3 7.67375E-3 7.01538E-3 9.50821E-3 1.03934E-2 7.43839E-3 7.95673E-3 8.2639E-3 1.11477E-2 1.45049E-2 1.45329E-2 1.54324E-2 1.67553E-2 5.92223E-3 5.30925E-3 4.06293E-3 3.71589E-3 9.88273E-3 1.17941E-2 4.2203E-3 2.12729E-3 3.39194E-3 8.27981E-3 2.59956E-3 8.27981E-3 9.02863E-3 7.57827E-3 9.02863E-3 9.86376E-3 3.39194E-3 8.71484E-3 1.45329E-2 1.45049E-2 1.17715E-2 1.45049E-2 1.72828E-2 9.5265E-3 1.53116E-2 1.88635E-2 2.01312E-2 1.9944E-2 5.30019E-3 2.03626E-2 2.05872E-2 1.35972E-2 4.51407E-3 5.04977E-3 5.72555E-3 2.65121E-3 3.00087E-3 3.28498E-3 3.28498E-3 3.9095E-3 4.25185E-3 2.14475E-2 8.42064E-3 7.42962E-3 3.44187E-3 7.42962E-3 7.42962E-3
2.85256E-3 2.87201E-3 2.44471E-3 5.35937E-3 9.50821E-3 9.02863E-3 1.40185E-2 1.22534E-2 7.56371E-3 1.11477E-2 1.26045E-2 1.6369E-2 1.3287E-2 1.58335E-2 1.40456E-2 1.17941E-2 1.28834E-2 5.04507E-3 2.59956E-3 3.10213E-3 8.27981E-3 1.45329E-2 4.61433E-3 2.2178E-3 2.37736E-3 2.84248E-3 3.52521E-3 6.93596E-3 3.10213E-3 3.39194E-3 3.10213E-3 3.39845E-3 4.05515E-3 1.58335E-2 9.86376E-3 1.28587E-2 1.58335E-2 9.5265E-3 4.84773E-3 1.28587E-2 1.6723E-2 1.58335E-2 2.06943E-2 2.11633E-2 1.94406E-2 1.04134E-2 5.59361E-3 6.11895E-3 7.33575E-3 5.91978E-3 4.0596E-3 4.02967E-3 8.02406E-3 3.28498E-3 3.90201E-3 3.88649E-3 3.55247E-3 4.24366E-3 2.20872E-2 2.02163E-2 1.6413E-2 1.86371E-2
6.4256E-3 7.01538E-3 9.5265E-3 6.08958E-3 1.07549E-2 1.07549E-2 1.11477E-2 1.09912E-2 7.71517E-3 6.92263E-3 8.56414E-3 1.37258E-2 1.15518E-2 1.63373E-2 1.45329E-2 1.21942E-2 1.58641E-2 1.59986E-2 5.04507E-3 6.93596E-3 9.36929E-3 1.11692E-2 1.07964E-2 4.2203E-3 7.57827E-3 2.95191E-3 2.95191E-3 9.02863E-3 6.93596E-3 9.046E-3 8.27981E-3 9.046E-3 9.88273E-3 9.88273E-3 4.05515E-3 1.40456E-2 1.53412E-2 4.06293E-3 1.53412E-2 1.67553E-2 1.72828E-2 4.48698E-3 2.32143E-2 2.13092E-2 2.1002E-2 1.41212E-2 1.67553E-2 1.62394E-2 1.62394E-2 6.25353E-3 4.16044E-3 1.92006E-2 7.32174E-3 6.60917E-3 3.59595E-3 4.02967E-3 3.55247E-3 3.88649E-3 4.00033E-3 4.00033E-3 2.20448E-2 2.01775E-2
5.99174E-3 6.10131E-3 1.07549E-2 9.02863E-3 6.92263E-3 1.11477E-2 1.37258E-2 1.58335E-2 1.80638E-2 7.1964E-3 7.84307E-3 1.0566E-2 1.4203E-2 1.37258E-2 1.50042E-2 1.26045E-2 1.6369E-2 1.6369E-2 1.45329E-2 1.02877E-2 7.1964E-3 7.85826E-3 1.26045E-2 9.36929E-3 8.61939E-3 9.36929E-3 6.47512E-3 6.93596E-3 1.023E-2 1.11692E-2 1.21942E-2 9.86376E-3 1.07757E-2 1.07964E-2 4.05515E-3 4.84773E-3 4.84773E-3 1.53706E-2 1.67553E-2 1.40456E-2 3.73483E-3 4.67882E-3 2.13092E-2 1.95588E-2 1.89832E-2 1.9045E-2 1.88635E-2 1.53412E-2 6.33533E-3 2.59002E-3 4.15243E-3 1.74305E-2 1.77117E-2 1.92373E-2 8.00874E-3 8.69547E-3 4.0596E-3 3.66569E-3 4.15243E-3 4.00033E-3 3.65863E-3 4.11642E-3
8.69819E-3 9.86376E-3 1.21707E-2 1.45049E-2 1.22534E-2 7.85826E-3 1.25801E-2 1.63373E-2 1.24139E-2 1.51613E-2 7.85826E-3 9.70153E-3 6.15567E-3 6.83969E-3 1.54867E-2 1.4203E-2 1.68853E-2 1.68853E-2 1.37525E-2 1.27222E-2 7.1964E-3 8.89017E-3 1.15518E-2 1.05865E-2 8.75246E-3 7.85826E-3 9.36929E-3 8.61939E-3 7.57827E-3 1.023E-2 1.37525E-2 1.3287E-2 1.11692E-2 1.45329E-2 9.88273E-3 1.07964E-2 1.07964E-2 1.40725E-2 2.05872E-2 2.1002E-2 1.94406E-2 4.58948E-3 4.67882E-3 2.13092E-2 1.95588E-2 2.16137E-2 1.78221E-2 1.9045E-2 1.2665E-2 3.98412E-3 3.88505E-3 1.9944E-2 1.99824E-2 1.77117E-2 1.93901E-2 1.85024E-2 1.92006E-2 1.92006E-2 4.15243E-3 4.15243E-3 4.15243E-3 4.15243E-3
1.46199E-2 7.56371E-3 7.56371E-3 9.3512E-3 1.63373E-2 1.25801E-2 9.70153E-3 1.68853E-2 1.37258E-2 1.68853E-2 1.438E-2 1.4203E-2 1.30251E-2 1.34561E-2 1.59803E-2 1.34561E-2 1.30251E-2 1.19442E-2 9.08563E-3 8.16217E-3 6.27906E-3 9.22624E-3 7.46461E-3 1.19442E-2 8.89017E-3 6.5901E-3 1.05865E-2 8.58072E-3 4.01064E-3 6.93596E-3 9.36929E-3 1.11692E-2 1.6369E-2 1.6369E-2 1.33126E-2 1.45329E-2 1.17715E-2 5.02658E-3 1.40456E-2 1.45329E-2 3.13106E-3 3.85972E-3 4.20475E-3 4.72701E-3 1.95588E-2 2.22373E-2 2.16137E-2 2.12045E-2 1.90084E-2 2.03626E-2 2.05872E-2 1.82985E-2 1.82985E-2 1.99824E-2 4.32285E-3 1.90353E-2 1.98138E-2 1.90353E-2 1.74641E-2 1.98138E-2 3.77428E-3 4.11642E-3
1.74394E-2 1.22534E-2 8.2639E-3 9.3512E-3 1.0566E-2 1.30251E-2 1.30251E-2 1.30251E-2 1.68853E-2 1.09526E-2 1.4693E-2 1.46644E-2 1.64852E-2 1.46644E-2 1.13504E-2 7.11065E-3 1.4693E-2 9.70153E-3 9.7203E-3 8.89017E-3 8.45927E-3 8.45927E-3 9.20831E-3 1.09526E-2 1.09739E-2 1.01648E-2 6.85294E-3 1.05865E-2 1.0607E-2 8.58072E-3 8.58072E-3 1.023E-2 1.11692E-2 1.21942E-2 1.50042E-2 1.94783E-2 1.21942E-2 1.33126E-2 1.58335E-2 1.58335E-2 1.94783E-2 1.6369E-2 3.23949E-3 3.8522E-3 4.81501E-3 1.95588E-2 2.22373E-2 2.18344E-2 1.63373E-2 1.58029E-2 1.45049E-2 1.28587E-2 4.45476E-3 1.7973E-2 1.88635E-2 1.7973E-2 1.9944E-2 1.7973E-2 1.7973E-2 2.0402E-2 4.41437E-3 4.24301E-3
1.97151E-2 1.45049E-2 1.21707E-2 1.26045E-2 1.15518E-2 7.62885E-3 1.00428E-2 1.34561E-2 1.95499E-2 1.23467E-2 1.51366E-2 1.79529E-2 1.39248E-2 1.51663E-2 1.77288E-2 8.53571E-3 8.45927E-3 1.00624E-2 1.30504E-2 1.19675E-2 6.64959E-3 9.20831E-3 9.20831E-3 8.44283E-3 1.19442E-2 9.31486E-3 9.22624E-3 1.09739E-2 1.4203E-2 9.55674E-3 8.58072E-3 9.36929E-3 1.023E-2 1.37525E-2 1.50042E-2 1.50042E-2 2.0069E-2 1.78221E-2 1.50042E-2 2.12045E-2 2.18769E-2 2.18769E-2 2.18769E-2 1.84091E-2 3.64836E-3 4.33325E-3 2.22373E-2 2.2477E-2 1.68525E-2 1.37258E-2 1.45049E-2 1.35784E-2 3.73483E-3 1.84918E-2 2.1002E-2 2.05872E-2 1.84918E-2 1.84918E-2 2.1002E-2 2.10426E-2 4.55415E-3 4.59844E-3
2.64151E-2 1.94406E-2 1.65496E-2 1.05865E-2 1.68853E-2 1.09739E-2 1.34561E-2 1.38975E-2 1.79529E-2 1.79529E-2 1.51366E-2 1.85407E-2 1.51663E-2 1.95882E-2 2.1752E-2 1.62609E-2 6.5316E-3 1.34824E-2 1.34824E-2 1.4693E-2 1.36771E-2 6.51897E-3 9.55393E-3 1.23708E-2 1.74133E-2 1.36771E-2 9.22624E-3 1.23708E-2 1.19442E-2 9.70153E-3 1.15518E-2 1.15518E-2 1.26045E-2 1.37525E-2 1.6369E-2 1.68853E-2 1.84091E-2 2.18769E-2 2.18769E-2 1.84091E-2 1.84091E-2 1.49752E-2 1.49752E-2 3.98001E-3 1.68853E-2 3.97221E-3 3.97221E-3 1.95588E-2 2.2477E-2 1.83733E-2 1.63373E-2 1.63373E-2 1.45049E-2 3.85972E-3 2.1002E-2 1.78221E-2 1.78567E-2 2.12045E-2 1.84918E-2 1.90574E-2 1.90574E-2 4.73629E-3
2.16558E-2 2.23118E-2 2.22111E-2 1.4203E-2 1.4203E-2 1.74133E-2 1.34561E-2 1.17367E-2 1.27592E-2 1.07744E-2 1.17367E-2 9.89061E-3 1.7035E-2 2.38939E-2 2.1752E-2 1.4693E-2 1.15015E-2 7.11065E-3 1.39248E-2 1.65176E-2 1.34824E-2 1.15015E-2 7.75582E-3 9.55393E-3 1.27843E-2 1.65176E-2 1.06219E-2 9.20831E-3 1.23708E-2 1.00624E-2 1.30251E-2 1.19675E-2 1.4203E-2 1.19675E-2 1.30504E-2 1.15518E-2 1.26045E-2 2.96776E-3 3.98001E-3 1.84091E-2 2.0069E-2 2.2521E-2 1.84091E-2 1.49752E-2 1.37258E-2 3.64836E-3 3.34429E-3 4.10296E-3 2.22373E-2 2.22373E-2 2.2477E-2 1.68525E-2 1.86697E-2 3.02733E-3 4.72701E-3 2.0069E-2 1.63373E-2 1.63373E-2 3.98001E-3 4.34175E-3 4.82451E-3 4.82451E-3
1.95971E-2 2.20863E-2 2.96717E-2 1.71148E-2 1.30251E-2 1.60115E-2 1.04137E-2 1.23467E-2 1.13282E-2 1.39248E-2 1.17367E-2 1.56507E-2 2.078E-2 2.19584E-2 1.89721E-2 1.95882E-2 1.83246E-2 8.76483E-3 1.56507E-2 1.70685E-2 1.51663E-2 1.3952E-2 9.55393E-3 9.55393E-3 9.55393E-3 1.04137E-2 1.65176E-2 8.76483E-3 1.34561E-2 1.23708E-2 1.46644E-2 1.34824E-2 1.19442E-2 1.54867E-2 1.19675E-2 1.15518E-2 1.37525E-2 3.35082E-3 1.68853E-2 1.54867E-2 1.68853E-2 1.68853E-2 2.003E-2 2.2521E-2 1.83733E-2 1.54867E-2 3.64836E-3 4.4733E-3 1.74133E-2 1.74133E-2 2.29176E-2 2.2477E-2 2.06721E-2 1.68525E-2 1.54867E-2 2.06721E-2 2.06721E-2 1.84091E-2 3.64836E-3 4.4733E-3 4.97347E-3 4.35868E-3
2.13509E-2 2.32597E-2 1.90574E-2 2.03643E-2 1.22066E-2 1.34824E-2 1.00624E-2 9.55393E-3 1.39248E-2 1.85407E-2 1.4378E-2 1.21328E-2 1.91051E-2 2.26446E-2 2.32096E-2 2.01781E-2 1.74086E-2 9.26066E-3 1.32081E-2 1.85407E-2 1.56507E-2 1.65176E-2 1.17596E-2 8.76483E-3 8.76483E-3 9.55393E-3 1.17367E-2 1.51663E-2 1.07744E-2 1.39248E-2 1.65176E-2 1.65176E-2 1.23708E-2 1.59803E-2 1.4693E-2 1.30504E-2 1.68853E-2 1.68853E-2 1.54867E-2 1.84091E-2 1.68853E-2 1.68853E-2 1.68853E-2 1.90105E-2 2.06721E-2 2.2521E-2 1.89735E-2 1.46644E-2 1.46644E-2 3.45157E-3 4.22858E-3 2.31777E-2 2.31777E-2 2.31777E-2 1.79529E-2 1.59803E-2 1.95882E-2 1.59803E-2 4.10296E-3 4.6167E-3 5.17715E-3 5.17715E-3
2.60014E-2 2.13509E-2 2.30131E-2 2.13924E-2 2.23241E-2 1.58262E-2 1.47215E-2 1.34824E-2 1.17367E-2 9.89061E-3 1.21567E-2 1.61461E-2 1.25637E-2 2.13942E-2 2.5274E-2 2.5274E-2 2.45776E-2 1.65131E-2 1.7564E-2 2.33003E-2 1.91428E-2 1.44062E-2 1.28093E-2 9.55393E-3 1.07955E-2 1.17596E-2 1.17367E-2 1.44062E-2 1.56814E-2 1.56507E-2 1.27843E-2 1.65176E-2 1.13504E-2 1.79881E-2 1.4693E-2 1.34824E-2 3.45835E-3 4.4733E-3 1.74133E-2 1.89735E-2 1.74133E-2 1.74473E-2 1.60115E-2 1.74473E-2 1.54867E-2 4.10296E-3 4.10296E-3 2.31777E-2 2.12875E-2 1.59803E-2 1.34561E-2 3.56837E-3 3.88067E-3 2.38471E-2 1.64852E-2 1.89352E-2 1.99656E-2 3.56837E-3 4.76348E-3 4.75409E-3 5.33731E-3 4.90399E-3
2.60014E-2 2.90335E-2 2.07123E-2 2.39304E-2 2.27678E-2 1.60426E-2 1.96264E-2 1.95882E-2 1.95882E-2 1.39248E-2 1.21567E-2 1.48712E-2 1.48418E-2 1.41148E-2 2.39209E-2 2.39684E-2 2.5274E-2 1.66858E-2 1.66527E-2 1.7564E-2 1.3234E-2 1.44062E-2 1.17596E-2 1.07955E-2 1.07955E-2 1.27843E-2 1.44062E-2 1.44062E-2 1.21567E-2 1.27843E-2 1.44062E-2 1.7035E-2 1.85407E-2 1.65176E-2 1.51663E-2 1.51959E-2 1.4693E-2 3.88834E-3 2.3223E-2 2.13292E-2 1.95882E-2 1.95882E-2 1.74133E-2 1.34824E-2 3.77061E-3 3.77061E-3 3.45157E-3 4.23693E-3 4.22858E-3 2.38939E-2 1.64852E-2 3.68092E-3 4.00867E-3 5.32674E-3 2.45776E-2 1.85407E-2 2.32096E-2 4.01659E-3 4.90399E-3 4.90399E-3 5.04731E-3 5.49013E-3
2.38837E-2 2.8304E-2 2.29625E-2 2.90779E-2 2.39304E-2 2.58619E-2 1.74473E-2 1.51959E-2 1.7035E-2 2.42747E-2 2.0821E-2 1.6178E-2 1.25389E-2 1.72049E-2 1.72049E-2 2.20205E-2 2.56341E-2 2.46901E-2 2.03099E-2 1.97204E-2 1.91428E-2 1.42305E-2 1.10113E-2 1.07955E-2 1.17367E-2 1.17367E-2 1.07744E-2 1.21567E-2 1.3234E-2 1.44062E-2 1.17367E-2 1.17367E-2 1.44062E-2 1.85407E-2 1.7035E-2 1.51663E-2 1.39248E-2 3.56837E-3 3.88834E-3 2.01781E-2 2.19584E-2 2.01781E-2 1.65176E-2 1.34824E-2 3.57538E-3 4.23693E-3 5.02051E-3 4.23693E-3 3.56837E-3 4.36553E-3 4.89428E-3 4.13163E-3 4.49685E-3 5.47919E-3 2.32543E-2 2.33003E-2 2.39417E-2 4.13983E-3 5.49013E-3 5.65709E-3 5.20381E-3 4.78676E-3
2.3223E-2 2.66759E-2 2.90779E-2 2.98653E-2 3.53471E-2 3.1586E-2 1.96264E-2 1.85771E-2 1.85407E-2 1.91428E-2 2.33003E-2 2.33003E-2 2.33003E-2 1.17779E-2 1.19375E-2 1.23378E-2 2.46491E-2 2.6384E-2 2.60347E-2 3.16829E-2 2.0821E-2 1.89469E-2 1.28093E-2 1.17596E-2 1.07955E-2 1.44062E-2 1.21567E-2 1.44062E-2 1.56507E-2 1.4378E-2 1.75986E-2 1.56507E-2 1.56507E-2 1.75986E-2 1.56507E-2 1.56814E-2 1.70685E-2 2.01781E-2 1.56814E-2 1.7035E-2 4.00867E-3 2.46259E-2 1.85407E-2 1.85407E-2 2.02176E-2 1.51663E-2 4.37415E-3 4.75409E-3 5.32674E-3 4.89428E-3 5.49013E-3 5.03726E-3 4.63088E-3 4.77722E-3 4.77722E-3 2.20643E-2 3.92148E-3 4.26573E-3 4.78676E-3 4.77722E-3 5.3531E-3 5.98985E-3
2.45661E-2 2.3223E-2 2.52613E-2 3.24044E-2 2.96537E-2 3.34236E-2 2.39407E-2 2.32295E-2 1.85771E-2 1.6178E-2 1.48712E-2 1.66858E-2 2.03501E-2 2.39684E-2 2.39684E-2 1.66858E-2 1.3435E-2 2.46491E-2 2.31335E-2 2.40158E-2 2.53737E-2 1.85771E-2 2.02176E-2 1.70685E-2 1.32599E-2 1.56814E-2 1.56814E-2 1.49004E-2 1.11665E-2 1.3234E-2 1.91428E-2 1.91428E-2 2.078E-2 1.91428E-2 1.91428E-2 1.75986E-2 1.75986E-2 1.91428E-2 1.91428E-2 2.0821E-2 1.91428E-2 1.91428E-2 2.26001E-2 2.26001E-2 1.56814E-2 3.3866E-3 4.50578E-3 3.68819E-3 4.90399E-3 5.04731E-3 4.26573E-3 5.64582E-3 4.77722E-3 4.77722E-3 4.91705E-3 4.91705E-3 4.17345E-3 5.52984E-3 4.17345E-3 4.5346E-3 4.6782E-3 5.68295E-3
2.67283E-2 3.24044E-2 2.31839E-2 4.34732E-2 3.61252E-2 2.74684E-2 2.4416E-2 2.43224E-2 2.59186E-2 2.53239E-2 2.53239E-2 2.57358E-2 2.33003E-2 2.14365E-2 1.5347E-2 1.46E-2 1.77707E-2 1.4571E-2 2.6384E-2 2.5685E-2 2.92159E-2 2.26446E-2 1.91428E-2 1.91803E-2 1.91803E-2 1.21567E-2 1.25884E-2 1.75986E-2 1.91428E-2 1.21567E-2 1.48712E-2 1.75986E-2 1.75986E-2 1.75986E-2 4.13163E-3 2.33003E-2 2.14365E-2 2.14365E-2 2.33003E-2 2.33003E-2 2.53239E-2 2.33003E-2 2.14365E-2 2.14365E-2 1.75986E-2 1.75986E-2 2.26446E-2 1.49004E-2 4.13983E-3 5.65709E-3 5.64582E-3 4.77722E-3 4.17345E-3 5.50521E-3 5.50521E-3 5.50521E-3 5.06984E-3 6.39404E-3 6.39404E-3 4.77202E-3 5.23654E-3 6.33565E-3
2.98068E-2 3.05458E-2 2.88743E-2 4.00517E-2 3.32533E-2 3.49482E-2 2.98902E-2 1.91428E-2 2.14787E-2 2.25323E-2 2.5685E-2 2.39684E-2 2.2108E-2 2.31795E-2 2.51644E-2 2.40158E-2 2.09401E-2 1.19375E-2 2.46491E-2 2.5685E-2 2.33003E-2 2.53239E-2 1.75986E-2 2.14787E-2 2.14787E-2 2.08617E-2 1.34983E-2 1.25884E-2 1.81761E-2 2.0821E-2 1.15699E-2 1.25884E-2 1.3696E-2 3.49454E-3 4.2742E-3 3.92148E-3 1.97204E-2 1.97204E-2 1.97204E-2 1.97204E-2 1.81403E-2 4.64013E-3 2.60347E-2 2.60347E-2 1.81403E-2 2.14365E-2 2.14365E-2 2.20148E-2 3.92926E-3 4.2742E-3 4.40306E-3 5.3531E-3 5.51626E-3 5.06984E-3 5.06984E-3 5.66014E-3 5.3857E-3 5.22605E-3 7.75473E-3 5.49367E-3 5.84145E-3 6.0149E-3
2.52613E-2 2.13593E-2 2.19409E-2 3.68943E-2 4.35588E-2 4.52207E-2 2.36909E-2 2.46259E-2 1.75986E-2 2.14787E-2 1.81761E-2 2.14365E-2 2.03501E-2 2.03501E-2 2.03501E-2 2.31795E-2 2.64364E-2 2.46981E-2 2.71487E-2 2.60347E-2 2.40158E-2 2.60861E-2 1.97592E-2 2.14787E-2 1.97592E-2 2.49978E-2 1.76331E-2 1.48712E-2 1.67187E-2 2.14365E-2 1.97592E-2 1.6178E-2 1.13897E-2 3.50144E-3 1.6178E-2 3.92926E-3 1.97204E-2 1.48712E-2 1.81761E-2 1.67187E-2 3.92926E-3 4.40306E-3 5.19344E-3 2.68112E-2 2.46981E-2 2.2108E-2 2.03501E-2 1.87676E-2 3.7327E-3 4.78676E-3 4.18178E-3 4.6782E-3 4.6782E-3 4.81545E-3 5.84145E-3 6.40038E-3 6.00278E-3 5.53763E-3 5.64864E-3 6.12309E-3 6.30328E-3 6.30328E-3
2.52118E-2 2.81109E-2 2.88743E-2 3.39813E-2 4.45086E-2 4.51329E-2 3.0606E-2 2.38949E-2 2.48052E-2 1.79844E-2 1.76331E-2 1.76331E-2 1.81761E-2 2.03902E-2 2.2108E-2 2.03501E-2 1.7239E-2 1.9297E-2 2.0953E-2 2.80052E-2 2.64364E-2 2.60861E-2 2.40158E-2 1.81761E-2 2.2108E-2 2.60861E-2 2.14787E-2 1.97592E-2 1.30066E-2 1.97204E-2 2.14365E-2 2.14787E-2 1.39694E-2 1.49004E-2 1.81761E-2 1.53773E-2 1.53773E-2 1.25884E-2 1.3696E-2 3.32052E-3 4.40306E-3 4.40306E-3 4.92692E-3 4.18178E-3 5.98985E-3 2.7549E-2 2.27495E-2 2.09945E-2 4.54365E-3 4.54365E-3 5.08002E-3 4.6782E-3 3.96721E-3 5.23654E-3 5.84145E-3 6.56787E-3 6.68095E-3 6.17944E-3 6.30328E-3 7.02374E-3 1.02134E-2 9.70653E-3
2.07874E-2 2.46259E-2 2.26446E-2 2.65858E-2 4.10303E-2 3.69671E-2 3.14183E-2 3.14183E-2 2.59695E-2 2.31397E-2 2.53737E-2 2.53737E-2 2.53737E-2 2.03902E-2 2.03902E-2 2.03501E-2 2.09945E-2 1.78059E-2 1.9297E-2 2.37917E-2 2.64364E-2 2.68112E-2 2.68642E-2 2.03902E-2 1.58965E-2 1.87307E-2 2.2108E-2 2.60861E-2 1.5684E-2 1.53773E-2 2.03501E-2 2.40158E-2 1.81761E-2 1.53773E-2 1.81761E-2 2.2108E-2 1.67187E-2 1.53773E-2 1.81761E-2 3.7327E-3 3.32052E-3 3.7327E-3 1.93353E-2 3.84868E-3 4.5346E-3 5.67156E-3 2.83559E-2 2.41655E-2 4.30809E-3 4.82512E-3 5.67156E-3 5.84145E-3 5.3857E-3 4.96542E-3 5.53763E-3 6.17944E-3 6.75171E-3 6.93892E-3 6.66109E-3 7.20795E-3 7.27231E-3 1.05743E-2
2.52613E-2 2.32295E-2 2.19409E-2 2.5685E-2 3.21169E-2 3.78184E-2 3.49223E-2 3.20397E-2 3.52949E-2 3.64388E-2 2.26889E-2 2.15208E-2 2.33461E-2 2.25769E-2 2.32253E-2 2.32253E-2 2.2108E-2 1.93353E-2 1.63966E-2 1.9297E-2 2.58138E-2 2.72026E-2 2.31795E-2 2.68642E-2 1.91413E-2 1.46288E-2 2.03501E-2 2.68112E-2 1.87307E-2 1.7239E-2 1.87307E-2 2.27945E-2 2.03501E-2 1.58965E-2 1.87307E-2 2.27945E-2 2.03501E-2 1.7273E-2 1.7273E-2 2.09945E-2 1.58651E-2 1.46288E-2 3.84868E-3 3.54206E-3 4.6782E-3 5.23654E-3 5.84145E-3 6.22294E-3 5.84145E-3 4.96542E-3 4.96542E-3 5.54881E-3 5.22138E-3 6.69451E-3 5.70389E-3 5.87364E-3 6.93892E-3 6.20252E-3 7.11499E-3 1.08394E-2 6.66658E-3 6.66658E-3
2.74684E-2 2.38949E-2 2.19409E-2 2.60861E-2 2.72628E-2 3.87557E-2 3.49223E-2 3.93972E-2 2.64846E-2 2.24649E-2 2.19841E-2 2.50469E-2 2.57358E-2 2.60861E-2 2.40158E-2 2.68642E-2 2.51644E-2 2.47469E-2 2.54433E-2 2.34033E-2 2.79283E-2 2.71487E-2 2.46981E-2 2.64364E-2 2.64886E-2 1.62134E-2 1.58651E-2 2.46981E-2 2.27945E-2 1.78059E-2 2.27495E-2 1.93353E-2 1.78059E-2 2.09945E-2 1.63966E-2 2.27495E-2 2.09945E-2 1.78059E-2 1.78059E-2 2.16109E-2 1.99541E-2 1.83867E-2 2.16109E-2 3.66054E-3 4.30809E-3 4.82512E-3 4.57785E-3 4.96542E-3 6.5812E-3 6.69451E-3 6.17944E-3 6.17944E-3 5.70389E-3 6.87185E-3 6.35968E-3 6.53025E-3 6.7173E-3 6.90794E-3 6.53564E-3 7.22551E-3 7.22551E-3 1.01834E-2
3.0606E-2 3.14183E-2 2.66383E-2 2.25323E-2 2.64364E-2 3.57386E-2 3.78931E-2 3.22439E-2 3.14183E-2 2.24211E-2 2.26213E-2 2.25769E-2 2.32253E-2 2.52141E-2 2.52141E-2 2.3839E-2 2.72026E-2 2.3839E-2 2.76037E-2 2.16109E-2 2.79283E-2 2.65257E-2 2.37917E-2 2.37917E-2 2.3839E-2 2.27945E-2 1.58965E-2 1.63966E-2 2.34499E-2 2.0953E-2 2.16109E-2 2.34499E-2 1.99147E-2 2.34499E-2 1.5399E-2 1.83867E-2 2.34499E-2 1.99147E-2 1.69414E-2 2.05467E-2 2.22836E-2 1.69078E-2 2.22836E-2 1.74651E-2 3.77449E-3 4.22896E-3 4.72194E-3 4.35582E-3 4.35582E-3 4.8595E-3 6.35968E-3 7.06641E-3 6.93892E-3 6.53025E-3 6.7173E-3 6.7173E-3 7.46648E-3 7.50547E-3 7.80969E-3 6.86555E-3 8.18826E-3 8.36872E-3
