day_2/Results/Podomys_floridanus/projections/PaleoClim/-4000/RUN_0.asc
ncols         385
nrows         252
xllcorner     -91.50013924285
yllcorner     25.49986064915003
cellsize      0.041666666500000005
NODATA_value  -9999
[rows 56 to 83 of 252, columns 124 to 185 of 385]
6.28707E-3 8.73024E-3 9.08944E-3 9.07229E-3 4.84653E-3 3.77665E-3 4.66604E-3 3.22173E-3 1.80326E-3 8.41451E-3 3.23963E-3 1.54597E-3 2.41935E-3 1.49616E-3 7.34407E-3 9.54292E-3 2.31506E-3 1.90677E-3 1.90677E-3 6.41213E-3 2.31929E-3 8.95033E-3 8.61065E-3 2.60097E-3 9.7016E-4 1.07247E-3 1.37176E-3 4.40774E-3 4.16914E-3 4.60018E-3 6.43547E-3 8.15212E-3 4.36036E-3 3.2512E-3 1.4736E-3 2.26654E-3 1.14036E-3 1.65702E-3 2.20776E-3 2.29667E-3 2.08839E-3 2.5257E-3 2.70786E-3 2.21184E-3 2.14838E-3 1.60968E-3 1.50863E-3 1.73315E-3 1.98459E-3 2.21979E-3 3.42317E-3 2.26504E-3 3.12283E-3 3.19246E-3 2.31461E-3 1.74619E-3 1.2574E-3 1.93822E-3 2.33078E-3 1.5841E-3 1.4697E-3 2.33078E-3
9.08944E-3 5.40266E-3 7.49721E-3 1.28446E-2 1.28446E-2 1.91016E-3 1.37439E-3 9.99814E-3 6.9039E-3 1.16598E-2 1.72572E-3 5.71885E-3 9.8702E-3 1.08565E-2 1.02045E-2 1.72887E-3 1.1684E-3 6.0697E-3 2.31929E-3 5.00659E-3 6.68894E-3 8.12259E-3 3.43711E-3 1.12382E-3 1.01719E-3 5.07566E-3 6.43547E-3 1.82861E-3 6.08077E-3 8.13739E-3 8.96663E-3 2.5625E-3 3.9469E-3 1.42644E-3 8.73992E-4 9.96305E-4 1.50585E-3 2.77754E-3 2.77754E-3 6.24132E-3 1.82336E-3 1.66009E-3 2.24063E-3 2.03626E-3 2.46548E-3 2.24063E-3 2.5304E-3 1.93525E-3 1.64277E-3 2.17724E-3 2.21979E-3 1.91839E-3 1.5896E-3 2.45411E-3 2.45411E-3 2.7642E-3 1.5128E-3 1.4697E-3 2.91107E-3 2.39367E-3 2.21562E-3 2.39818E-3
6.82792E-3 9.44311E-3 8.81255E-3 1.1049E-2 8.81255E-3 7.29069E-3 1.21386E-2 1.2869E-2 1.73591E-3 1.20954E-2 1.33026E-2 1.33276E-2 8.43013E-3 6.67669E-3 5.49753E-3 1.28866E-3 4.53447E-3 8.10773E-3 8.93396E-3 3.11102E-3 1.43282E-3 2.20004E-3 4.35252E-3 4.35252E-3 1.91023E-3 8.13739E-3 6.70114E-3 1.91023E-3 8.12259E-3 8.13739E-3 2.94996E-3 1.17263E-3 4.12178E-3 4.54274E-3 1.39565E-3 1.50585E-3 3.17113E-3 7.85692E-3 2.70786E-3 2.46548E-3 2.03626E-3 1.60968E-3 1.6817E-3 1.72995E-3 2.30095E-3 2.09228E-3 2.18129E-3 2.22509E-3 1.88062E-3 2.26929E-3 2.3602E-3 3.24148E-3 2.90803E-3 1.85781E-3 3.36374E-3 2.87835E-3 2.87835E-3 1.81515E-3 2.42365E-3 2.65622E-3 2.76499E-3 2.73929E-3
7.81279E-3 1.42867E-2 1.1049E-2 8.81255E-3 5.76462E-3 7.29069E-3 7.29069E-3 1.1049E-2 4.95838E-3 5.2565E-3 1.95115E-3 3.23963E-3 6.85495E-4 6.06701E-4 2.08913E-3 1.98915E-3 4.08185E-3 8.93396E-3 1.82861E-3 1.29996E-3 5.87621E-4 7.91941E-4 2.94275E-3 7.37112E-3 2.42377E-3 7.37112E-3 7.37112E-3 6.08077E-3 9.31793E-3 8.13739E-3 3.26384E-3 2.19895E-3 2.20734E-3 1.76903E-3 1.89898E-3 2.62521E-3 7.3069E-3 1.08571E-2 7.15946E-3 2.03626E-3 1.85051E-3 1.90603E-3 1.90603E-3 2.57394E-3 1.98459E-3 2.89071E-3 3.00773E-3 3.376E-3 2.06584E-3 2.3602E-3 3.24148E-3 2.95438E-3 2.23666E-3 1.93822E-3 2.91107E-3 2.91107E-3 3.59881E-3 2.99642E-3 7.11832E-3 2.7341E-3 2.8205E-3 4.10532E-3
1.30056E-2 8.52335E-3 4.27051E-3 1.64103E-3 3.3976E-3 8.90147E-4 2.5548E-3 1.21616E-2 4.95838E-3 5.87742E-3 3.57067E-3 3.2957E-3 2.86034E-4 2.20398E-3 1.71865E-3 4.53447E-3 4.99747E-3 3.23963E-3 1.50158E-3 1.23522E-3 8.32807E-4 3.73975E-3 4.54274E-3 1.02423E-2 7.37112E-3 6.68894E-3 6.70114E-3 4.54274E-3 7.68286E-3 1.64493E-3 3.55304E-3 3.90578E-3 6.24132E-3 3.10125E-3 2.88531E-3 7.59768E-3 8.17025E-3 8.99402E-3 7.8715E-3 2.57394E-3 2.34054E-3 3.10702E-3 2.12828E-3 2.393E-3 2.393E-3 2.26929E-3 4.13138E-3 3.70134E-3 1.88062E-3 2.3602E-3 2.14984E-3 2.04231E-3 2.03847E-3 4.90084E-3 2.65622E-3 2.51955E-3 6.50004E-3 6.76013E-3 7.3847E-3 4.48778E-3 7.39884E-3 4.27223E-3
5.43268E-3 1.23016E-2 1.33349E-2 1.07791E-3 1.23603E-3 1.107E-2 3.3976E-3 5.45212E-3 4.35062E-3 4.19629E-3 9.84396E-3 2.13352E-3 3.5305E-4 3.79168E-3 2.94275E-3 2.53398E-3 4.11427E-3 7.66879E-3 1.64195E-3 1.99496E-3 1.35137E-3 5.74006E-3 1.06539E-2 4.51601E-3 3.57719E-3 1.29333E-3 4.12925E-3 1.99858E-3 1.4923E-3 2.79301E-3 5.15646E-3 6.64955E-3 7.3069E-3 6.78277E-3 6.29928E-3 8.17025E-3 7.44941E-3 5.38603E-3 2.12435E-3 2.56918E-3 2.02445E-3 2.4456E-3 3.23913E-3 2.68152E-3 3.30378E-3 3.06778E-3 3.76345E-3 5.59688E-3 3.07349E-3 2.54726E-3 1.96188E-3 2.45873E-3 1.86132E-3 1.77078E-3 2.21562E-3 1.67979E-3 2.10001E-3 7.3847E-3 8.39363E-3 1.0973E-2 1.00413E-2 3.89547E-3
5.9553E-3 4.94634E-3 3.44854E-3 8.34619E-3 1.38403E-2 1.33602E-2 2.18686E-3 3.78377E-3 1.54515E-3 1.27635E-3 1.30228E-3 1.02321E-3 2.96655E-3 1.01426E-3 2.79301E-3 1.35137E-3 1.11015E-3 4.73132E-3 1.89074E-3 2.07907E-3 4.72818E-3 1.10588E-2 7.65604E-3 3.57719E-3 1.91368E-3 1.29333E-3 3.08406E-3 4.53314E-3 5.44307E-3 4.69542E-3 6.64955E-3 1.23482E-2 2.36686E-3 8.50975E-3 6.77928E-3 8.18551E-3 2.33621E-3 2.43977E-3 2.393E-3 2.43977E-3 2.26929E-3 2.49274E-3 3.42824E-3 3.12283E-3 3.83896E-3 3.06778E-3 4.289E-3 5.08926E-3 5.59688E-3 3.19148E-3 4.82129E-3 3.65088E-3 3.32757E-3 2.12547E-3 3.02853E-3 3.02277E-3 6.17639E-3 7.01538E-3 1.03934E-2 1.0022E-2 1.0982E-2 4.85325E-3
5.63686E-3 1.19047E-2 1.43338E-2 1.3814E-2 5.36759E-3 2.18686E-3 4.35876E-3 2.63072E-3 1.27635E-3 8.29247E-4 5.8363E-3 2.11057E-3 9.19067E-4 3.07848E-3 3.39307E-3 1.3489E-3 3.54006E-3 3.54376E-3 1.97469E-3 8.29397E-3 9.14043E-3 3.51672E-3 4.09985E-3 3.25144E-3 8.76028E-4 3.08406E-3 4.74001E-3 3.71281E-3 5.38603E-3 7.04353E-3 1.06094E-2 4.12345E-3 4.86823E-3 8.50975E-3 1.12463E-2 1.12674E-2 1.42602E-3 1.67177E-3 2.73305E-3 4.06552E-3 2.31461E-3 2.3602E-3 3.55644E-3 4.28094E-3 4.22344E-3 4.22344E-3 4.69665E-3 5.15264E-3 4.23134E-3 2.69774E-3 5.85675E-3 4.57146E-3 3.69544E-3 3.461E-3 3.02853E-3 8.09765E-3 6.76013E-3 6.41332E-3 8.6981E-3 1.2417E-2 1.35711E-2 1.36098E-2
1.48408E-2 5.25979E-3 5.77357E-3 1.72542E-2 3.31293E-3 1.84474E-3 4.74458E-4 1.05044E-3 1.70944E-3 7.03775E-4 1.06811E-3 5.89253E-4 2.79808E-3 4.11427E-3 1.3489E-3 1.05767E-3 4.25976E-3 7.14619E-3 4.18575E-3 1.79353E-3 9.12351E-3 3.87159E-3 4.09985E-3 2.94996E-3 1.17474E-3 2.79808E-3 4.07994E-3 8.18551E-3 7.74901E-3 8.02583E-3 1.28036E-2 8.49379E-3 7.0428E-3 1.06525E-2 1.45823E-2 1.28278E-2 1.79127E-3 1.59599E-3 1.88062E-3 3.76345E-3 3.36973E-3 2.31461E-3 4.49713E-3 4.05211E-3 3.62781E-3 3.55644E-3 5.85675E-3 6.98318E-3 5.28934E-3 2.45873E-3 3.8389E-3 4.60156E-3 5.22793E-3 5.71467E-3 5.90661E-3 3.08932E-3 7.39884E-3 7.67375E-3 7.29234E-3 1.28339E-2 1.40185E-2 1.68321E-2
1.84477E-2 1.62736E-2 6.33739E-3 6.12651E-3 3.02006E-3 2.03107E-3 8.6606E-4 1.70632E-3 7.36954E-4 4.75309E-4 7.8567E-4 2.19895E-3 1.48959E-3 3.2196E-3 3.05766E-3 4.25185E-3 6.48742E-3 9.86358E-3 2.74691E-3 1.97469E-3 4.02614E-3 3.87159E-3 2.42817E-3 1.35626E-3 1.4923E-3 2.93455E-3 6.77928E-3 8.49379E-3 7.16877E-3 1.32974E-2 3.55659E-3 9.18981E-3 1.10555E-2 1.32974E-2 1.2148E-2 5.7918E-3 4.63622E-3 2.79285E-3 2.65386E-3 3.12283E-3 4.22344E-3 3.51122E-3 3.03285E-3 3.69544E-3 6.01448E-3 4.44312E-3 5.85675E-3 7.92607E-3 5.8027E-3 3.3338E-3 3.37012E-3 3.50296E-3 3.97936E-3 4.51407E-3 1.39051E-2 4.51407E-3 1.00413E-2 1.00413E-2 8.13166E-3 1.07549E-2 1.8827E-2 2.03626E-2
1.23403E-2 1.35333E-2 1.78434E-2 1.89284E-2 3.02006E-3 2.8108E-3 7.12739E-4 2.24033E-3 1.09551E-3 1.61366E-3 9.02616E-4 3.51672E-3 1.56078E-3 1.41418E-3 1.34375E-3 6.15773E-3 7.43552E-3 8.17025E-3 3.27733E-3 5.7741E-3 4.60272E-3 4.42978E-3 1.71943E-3 2.50104E-3 7.85692E-3 3.96601E-3 2.98753E-3 6.42484E-3 7.34212E-3 8.64963E-3 1.10555E-2 1.37805E-2 1.38067E-2 9.18981E-3 9.20718E-3 4.81223E-3 4.63622E-3 3.50466E-3 2.20191E-3 6.18441E-3 4.05211E-3 4.1334E-3 3.64401E-3 3.83164E-3 5.04259E-3 6.05509E-3 8.68927E-3 6.36572E-3 5.29924E-3 4.40279E-3 3.14098E-3 3.8389E-3 3.97936E-3 4.51407E-3 1.57053E-2 1.12016E-2 9.5265E-3 1.17715E-2 1.72828E-2 1.45049E-2 2.1002E-2 2.14745E-2
9.90403E-3 1.48693E-2 1.63048E-2 1.52232E-2 2.50482E-3 2.10979E-3 9.94398E-4 2.11372E-3 6.75027E-4 4.53477E-3 1.19279E-3 1.08194E-3 4.60272E-3 3.65922E-3 2.49642E-3 1.40887E-3 1.16134E-3 5.60347E-3 8.89595E-3 3.28347E-3 2.86772E-3 2.06182E-3 3.96601E-3 8.91266E-3 6.1273E-3 9.70667E-3 1.06525E-2 3.55659E-3 7.65219E-3 7.95824E-3 9.84355E-3 1.37805E-2 4.0595E-3 1.04843E-2 1.38067E-2 5.27941E-3 4.82129E-3 1.40969E-3 3.19246E-3 2.51931E-3 2.55591E-3 3.83164E-3 4.28326E-3 5.19026E-3 5.52576E-3 7.22966E-3 7.24325E-3 5.8027E-3 6.0258E-3 5.05213E-3 5.05213E-3 3.50296E-3 4.9505E-3 1.20333E-2 1.31344E-2 1.62394E-2 1.26894E-2 1.07757E-2 1.11477E-2 1.78221E-2 2.07348E-2 2.8747E-2
9.4354E-3 1.15031E-2 3.13514E-3 1.81497E-3 9.42175E-4 1.65033E-3 4.53477E-3 1.81835E-3 9.83207E-4 1.8865E-3 1.12812E-3 2.07348E-3 5.7741E-3 3.02249E-3 1.34622E-3 1.28032E-3 1.4713E-3 6.68922E-3 1.16679E-2 4.70489E-3 5.16461E-3 6.22277E-3 5.16461E-3 3.41776E-3 8.84444E-3 1.32974E-2 9.59199E-3 3.37881E-3 8.72452E-3 1.04645E-2 1.43046E-2 1.19209E-2 1.30588E-2 1.43046E-2 5.4752E-3 5.4752E-3 5.48557E-3 2.62995E-3 4.00553E-3 4.00553E-3 3.03285E-3 3.15628E-3 4.19903E-3 5.72555E-3 7.49698E-3 8.21436E-3 7.94096E-3 8.22979E-3 6.60663E-3 6.28226E-3 6.28226E-3 4.45424E-3 5.91978E-3 5.60432E-3 1.35972E-2 1.53412E-2 2.0402E-2 1.88635E-2 1.47943E-2 1.84091E-2 2.2602E-2 2.8747E-2
1.96033E-3 2.59837E-3 3.13514E-3 2.753E-3 1.65033E-3 1.89003E-3 5.68567E-3 1.12812E-3 9.73334E-4 1.23876E-2 1.24935E-2 2.59837E-3 5.4636E-3 1.78283E-3 2.25019E-3 3.41776E-3 2.34762E-3 2.68309E-3 1.14707E-2 1.37805E-2 6.43913E-3 5.37071E-3 4.70489E-3 3.23977E-3 7.63775E-3 1.04843E-2 1.37805E-2 4.63568E-3 1.08816E-2 1.30339E-2 1.19209E-2 1.30588E-2 1.19209E-2 5.1804E-3 5.68755E-3 6.82911E-3 5.48557E-3 3.03285E-3 3.79508E-3 3.49634E-3 3.83164E-3 5.19026E-3 4.32205E-3 5.72555E-3 8.49489E-3 8.21436E-3 8.21436E-3 7.68503E-3 6.84203E-3 5.72555E-3 7.77629E-3 5.04977E-3 1.43902E-2 1.77456E-2 1.13823E-2 1.13823E-2 1.40456E-2 1.58335E-2 1.63373E-2 2.003E-2 2.2521E-2 2.13509E-2
5.79565E-3 1.90003E-2 3.02575E-3 7.77158E-4 3.89791E-3 6.47355E-3 1.96402E-3 1.07186E-3 3.49145E-3 9.38909E-3 1.54501E-2 2.69469E-3 1.48164E-3 1.01741E-3 1.53897E-3 5.36057E-3 3.07374E-3 3.84833E-3 1.42773E-2 6.09878E-3 6.09878E-3 6.68662E-3 7.34486E-3 4.4622E-3 5.50502E-3 9.54609E-3 1.08816E-2 4.81461E-3 1.48164E-2 1.48164E-2 1.19209E-2 4.40186E-3 1.09023E-2 1.09023E-2 3.52292E-3 4.73635E-3 5.00305E-3 2.88377E-3 3.79508E-3 3.60563E-3 3.94392E-3 4.35011E-3 6.45634E-3 6.03842E-3 7.08392E-3 7.67052E-3 7.67052E-3 8.21436E-3 5.22793E-3 7.10511E-3 8.43675E-3 7.24743E-3 7.36024E-3 4.9505E-3 5.60432E-3 1.35972E-2 1.53412E-2 1.17715E-2 1.50042E-2 1.84091E-2 2.06721E-2 1.95588E-2
1.79116E-2 3.13514E-3 1.13022E-3 2.1534E-3 1.63668E-2 1.96033E-3 2.24003E-3 1.6896E-3 1.07054E-2 1.17123E-2 1.54207E-2 5.00193E-3 1.76016E-3 1.33237E-3 7.72385E-3 5.90027E-3 3.50956E-3 1.30339E-2 5.78148E-3 5.56247E-3 4.22776E-3 5.56247E-3 5.57306E-3 3.37881E-3 8.72452E-3 9.93246E-3 1.3534E-2 1.48164E-2 6.00757E-3 4.39348E-3 1.35599E-2 1.48446E-2 6.22049E-3 2.75392E-3 2.01413E-3 5.20009E-3 5.00305E-3 1.84014E-3 3.15628E-3 3.19033E-3 3.63323E-3 4.92448E-3 9.6985E-3 1.41826E-2 1.55171E-2 1.05382E-2 6.25587E-3 5.20988E-3 5.23783E-3 7.10511E-3 7.68255E-3 9.64797E-3 1.05382E-2 6.14235E-3 1.62704E-2 1.98138E-2 2.04412E-2 2.1037E-2 1.45329E-2 1.63373E-2 2.22808E-2 2.22808E-2
6.59148E-3 5.00193E-3 6.60403E-3 6.84091E-3 2.02912E-2 7.50001E-3 5.47704E-3 3.78775E-3 8.90869E-3 1.01361E-2 4.09157E-3 1.51106E-2 5.90027E-3 5.38444E-3 1.26078E-2 9.62367E-3 1.2362E-2 1.3534E-2 1.62192E-2 6.33523E-3 6.09878E-3 5.57306E-3 3.07956E-3 9.56424E-3 4.81461E-3 4.00912E-3 1.03121E-2 1.83972E-2 5.48551E-3 5.47502E-3 1.53717E-2 1.48446E-2 6.00757E-3 1.90879E-3 5.89539E-3 6.46863E-3 6.23233E-3 5.69831E-3 3.29008E-3 3.9514E-3 3.75535E-3 3.77452E-3 1.06133E-2 1.39051E-2 7.93199E-3 1.94589E-3 7.51107E-3 5.71971E-3 7.10511E-3 8.40326E-3 1.26184E-2 1.19211E-2 8.88647E-3 7.48267E-3 1.77456E-2 1.67874E-2 1.88998E-2 2.02095E-2 2.10426E-2 1.84091E-2 2.06721E-2 2.2521E-2
4.31721E-3 1.97788E-2 2.16879E-2 1.59885E-2 2.10007E-2 2.32515E-3 3.78775E-3 4.31721E-3 4.31721E-3 3.74072E-3 9.60529E-3 1.87153E-2 5.10874E-3 4.91359E-3 3.11461E-3 1.05376E-2 4.38508E-3 4.8054E-3 4.81461E-3 1.77536E-2 7.60629E-3 6.34729E-3 3.21276E-3 9.93246E-3 1.40496E-2 1.53717E-2 1.17348E-2 1.73993E-2 1.53423E-2 7.4618E-3 4.57324E-3 1.56981E-2 2.60627E-3 5.38305E-3 5.3933E-3 6.46863E-3 7.75752E-3 6.48087E-3 2.60521E-3 3.32344E-3 3.97936E-3 4.44582E-3 4.50484E-3 7.77218E-3 6.48087E-3 3.43779E-3 5.52733E-3 8.77666E-3 1.86726E-2 1.30121E-2 1.73361E-2 2.51492E-2 8.08559E-3 1.344E-2 1.83335E-2 2.04412E-2 1.85276E-2 1.85276E-2 3.00559E-2 3.07103E-2 2.50324E-2 2.07123E-2
2.23481E-2 1.15238E-2 5.19036E-3 4.73374E-3 4.32543E-3 5.69089E-3 3.93725E-3 9.25168E-3 1.3803E-2 6.11572E-3 1.30632E-2 8.30846E-3 6.12751E-3 4.91359E-3 3.74072E-3 3.74072E-3 6.12751E-3 5.59505E-3 4.39348E-3 1.3534E-2 6.57916E-3 6.33523E-3 3.66529E-3 1.28405E-2 9.41771E-3 1.07239E-2 1.11278E-2 1.59132E-2 1.90227E-2 5.69097E-3 1.36098E-2 1.43482E-2 2.38397E-3 5.3933E-3 4.49633E-3 4.10532E-3 5.90661E-3 7.75752E-3 3.95884E-3 3.61242E-3 4.50484E-3 7.09732E-3 1.91601E-3 6.71216E-3 6.71216E-3 1.08796E-2 2.20403E-2 2.86726E-2 1.02928E-2 2.51016E-2 2.86726E-2 2.08263E-2 2.58862E-2 2.93519E-2 1.96539E-2 2.02095E-2 1.85276E-2 1.90574E-2 2.5337E-2 3.65556E-2 2.90335E-2 1.95971E-2
2.84533E-2 2.52609E-2 9.63075E-3 8.81215E-3 7.76244E-3 4.92301E-3 1.2632E-2 5.59505E-3 3.88859E-3 1.091E-2 2.00193E-2 1.02787E-2 1.02987E-2 6.94969E-3 5.10874E-3 1.71411E-2 7.62088E-3 7.34868E-3 4.01676E-3 4.50098E-3 6.33523E-3 4.82379E-3 1.74161E-3 7.62578E-3 4.26716E-3 4.43214E-3 9.49546E-3 1.67998E-2 7.88595E-3 7.88595E-3 7.22333E-3 7.63546E-3 3.2509E-3 2.38849E-3 2.61619E-3 4.11845E-3 2.02171E-3 1.77343E-3 1.28877E-3 8.09347E-4 3.95884E-3 4.50484E-3 6.13254E-3 6.36548E-3 1.35972E-2 1.86629E-2 3.04921E-2 2.66374E-2 2.70657E-2 2.00065E-2 3.5507E-2 3.17013E-2 2.90609E-2 2.90609E-2 2.10426E-2 2.07752E-2 2.69008E-2 2.75972E-2 2.3305E-2 2.83592E-2 3.64847E-2 2.39304E-2
8.59225E-3 6.33735E-3 8.30846E-3 9.11039E-3 7.34868E-3 4.6646E-3 1.30884E-2 1.77241E-2 7.1955E-3 4.59335E-3 2.06766E-2 2.00193E-2 1.06353E-2 6.94969E-3 5.81241E-3 6.36186E-3 6.96307E-3 7.62088E-3 6.72332E-3 8.34057E-3 2.85471E-3 1.98699E-3 1.31386E-2 1.09521E-2 1.36098E-2 1.35837E-2 1.54029E-2 1.28958E-2 1.67998E-2 2.0058E-2 1.33223E-2 2.01351E-2 8.65878E-3 8.02496E-3 7.34635E-3 6.48087E-3 5.91779E-3 1.05382E-2 7.77218E-3 5.40351E-3 6.13067E-3 7.61654E-3 5.30925E-3 1.41212E-2 1.09912E-2 1.58335E-2 2.12045E-2 2.07752E-2 3.13417E-2 2.2602E-2 2.51729E-2 2.74341E-2 2.51729E-2 2.69008E-2 3.11036E-2 2.12455E-2 2.13924E-2 2.5337E-2 2.83592E-2 2.60521E-2 2.19796E-2 3.16308E-2
7.44802E-3 2.46494E-2 2.84533E-2 1.27057E-2 1.02987E-2 4.42361E-3 1.03653E-2 1.53435E-2 2.46494E-2 4.59335E-3 1.89347E-2 7.44802E-3 1.06353E-2 5.80123E-3 5.80123E-3 6.59078E-3 7.88595E-3 7.62088E-3 8.34057E-3 6.13924E-3 2.61124E-3 4.26716E-3 1.19845E-2 1.24454E-2 1.04053E-2 1.04053E-2 9.87544E-3 1.17988E-2 1.90084E-2 2.07569E-2 1.33223E-2 2.01351E-2 7.23715E-3 2.26374E-3 2.47815E-3 2.13054E-2 2.71284E-3 9.11235E-3 5.30686E-3 2.07178E-3 4.8625E-3 1.54324E-2 1.74728E-2 1.5968E-2 1.37525E-2 1.39998E-2 1.4203E-2 2.22808E-2 1.95971E-2 2.32597E-2 3.43621E-2 3.07103E-2 2.5337E-2 3.27298E-2 3.01141E-2 2.82374E-2 2.19192E-2 2.18769E-2 1.95971E-2 3.16308E-2 3.44037E-2 2.25767E-2
9.50663E-3 2.77358E-2 1.19945E-2 1.06353E-2 7.8707E-3 4.04121E-3 1.40397E-2 1.59064E-2 1.45351E-2 1.89347E-2 1.73383E-2 2.06766E-2 1.00705E-2 8.15804E-3 2.19144E-2 1.5881E-2 7.22333E-3 5.81241E-3 7.90113E-3 1.03384E-2 8.35653E-3 5.82354E-3 4.86073E-3 1.24454E-2 1.68644E-2 5.04444E-3 4.21497E-3 9.87544E-3 1.8029E-2 2.55698E-2 9.25377E-3 6.85251E-3 8.18957E-3 1.9045E-2 2.47925E-2 2.47925E-2 2.70657E-2 2.70657E-2 2.27514E-2 1.54619E-2 1.10123E-2 1.33126E-2 1.6369E-2 1.6369E-2 2.22111E-2 1.56884E-2 1.4203E-2 1.74133E-2 1.59803E-2 2.29176E-2 2.60014E-2 2.8304E-2 2.58397E-2 3.7484E-2 3.07103E-2 4.4413E-2 3.7484E-2 2.23241E-2 2.19796E-2 2.67283E-2 3.52241E-2 3.82844E-2
2.85232E-2 1.27594E-2 1.35074E-2 1.35339E-2 1.2018E-2 8.90075E-3 6.2438E-3 5.6999E-3 1.33331E-2 1.15014E-2 2.33433E-2 1.00705E-2 1.10015E-2 8.17384E-3 6.59078E-3 6.60348E-3 5.51836E-3 7.47699E-3 2.39865E-2 9.45256E-3 7.90113E-3 7.90113E-3 7.91625E-3 4.61998E-3 1.04053E-2 1.40941E-2 1.8029E-2 1.8029E-2 1.86336E-2 2.8747E-2 9.56257E-3 2.63642E-2 2.21682E-2 1.96773E-2 2.14745E-2 2.34339E-2 1.97151E-2 1.9045E-2 1.90814E-2 9.71227E-3 1.22534E-2 1.26045E-2 1.80638E-2 1.51321E-2 1.56884E-2 1.4203E-2 1.68853E-2 1.86697E-2 1.56884E-2 1.21829E-2 1.74133E-2 2.19367E-2 2.60014E-2 3.35281E-2 4.18429E-2 4.06843E-2 4.95016E-2 3.1618E-2 2.19796E-2 2.30071E-2 2.36588E-2 2.32295E-2
3.03197E-2 3.30821E-2 1.56405E-2 1.56715E-2 1.39489E-2 1.23727E-2 1.13551E-2 7.33074E-3 1.64537E-2 1.8561E-2 2.40825E-2 2.86356E-2 2.86356E-2 1.47743E-2 1.10015E-2 1.20414E-2 9.2359E-3 1.96017E-2 1.20414E-2 1.10442E-2 2.70657E-2 1.06766E-2 7.22333E-3 6.03666E-3 1.41212E-2 1.33848E-2 8.87284E-3 1.26977E-2 1.43521E-2 1.99909E-2 2.71759E-2 2.21682E-2 2.72286E-2 2.96717E-2 2.64151E-2 1.97151E-2 1.80638E-2 2.15158E-2 1.97151E-2 1.80638E-2 1.80638E-2 1.97151E-2 2.15158E-2 7.37342E-3 1.65496E-2 1.71478E-2 2.42232E-2 2.42697E-2 2.22111E-2 2.49842E-2 2.2521E-2 2.2521E-2 2.34186E-2 2.45179E-2 3.82844E-2 3.44037E-2 3.08673E-2 2.37678E-2 2.84142E-2 2.20223E-2 2.19796E-2 2.26209E-2
2.86803E-2 3.46067E-2 2.95515E-2 1.44274E-2 1.59612E-2 3.30821E-2 1.55126E-2 1.43727E-2 1.44011E-2 7.58647E-3 2.48383E-2 9.85973E-3 6.71316E-3 2.21252E-2 1.07591E-2 2.86914E-2 1.24213E-2 8.4537E-3 1.00901E-2 1.10229E-2 1.10442E-2 1.20646E-2 1.06971E-2 8.18957E-3 7.76739E-3 8.47006E-3 1.65177E-2 1.26977E-2 1.43521E-2 1.46644E-2 3.32121E-2 2.33729E-2 3.05588E-2 3.22678E-2 2.42232E-2 2.22111E-2 2.22111E-2 2.49842E-2 3.32767E-2 2.96717E-2 3.29238E-2 2.90335E-2 3.20052E-2 3.20052E-2 2.42697E-2 2.03643E-2 1.69181E-2 2.0069E-2 1.90105E-2 1.74473E-2 1.89735E-2 2.29176E-2 2.25767E-2 2.07468E-2 3.82094E-2 4.1485E-2 3.1618E-2 2.90335E-2 2.39769E-2 3.16923E-2 3.16923E-2 2.91346E-2
3.56234E-2 4.20747E-2 3.97091E-2 3.12584E-2 3.12785E-2 2.87375E-2 2.96104E-2 3.41076E-2 3.03798E-2 1.24903E-2 3.03798E-2 1.61659E-2 1.61659E-2 1.32068E-2 1.44011E-2 1.44011E-2 1.44011E-2 1.57333E-2 1.55738E-2 1.52482E-2 1.51022E-2 1.51316E-2 1.40308E-2 1.13994E-2 2.41765E-2 2.8747E-2 2.8747E-2 1.07801E-2 7.8799E-3 1.54029E-2 1.95115E-2 2.0706E-2 3.42415E-2 3.32767E-2 3.32767E-2 3.38596E-2 3.14637E-2 3.38596E-2 2.36381E-2 3.38596E-2 3.38596E-2 3.2418E-2 3.24811E-2 2.90335E-2 2.97288E-2 1.39153E-2 1.55167E-2 1.96353E-2 2.90335E-2 9.9174E-3 2.10699E-2 2.1752E-2 1.79881E-2 2.36127E-2 2.98068E-2 4.52062E-2 4.95016E-2 3.44285E-2 3.2544E-2 2.46141E-2 2.74684E-2 3.5293E-2
3.98269E-2 3.75221E-2 4.42598E-2 1.28781E-2 8.84965E-3 1.72854E-2 3.40403E-2 2.42987E-2 1.04935E-2 2.64001E-2 3.1321E-2 1.48585E-2 1.52774E-2 3.46755E-2 3.0488E-2 2.67426E-2 3.37271E-2 2.96691E-2 3.37935E-2 3.31473E-2 3.1434E-2 1.55738E-2 1.28348E-2 1.17629E-2 7.61615E-3 1.92906E-2 2.80049E-2 3.38596E-2 3.42415E-2 3.14637E-2 2.89079E-2 2.73687E-2 3.06087E-2 2.16982E-2 2.31381E-2 2.31381E-2 3.23866E-2 2.43206E-2 2.45776E-2 2.42747E-2 2.35663E-2 2.38939E-2 2.01861E-2 3.15569E-2 3.14621E-2 7.37342E-3 1.55167E-2 2.07123E-2 2.83592E-2 3.20668E-2 2.58619E-2 3.06179E-2 1.95882E-2 2.19584E-2 2.52118E-2 4.61887E-2 5.07833E-2 3.84609E-2 2.67804E-2 2.67804E-2 2.98653E-2 2.74684E-2
