day_2/Results/Podomys_floridanus/projections/PaleoClim/-4000/RUN_2.asc
ncols         385
nrows         252
xllcorner     -91.50013924285
yllcorner     25.49986064915003
cellsize      0.041666666500000005
NODATA_value  -9999
[rows 84 to 111 of 252, columns 124 to 185 of 385]
6.29352E-2 4.99672E-2 6.06355E-2 2.10107E-2 2.59574E-2 1.62153E-2 2.14827E-2 1.55856E-2 4.37116E-2 6.52148E-2 4.7599E-2 6.05778E-2 5.24086E-2 4.91649E-2 4.86835E-2 3.91058E-2 5.59042E-2 3.36755E-2 1.37314E-2 5.12083E-2 1.78065E-2 1.97176E-2 1.77353E-2 5.38317E-2 1.84263E-2 1.6807E-2 2.41643E-2 3.35301E-2 2.10301E-2 3.39172E-2 4.1914E-2 2.20508E-2 1.98948E-2 2.00075E-2 4.14238E-2 4.9288E-2 3.68135E-2 5.30354E-2 1.96595E-2 4.78946E-2 3.90641E-2 4.59125E-2 4.62087E-2 4.64235E-2 3.63229E-2 1.44003E-2 2.90143E-2 3.09736E-2 2.02489E-2 1.96491E-2 4.02283E-2 5.1288E-2 4.59305E-2 2.1703E-2 1.76387E-2 2.49151E-2 5.38821E-2 4.13038E-2 1.94293E-2 2.11561E-2 1.95287E-2 2.04744E-2
6.84986E-2 6.52533E-2 4.69897E-2 5.2262E-2 6.15751E-2 6.00805E-2 3.39532E-2 5.73367E-2 4.65365E-2 4.65365E-2 5.09271E-2 2.23338E-2 1.77919E-2 1.68773E-2 1.45922E-2 1.35021E-2 5.3584E-2 2.28931E-2 1.72259E-2 4.02393E-2 2.18076E-2 2.1708E-2 1.99203E-2 5.6179E-2 5.28803E-2 5.35865E-2 4.72255E-2 4.92731E-2 5.06466E-2 4.41931E-2 1.71212E-2 1.87657E-2 2.01368E-2 3.73645E-2 5.74515E-2 3.03281E-2 1.84935E-2 1.92955E-2 1.88085E-2 2.06149E-2 2.03543E-2 2.07696E-2 3.89499E-2 3.47766E-2 1.86632E-2 4.64232E-2 1.59418E-2 4.7072E-2 3.92888E-2 2.29785E-2 1.8289E-2 4.07705E-2 5.05667E-2 2.37291E-2 1.90669E-2 2.48574E-2 4.3325E-2 4.03924E-2 1.77E-2 1.792E-2 1.79601E-2 1.88208E-2
4.92891E-2 2.13796E-2 5.38837E-2 5.88682E-2 6.61009E-2 4.74015E-2 4.81144E-2 4.80347E-2 4.96285E-2 2.2547E-2 1.97904E-2 6.38375E-2 4.55275E-2 2.51871E-2 2.1728E-2 2.0446E-2 1.60428E-2 5.31568E-2 5.27342E-2 5.32651E-2 5.61466E-2 5.55168E-2 4.64485E-2 4.23155E-2 3.91494E-2 2.64149E-2 5.13142E-2 1.83574E-2 3.82137E-2 2.24744E-2 5.88381E-2 3.82589E-2 2.20388E-2 4.2744E-2 1.88037E-2 2.57723E-2 4.28884E-2 5.0421E-2 4.1683E-2 4.79694E-2 2.19836E-2 4.9149E-2 4.27817E-2 3.94791E-2 1.55161E-2 1.99421E-2 4.47704E-2 2.17438E-2 1.58588E-2 1.58703E-2 1.70518E-2 2.0167E-2 1.7604E-2 1.80794E-2 2.17708E-2 5.36976E-2 3.95554E-2 3.67749E-2 1.85256E-2 1.73026E-2 1.59408E-2 2.14463E-2
2.12782E-2 2.92649E-2 2.45421E-2 2.25402E-2 5.87534E-2 6.00191E-2 6.27825E-2 6.62386E-2 5.25893E-2 4.32686E-2 6.62135E-2 6.3052E-2 2.06533E-2 5.52396E-2 5.70837E-2 5.97066E-2 5.62305E-2 4.34043E-2 5.0095E-2 5.1411E-2 5.42985E-2 5.47207E-2 1.83936E-2 4.03008E-2 1.52662E-2 4.14823E-2 3.99647E-2 3.89294E-2 4.56545E-2 2.64279E-2 2.1294E-2 5.27332E-2 2.4061E-2 4.59831E-2 6.00922E-2 4.00084E-2 2.09042E-2 2.38781E-2 4.67344E-2 4.57563E-2 1.61522E-2 2.905E-2 3.60553E-2 4.18962E-2 2.12661E-2 1.66403E-2 3.37135E-2 4.87827E-2 4.74275E-2 4.76761E-2 3.74524E-2 2.42723E-2 1.79034E-2 1.88062E-2 2.18779E-2 2.58457E-2 4.74163E-2 2.27361E-2 2.25962E-2 4.38383E-2 4.85798E-2 2.38997E-2
5.69166E-2 5.90384E-2 5.66785E-2 5.3298E-2 7.5592E-2 6.64798E-2 6.80773E-2 6.28854E-2 4.94102E-2 5.15884E-2 7.53467E-2 4.33398E-2 4.60922E-2 2.25722E-2 1.8616E-2 4.54513E-2 5.70058E-2 1.92829E-2 1.44491E-2 4.07372E-2 4.7988E-2 1.9024E-2 1.98049E-2 3.52187E-2 6.0994E-2 4.37598E-2 6.25489E-2 6.23489E-2 5.54543E-2 5.27985E-2 4.85048E-2 1.8403E-2 2.45289E-2 4.52295E-2 4.28501E-2 5.30347E-2 4.30842E-2 3.99723E-2 3.50873E-2 4.0802E-2 3.93167E-2 1.84816E-2 2.27042E-2 4.29854E-2 2.06129E-2 2.21882E-2 1.7826E-2 1.85407E-2 1.93979E-2 2.06011E-2 1.93074E-2 1.83312E-2 1.71431E-2 1.67477E-2 2.15228E-2 2.60287E-2 4.76293E-2 2.32829E-2 2.37515E-2 4.21835E-2 3.69457E-2 1.75744E-2
6.9078E-2 5.05006E-2 5.45851E-2 5.36902E-2 5.55861E-2 2.99858E-2 2.00015E-2 5.65068E-2 6.6322E-2 7.04093E-2 6.84113E-2 7.30002E-2 6.74745E-2 6.17315E-2 6.11017E-2 5.48995E-2 5.52508E-2 5.78211E-2 5.57606E-2 5.27448E-2 5.49551E-2 5.95434E-2 5.44244E-2 4.20418E-2 4.32328E-2 4.75606E-2 4.86596E-2 5.09003E-2 5.09833E-2 4.64458E-2 5.72327E-2 1.92191E-2 1.92131E-2 2.50908E-2 3.04477E-2 5.64134E-2 5.28022E-2 2.55848E-2 4.22163E-2 4.34631E-2 3.56163E-2 1.79819E-2 2.4256E-2 4.2124E-2 4.96164E-2 4.6599E-2 3.70989E-2 3.49685E-2 2.07612E-2 2.39217E-2 2.41159E-2 1.78731E-2 1.85522E-2 2.47477E-2 2.0107E-2 2.6443E-2 3.81374E-2 2.36481E-2 2.33967E-2 3.97263E-2 2.29578E-2 1.77747E-2
2.65693E-2 6.6687E-2 5.21142E-2 6.75525E-2 5.07345E-2 5.25309E-2 2.24235E-2 6.10321E-2 5.15136E-2 5.94527E-2 5.9064E-2 6.3505E-2 5.83922E-2 5.52122E-2 5.10899E-2 5.41666E-2 5.42714E-2 2.53058E-2 2.27511E-2 4.3724E-2 4.97028E-2 5.56297E-2 5.81235E-2 5.57137E-2 4.29698E-2 6.03239E-2 4.63206E-2 5.0037E-2 5.87617E-2 5.75467E-2 5.35225E-2 1.95077E-2 2.22645E-2 2.60649E-2 2.72438E-2 2.67751E-2 5.06271E-2 4.97498E-2 5.47463E-2 4.28577E-2 3.67235E-2 1.91643E-2 2.30015E-2 4.4536E-2 2.83572E-2 2.06868E-2 4.32785E-2 3.85014E-2 5.33741E-2 3.96882E-2 1.83315E-2 1.79602E-2 1.6682E-2 1.7816E-2 1.99757E-2 2.57611E-2 2.55263E-2 3.79582E-2 2.35877E-2 2.5115E-2 2.34315E-2 2.08023E-2
2.66555E-2 6.75819E-2 7.32812E-2 7.26301E-2 6.84113E-2 6.9423E-2 6.29136E-2 3.62495E-2 5.01809E-2 4.53013E-2 4.59333E-2 4.92842E-2 5.62403E-2 5.57239E-2 4.39018E-2 4.44129E-2 2.4753E-2 6.85074E-3 1.23296E-2 1.29122E-2 3.33136E-2 4.47732E-2 5.54152E-2 5.80028E-2 4.34206E-2 4.75383E-2 6.43685E-2 4.69903E-2 2.75341E-2 6.72642E-2 2.59366E-2 2.27484E-2 4.34924E-2 4.75515E-2 5.04027E-2 5.36105E-2 4.67615E-2 2.96297E-2 5.90082E-2 3.9183E-2 2.34715E-2 2.13893E-2 2.38927E-2 3.62622E-2 4.18336E-2 3.5275E-2 2.04681E-2 3.66137E-2 3.44367E-2 3.94799E-2 3.63022E-2 1.73244E-2 1.80072E-2 1.68999E-2 1.73426E-2 2.58099E-2 2.71996E-2 3.86205E-2 2.49929E-2 2.41532E-2 2.41235E-2 2.02594E-2
2.65751E-2 6.4526E-2 6.45416E-2 5.21928E-2 6.01549E-2 6.06784E-2 5.81249E-2 5.19239E-2 2.81697E-2 4.26171E-2 4.50431E-2 4.28385E-2 4.84181E-2 5.30705E-2 1.75482E-2 1.36234E-2 1.25752E-2 1.28045E-2 9.65195E-3 1.64871E-2 2.93441E-2 3.86393E-2 4.41056E-2 5.87331E-2 6.28248E-2 5.90337E-2 5.15066E-2 2.59019E-2 5.57852E-2 2.3552E-2 2.7807E-2 3.04042E-2 5.78321E-2 2.82039E-2 2.87427E-2 2.87166E-2 2.87254E-2 2.64862E-2 3.04261E-2 4.04777E-2 1.77341E-2 2.44057E-2 4.90391E-2 2.36167E-2 4.18163E-2 4.14315E-2 3.61864E-2 2.11391E-2 2.39896E-2 2.56516E-2 4.53413E-2 1.85823E-2 2.0836E-2 5.2554E-2 1.70988E-2 2.24239E-2 2.71871E-2 2.57386E-2 2.69882E-2 2.59145E-2 2.58724E-2 2.30124E-2
7.24973E-2 7.04168E-2 6.80867E-2 1.73082E-2 4.50506E-2 5.10018E-2 4.9045E-2 1.67235E-2 3.46764E-2 3.60741E-2 3.6015E-2 3.62523E-2 4.98039E-2 1.85083E-2 1.72987E-2 1.87139E-2 1.64731E-2 1.563E-2 1.62377E-2 1.1113E-2 3.50447E-2 3.89016E-2 1.5763E-2 4.34551E-2 4.41695E-2 5.0264E-2 5.14907E-2 6.56215E-2 1.99935E-2 4.60508E-2 2.61688E-2 7.11077E-2 6.0833E-2 5.66464E-2 4.57606E-2 2.33747E-2 2.77882E-2 4.5869E-2 3.9796E-2 4.51256E-2 3.03494E-2 1.97946E-2 2.73661E-2 3.74254E-2 5.40074E-2 4.33596E-2 4.82565E-2 3.64184E-2 1.95714E-2 2.54145E-2 5.37502E-2 4.57049E-2 3.57268E-2 3.57268E-2 2.94439E-2 1.91549E-2 2.64415E-2 2.65729E-2 2.6747E-2 2.71427E-2 2.52497E-2 2.558E-2
6.05545E-2 5.773E-2 1.90423E-2 1.4992E-2 4.41201E-2 5.37823E-2 1.7958E-2 1.71433E-2 1.33819E-2 1.21991E-2 1.05375E-2 9.19634E-3 3.69112E-2 1.62131E-2 5.00938E-2 1.52057E-2 4.72667E-2 1.62798E-2 5.06702E-2 1.35964E-2 4.3109E-2 5.41949E-2 5.91432E-2 6.21766E-2 6.11775E-2 4.80975E-2 5.53021E-2 6.42323E-2 4.24361E-2 5.02466E-2 2.78021E-2 5.69095E-2 6.7605E-2 6.5675E-2 2.52371E-2 4.45814E-2 5.22771E-2 5.69173E-2 5.19199E-2 4.94403E-2 3.98658E-2 2.0726E-2 2.4602E-2 2.64247E-2 5.93065E-2 4.33564E-2 4.85088E-2 3.98289E-2 2.00204E-2 2.13515E-2 2.83146E-2 5.4961E-2 4.7568E-2 2.50742E-2 2.39188E-2 2.25879E-2 2.54999E-2 2.79973E-2 2.71479E-2 2.61175E-2 2.49317E-2 2.54556E-2
4.82933E-2 1.79853E-2 1.8962E-2 1.91857E-2 1.63254E-2 1.74882E-2 2.14901E-2 2.04173E-2 5.39957E-2 2.19558E-2 1.80889E-2 1.58309E-2 1.40027E-2 1.61409E-2 1.81293E-2 1.49469E-2 4.23882E-2 4.63726E-2 5.00208E-2 1.43221E-2 4.27596E-2 4.60784E-2 5.50519E-2 6.03519E-2 4.55611E-2 4.6851E-2 4.89299E-2 4.55271E-2 6.85085E-2 5.37159E-2 3.42872E-2 7.62005E-2 6.9574E-2 2.34115E-2 5.16144E-2 5.79841E-2 5.77069E-2 5.67824E-2 5.54371E-2 5.90248E-2 4.38038E-2 3.36822E-2 5.31431E-2 1.97568E-2 2.86247E-2 5.63042E-2 4.88729E-2 4.4368E-2 4.84778E-2 3.61833E-2 2.82799E-2 2.83833E-2 5.1898E-2 2.28466E-2 2.31087E-2 2.45733E-2 2.44676E-2 2.99026E-2 2.9781E-2 2.82266E-2 2.79039E-2 2.85451E-2
1.59764E-2 1.99288E-2 1.51162E-2 5.89615E-2 1.89933E-2 5.73568E-2 1.99674E-2 1.62473E-2 4.87411E-2 5.39296E-2 5.14859E-2 3.3137E-2 4.67594E-2 4.62307E-2 1.49915E-2 3.70347E-2 4.3681E-2 5.13727E-2 1.57225E-2 1.05856E-2 3.78966E-2 4.00572E-2 4.69091E-2 5.63584E-2 6.05298E-2 6.38275E-2 4.68401E-2 7.01453E-2 5.02953E-2 3.54674E-2 4.11437E-2 7.61651E-2 2.2831E-2 6.73963E-2 6.19977E-2 6.13245E-2 5.95785E-2 5.99633E-2 3.0553E-2 6.13696E-2 5.10491E-2 4.34078E-2 4.87105E-2 4.25031E-2 2.18632E-2 4.89649E-2 5.7864E-2 5.12569E-2 2.50536E-2 2.40745E-2 2.67034E-2 2.74098E-2 5.54464E-2 2.40745E-2 2.28095E-2 2.28942E-2 2.37682E-2 2.72333E-2 3.01231E-2 2.91566E-2 2.86384E-2 2.85451E-2
1.53688E-2 5.09629E-2 1.84981E-2 4.7674E-2 5.51438E-2 1.84069E-2 1.53916E-2 2.87329E-2 4.15714E-2 1.63844E-2 4.46049E-2 4.68226E-2 4.10611E-2 1.30787E-2 3.80112E-2 1.35875E-2 4.41617E-2 3.50253E-2 1.48131E-2 1.39442E-2 1.27099E-2 1.19481E-2 4.07844E-2 5.634E-2 4.95148E-2 5.79004E-2 1.93413E-2 5.38033E-2 5.38038E-2 3.47099E-2 7.25355E-2 2.48341E-2 6.24416E-2 6.67027E-2 6.09822E-2 5.49971E-2 2.98523E-2 4.58857E-2 5.75223E-2 4.98354E-2 5.34248E-2 5.15665E-2 4.52513E-2 3.73028E-2 2.26592E-2 2.47673E-2 2.97325E-2 5.35863E-2 4.95245E-2 2.55729E-2 3.96656E-2 2.82243E-2 4.4629E-2 4.97788E-2 2.32717E-2 2.42467E-2 2.44457E-2 2.48729E-2 2.85132E-2 2.85361E-2 2.89671E-2 2.91732E-2
1.7716E-2 3.98215E-2 5.2972E-2 5.28854E-2 2.22822E-2 1.75308E-2 1.66437E-2 4.60339E-2 4.45537E-2 4.59588E-2 4.9771E-2 1.66897E-2 1.18307E-2 3.8671E-2 1.06652E-2 3.92476E-2 5.43129E-2 2.05857E-2 2.00116E-2 2.14745E-2 2.17417E-2 1.63478E-2 4.55228E-2 5.3156E-2 6.0292E-2 4.79523E-2 5.50933E-2 5.83161E-2 5.66133E-2 7.78992E-2 3.14225E-2 2.33502E-2 6.3162E-2 2.59746E-2 6.36597E-2 5.46919E-2 6.18285E-2 6.54569E-2 5.3455E-2 4.95185E-2 4.98587E-2 5.60704E-2 5.51987E-2 5.04006E-2 4.37777E-2 2.16062E-2 2.33098E-2 2.82154E-2 2.75576E-2 2.78286E-2 4.34042E-2 2.84091E-2 4.80593E-2 5.47811E-2 2.47269E-2 2.65708E-2 2.54648E-2 2.66624E-2 2.76321E-2 2.72738E-2 2.83595E-2 3.00951E-2
2.20453E-2 1.38313E-2 4.32428E-2 6.33461E-2 1.89742E-2 1.24403E-2 4.30932E-2 4.81003E-2 4.72399E-2 4.02524E-2 3.4046E-2 1.42463E-2 2.36103E-2 4.24111E-2 1.31876E-2 3.96981E-2 3.38293E-2 2.17594E-2 1.98898E-2 6.17528E-2 2.06833E-2 2.00116E-2 1.68871E-2 1.5698E-2 5.771E-2 4.8109E-2 5.29224E-2 5.10384E-2 3.78918E-2 8.00126E-2 2.86786E-2 2.15493E-2 6.37472E-2 7.10536E-2 6.37387E-2 6.26307E-2 6.31958E-2 6.15289E-2 4.78041E-2 4.22195E-2 5.17098E-2 4.30062E-2 5.78932E-2 5.57587E-2 5.06436E-2 4.43007E-2 2.18551E-2 3.43188E-2 2.43235E-2 2.89887E-2 4.35561E-2 2.87521E-2 3.02765E-2 6.02296E-2 4.0609E-2 2.53403E-2 2.57234E-2 2.84951E-2 2.92746E-2 2.93223E-2 3.01818E-2 3.17672E-2
1.9872E-2 1.97719E-2 1.58283E-2 6.72516E-2 1.56134E-2 1.53472E-2 4.51806E-2 5.24647E-2 1.36327E-2 1.46899E-2 1.57712E-2 1.10982E-2 3.53934E-2 1.30439E-2 4.84499E-2 4.01207E-2 5.52335E-2 1.88322E-2 1.99445E-2 2.0367E-2 4.54787E-2 3.21146E-2 2.30524E-2 4.02197E-2 2.01745E-2 6.05721E-2 6.96413E-2 4.80385E-2 6.24944E-2 3.2894E-2 2.71382E-2 6.28303E-2 6.79756E-2 6.61508E-2 6.80967E-2 7.08537E-2 2.47012E-2 5.78606E-2 5.92626E-2 5.06451E-2 6.08119E-2 5.29609E-2 5.7246E-2 5.72109E-2 5.47716E-2 5.08752E-2 4.90577E-2 4.59895E-2 3.91611E-2 2.7271E-2 5.6399E-2 2.68285E-2 2.97358E-2 3.01516E-2 2.80852E-2 2.65642E-2 2.75971E-2 2.73606E-2 2.64338E-2 2.75519E-2 3.05003E-2 3.034E-2
2.2936E-2 2.40935E-2 2.37737E-2 1.90169E-2 1.64748E-2 4.68669E-2 6.19655E-2 1.75308E-2 1.67163E-2 4.69925E-2 1.57623E-2 4.31526E-2 1.25919E-2 4.29596E-2 3.82856E-2 4.9445E-2 2.12971E-2 1.91925E-2 1.65662E-2 5.06958E-2 6.86219E-2 1.86284E-2 2.35892E-2 5.276E-2 2.23109E-2 6.05721E-2 5.05632E-2 5.03552E-2 6.77378E-2 9.79399E-2 3.0902E-2 7.3052E-2 6.31361E-2 5.78545E-2 6.04034E-2 6.23876E-2 2.18176E-2 5.74023E-2 5.63896E-2 6.06479E-2 5.03401E-2 5.6331E-2 4.94406E-2 6.29403E-2 5.64325E-2 5.68565E-2 5.7225E-2 4.90605E-2 2.52601E-2 2.78505E-2 4.63894E-2 2.85526E-2 2.90363E-2 2.99546E-2 4.41839E-2 2.65207E-2 2.93966E-2 2.89887E-2 2.71816E-2 2.7936E-2 2.72541E-2 5.05589E-2
2.79737E-2 3.00607E-2 2.50002E-2 1.81544E-2 1.89372E-2 6.41311E-2 1.97382E-2 1.68229E-2 5.33445E-2 4.51935E-2 1.77282E-2 4.86309E-2 1.23657E-2 3.71327E-2 4.66849E-2 5.97741E-2 2.19193E-2 1.82863E-2 5.68578E-2 2.06753E-2 4.72474E-2 2.40991E-2 5.68361E-2 5.50114E-2 1.92777E-2 2.13166E-2 5.27229E-2 6.69384E-2 4.94775E-2 8.32017E-2 9.20836E-2 3.1293E-2 2.47791E-2 2.28717E-2 2.4375E-2 2.54546E-2 5.68669E-2 5.99709E-2 5.7716E-2 6.12339E-2 5.93126E-2 5.36326E-2 5.0313E-2 6.39552E-2 6.00637E-2 5.86277E-2 5.70625E-2 5.95083E-2 5.02682E-2 2.57624E-2 2.80166E-2 2.96238E-2 2.90159E-2 2.98367E-2 4.41121E-2 2.79888E-2 2.79051E-2 2.9313E-2 2.93611E-2 2.92027E-2 5.0668E-2 5.24018E-2
5.15979E-2 2.69097E-2 1.83146E-2 2.19482E-2 6.34084E-2 2.63187E-2 1.97649E-2 1.67358E-2 2.0051E-2 1.44972E-2 5.55197E-2 1.9219E-2 1.24673E-2 1.30243E-2 4.17725E-2 4.15958E-2 1.76222E-2 1.60543E-2 1.56228E-2 5.78252E-2 2.64671E-2 2.72861E-2 1.99817E-2 4.79584E-2 2.319E-2 2.50221E-2 2.17392E-2 5.60659E-2 6.07956E-2 3.53858E-2 9.08219E-2 3.16236E-2 2.79942E-2 7.48984E-2 2.88689E-2 2.6624E-2 2.1283E-2 6.36485E-2 6.30629E-2 6.32401E-2 6.09195E-2 6.0087E-2 5.99734E-2 6.69942E-2 6.05596E-2 6.21059E-2 6.16049E-2 6.05596E-2 5.34332E-2 2.62778E-2 4.27259E-2 2.83886E-2 4.54114E-2 2.86236E-2 5.39703E-2 2.7695E-2 2.80888E-2 2.89786E-2 2.87421E-2 3.01064E-2 3.03034E-2 5.80984E-2
2.17933E-2 2.31567E-2 1.69654E-2 5.55841E-2 4.79303E-2 1.88069E-2 1.92265E-2 6.49894E-2 1.83069E-2 5.27876E-2 1.98356E-2 1.72228E-2 1.34351E-2 4.3587E-2 5.14286E-2 2.15787E-2 1.94983E-2 1.90852E-2 1.65901E-2 6.37413E-2 2.53233E-2 2.67729E-2 1.88043E-2 4.83535E-2 2.33236E-2 2.54924E-2 4.32358E-2 2.29451E-2 5.60327E-2 5.24326E-2 8.67491E-2 3.17086E-2 7.13633E-2 7.32877E-2 7.13739E-2 6.72529E-2 6.2109E-2 5.78371E-2 6.19619E-2 6.67847E-2 6.29872E-2 6.19619E-2 6.1065E-2 6.60335E-2 5.88245E-2 6.23985E-2 6.48696E-2 6.36225E-2 6.20624E-2 5.54524E-2 4.61691E-2 2.9287E-2 6.13959E-2 3.13649E-2 4.62445E-2 2.96081E-2 2.76753E-2 2.68388E-2 2.61434E-2 2.58447E-2 2.69847E-2 2.49647E-2
2.2733E-2 2.47071E-2 2.21503E-2 3.90761E-2 1.88788E-2 1.72859E-2 2.04605E-2 2.22641E-2 1.64417E-2 6.14377E-2 1.86455E-2 5.12181E-2 1.74432E-2 6.10714E-2 1.82667E-2 1.53438E-2 5.14677E-2 5.34314E-2 1.84187E-2 6.18753E-2 6.87993E-2 2.49669E-2 2.03315E-2 6.66148E-2 2.17298E-2 2.56595E-2 4.60302E-2 2.94831E-2 2.06892E-2 5.60667E-2 7.3514E-2 2.54537E-2 2.2903E-2 2.50648E-2 2.4888E-2 2.27029E-2 6.14755E-2 6.21576E-2 6.21879E-2 6.69659E-2 6.37886E-2 6.08977E-2 6.5673E-2 6.656E-2 6.58868E-2 6.65323E-2 6.48463E-2 6.46358E-2 6.44513E-2 6.08674E-2 5.98886E-2 5.89138E-2 2.99367E-2 2.99367E-2 2.94155E-2 2.93837E-2 2.79625E-2 2.60128E-2 2.54879E-2 4.63652E-2 3.63669E-2 4.34767E-2
2.32756E-2 2.65737E-2 2.22192E-2 1.63237E-2 1.45701E-2 1.68313E-2 4.01733E-2 2.27338E-2 2.06669E-2 2.36563E-2 1.56691E-2 5.08372E-2 6.12368E-2 1.63014E-2 1.62074E-2 1.60685E-2 4.16718E-2 1.99744E-2 2.30758E-2 1.77838E-2 5.01417E-2 2.27267E-2 6.05248E-2 5.07009E-2 2.98988E-2 2.71712E-2 7.3738E-2 2.09792E-2 2.87149E-2 2.42758E-2 6.3318E-2 3.24258E-2 2.87589E-2 2.89469E-2 2.72948E-2 2.61462E-2 6.31471E-2 6.00541E-2 6.21819E-2 6.78415E-2 6.55047E-2 6.48316E-2 6.88396E-2 6.26901E-2 6.16421E-2 6.65323E-2 6.66404E-2 6.32689E-2 6.40907E-2 5.32208E-2 6.30564E-2 5.06518E-2 3.0487E-2 3.05375E-2 4.9444E-2 4.68585E-2 2.93837E-2 5.69705E-2 5.47813E-2 4.5994E-2 2.35151E-2 4.06994E-2
2.80669E-2 2.25368E-2 1.83582E-2 1.24447E-2 1.66023E-2 1.76406E-2 2.15979E-2 2.56035E-2 2.3939E-2 1.44424E-2 5.30842E-2 6.804E-2 1.71886E-2 1.67778E-2 5.62168E-2 2.22461E-2 1.3004E-2 5.40678E-2 6.69813E-2 2.12541E-2 5.19037E-2 2.3446E-2 5.4268E-2 5.20828E-2 2.76803E-2 2.258E-2 5.34047E-2 3.00356E-2 3.66305E-2 2.42362E-2 6.66735E-2 2.99737E-2 2.70187E-2 2.61286E-2 6.7339E-2 6.65778E-2 6.91792E-2 6.40358E-2 6.3119E-2 7.38593E-2 7.31193E-2 7.80981E-2 7.8352E-2 7.59291E-2 7.20559E-2 7.43831E-2 7.53568E-2 6.37821E-2 6.90666E-2 6.10197E-2 6.08212E-2 4.81444E-2 3.11885E-2 5.12982E-2 5.04034E-2 4.75521E-2 5.48563E-2 2.8881E-2 5.55799E-2 4.76546E-2 2.34141E-2 4.72714E-2
2.69231E-2 2.06622E-2 2.35526E-2 1.56884E-2 1.70127E-2 1.96515E-2 4.22443E-2 2.576E-2 2.32376E-2 2.23996E-2 6.45896E-2 1.77668E-2 1.82057E-2 1.24931E-2 5.59053E-2 5.06318E-2 1.81754E-2 4.72021E-2 6.97719E-2 7.57747E-2 2.18523E-2 2.17777E-2 6.68726E-2 5.29876E-2 2.56618E-2 2.39024E-2 7.38394E-2 5.83441E-2 6.59442E-2 2.61539E-2 7.14233E-2 3.45018E-2 2.09248E-2 4.46199E-2 2.26744E-2 6.26954E-2 7.38166E-2 7.94169E-2 6.23629E-2 6.63765E-2 6.77388E-2 7.01829E-2 7.7925E-2 7.55189E-2 7.46644E-2 7.07572E-2 7.09881E-2 6.91606E-2 6.82552E-2 6.73698E-2 6.71502E-2 6.5098E-2 5.49689E-2 5.79854E-2 6.54324E-2 5.9799E-2 5.97187E-2 5.0749E-2 4.73607E-2 2.16128E-2 2.27915E-2 3.83802E-2
2.51885E-2 2.53158E-2 2.66983E-2 1.74449E-2 1.51614E-2 1.86997E-2 6.36652E-2 2.40615E-2 6.08386E-2 4.13867E-2 1.88224E-2 1.74264E-2 2.28198E-2 1.77506E-2 1.9141E-2 4.58653E-2 2.03315E-2 1.84909E-2 5.44057E-2 8.3382E-2 2.44972E-2 4.65242E-2 8.00977E-2 2.28099E-2 2.15183E-2 6.12354E-2 5.99663E-2 2.18396E-2 2.07698E-2 8.54759E-2 7.60031E-2 2.95816E-2 2.23273E-2 2.27806E-2 6.67065E-2 7.24207E-2 7.1367E-2 7.8241E-2 2.85767E-2 6.95934E-2 6.32875E-2 7.03781E-2 7.53386E-2 7.72071E-2 7.57648E-2 7.29807E-2 7.25071E-2 7.39394E-2 7.02974E-2 7.22739E-2 7.04121E-2 6.81526E-2 5.55916E-2 7.37366E-2 6.58592E-2 5.92364E-2 5.74277E-2 4.9951E-2 4.73728E-2 2.06925E-2 2.23258E-2 2.50201E-2
2.83243E-2 2.90563E-2 2.93019E-2 2.13246E-2 1.35324E-2 1.85865E-2 2.56469E-2 1.96973E-2 1.94075E-2 1.73661E-2 1.61012E-2 1.70908E-2 5.51824E-2 5.5365E-2 6.52545E-2 2.05821E-2 1.84036E-2 7.12576E-2 2.33091E-2 8.15551E-2 7.43529E-2 7.64654E-2 2.86873E-2 2.67747E-2 2.27016E-2 2.53841E-2 2.64156E-2 2.50138E-2 2.74887E-2 8.14224E-2 2.9517E-2 2.68552E-2 3.33389E-2 2.39262E-2 7.17583E-2 7.11687E-2 6.97831E-2 7.56316E-2 7.94514E-2 7.14868E-2 6.44042E-2 6.42644E-2 7.13064E-2 7.37997E-2 7.60807E-2 7.70811E-2 7.68299E-2 7.62051E-2 7.62286E-2 7.50927E-2 7.02974E-2 7.18989E-2 7.07597E-2 7.62973E-2 6.59975E-2 6.83835E-2 6.1377E-2 5.05487E-2 4.99809E-2 6.15346E-2 3.96854E-3 2.42169E-2
2.87786E-2 3.14638E-2 3.0214E-2 2.28788E-2 2.09632E-2 2.25863E-2 2.95051E-2 2.63444E-2 2.4645E-2 2.20611E-2 2.14787E-2 1.41552E-2 1.76974E-2 1.74018E-2 2.51447E-2 2.01451E-2 2.15495E-2 6.52353E-2 5.32999E-2 6.04707E-2 2.08029E-2 6.12499E-2 2.2223E-2 2.18181E-2 2.28601E-2 7.79698E-2 8.42447E-2 6.20423E-2 5.58337E-2 8.58682E-2 3.03422E-2 2.86867E-2 2.77155E-2 3.58706E-2 6.81068E-2 7.09559E-2 7.52381E-2 7.80041E-2 8.00769E-2 7.21071E-2 6.65689E-2 6.34512E-2 6.92122E-2 7.31887E-2 7.35488E-2 7.36791E-2 7.30691E-2 7.22368E-2 7.90416E-2 7.57088E-2 7.52156E-2 7.3034E-2 7.40189E-2 7.23917E-2 6.66333E-2 5.71929E-2 6.57929E-2 5.21165E-2 4.00189E-2 4.83111E-2 1.0527E-2 2.19482E-2
