day_2/Results/Podomys_floridanus/projections/PaleoClim/-4000/RUN_3.asc
ncols         385
nrows         252
xllcorner     -91.50013924285
yllcorner     25.49986064915003
cellsize      0.041666666500000005
NODATA_value  -9999
[rows 0 to 27 of 252, columns 124 to 185 of 385]
1.31261E-3 1.12655E-3 1.31261E-3 1.12655E-3 2.23833E-3 2.21193E-3 2.72088E-3 2.83683E-3 2.72088E-3 5.42322E-3 3.37145E-3 4.1842E-3 1.08303E-2 1.17845E-2 3.27194E-3 3.44798E-3 5.07363E-3 1.36333E-2 1.54279E-2 1.3354E-2 4.37477E-3 1.36333E-2 1.95765E-2 7.36391E-3 5.18993E-3 3.27951E-3 3.50819E-3 1.00813E-2 5.05769E-3 7.49247E-3 2.47315E-2 2.38149E-2 5.68015E-3 5.89419E-3 4.46869E-3 2.66768E-2 2.83536E-2 4.58472E-3 3.38989E-3 1.95119E-2 2.59421E-2 2.6986E-2 2.84073E-2 7.48608E-3 1.57274E-2 4.45545E-3 1.86962E-2 1.80779E-2 1.28898E-2 1.11959E-2 1.86962E-2 2.0213E-2 1.80779E-2 1.66994E-2 2.43355E-2 2.29162E-2 6.36029E-3 6.88288E-3 7.89233E-3 9.40145E-3 8.8705E-3 1.63719E-2
5.46146E-3 6.5487E-3 6.18575E-3 5.34402E-3 2.71855E-3 2.66647E-3 1.25459E-2 5.65514E-3 1.25459E-2 1.35694E-2 1.38505E-2 9.33077E-3 1.15357E-2 1.17845E-2 6.25769E-3 1.4427E-2 3.23581E-3 3.67339E-3 4.437E-3 1.51202E-2 6.65257E-3 1.64069E-2 7.36401E-3 3.98404E-3 3.18845E-3 3.46216E-3 4.33155E-3 6.89833E-3 5.28166E-3 8.53146E-3 2.29949E-2 2.29949E-2 2.34629E-2 2.28081E-2 2.32754E-2 5.97282E-3 1.67929E-3 3.24787E-3 1.95119E-2 2.60908E-2 2.16688E-2 8.79549E-3 1.90931E-2 8.54798E-3 1.95537E-2 1.7034E-2 1.11832E-2 1.7034E-2 1.21393E-2 7.74611E-3 1.11832E-2 1.6047E-2 2.03078E-2 1.33997E-2 1.42325E-2 9.36691E-3 7.89233E-3 7.89233E-3 7.89233E-3 8.69981E-3 9.37779E-3 9.21733E-3
3.01095E-3 2.66407E-3 5.13033E-3 1.43238E-3 1.23089E-3 2.89946E-3 2.48881E-3 9.94517E-3 1.48176E-2 1.50624E-2 5.43257E-3 1.27472E-2 1.38505E-2 5.7692E-3 6.65257E-3 7.65638E-3 1.7068E-2 4.8238E-3 3.59284E-3 1.45044E-2 7.65638E-3 4.62508E-3 4.90829E-3 3.67113E-3 2.89871E-3 6.89833E-3 8.05427E-3 2.25886E-2 6.56887E-3 9.3672E-3 1.95239E-2 2.26548E-2 1.49479E-2 1.0568E-2 2.54967E-2 2.77443E-3 5.65151E-3 5.58354E-3 6.62936E-3 5.6022E-3 2.15342E-2 1.66994E-2 5.46327E-3 8.21517E-3 1.95537E-2 2.14325E-2 9.23493E-3 9.40145E-3 1.84336E-2 6.88288E-3 1.42325E-2 9.53077E-3 1.45289E-2 1.45289E-2 1.54245E-2 1.54245E-2 8.52293E-3 9.55137E-3 1.72706E-2 8.36794E-3 7.74611E-3 2.48345E-2
6.18575E-3 3.40052E-3 7.71567E-3 3.2001E-3 1.62654E-3 2.29308E-3 2.60937E-3 3.09184E-3 3.43383E-3 4.18025E-3 1.85765E-2 1.35694E-2 1.47367E-2 1.42111E-2 1.59909E-2 6.65257E-3 1.76777E-2 1.48026E-2 4.16705E-3 1.57407E-2 7.65638E-3 1.54279E-2 5.58354E-3 4.58028E-3 4.58028E-3 6.76094E-3 8.55507E-3 7.47762E-3 2.02338E-2 5.55636E-3 2.29949E-2 1.42913E-2 8.96563E-3 2.3116E-2 3.87415E-3 3.42897E-3 2.16632E-2 5.6022E-3 5.72923E-3 1.77278E-2 1.66994E-2 2.19884E-2 1.84336E-2 2.27208E-2 5.69149E-3 5.24968E-3 1.7034E-2 1.39412E-2 1.42325E-2 1.69338E-2 5.01104E-3 1.62788E-2 8.04074E-3 6.74407E-3 7.15257E-3 7.58439E-3 8.04074E-3 7.58439E-3 1.45289E-2 2.20299E-2 2.68902E-2 2.94942E-2
7.14624E-3 3.2001E-3 8.20284E-3 3.13827E-3 3.40052E-3 8.55049E-3 3.69662E-3 6.80594E-3 1.28095E-2 1.97831E-2 1.39228E-2 6.01645E-3 1.66726E-2 1.64069E-2 1.36333E-2 6.78204E-3 1.87813E-2 1.57407E-2 2.24942E-2 8.50157E-3 1.01605E-2 1.16179E-2 1.72787E-2 3.20773E-2 3.09038E-2 3.0126E-2 4.05295E-3 3.73497E-3 5.05769E-3 4.49132E-3 1.8974E-2 1.67469E-2 2.0939E-3 1.84159E-2 1.94497E-2 2.12181E-2 1.17352E-2 2.24208E-2 1.5413E-2 8.06462E-3 1.95537E-2 2.33097E-2 2.33097E-2 9.23493E-3 2.05976E-2 4.37502E-3 3.14395E-3 3.87088E-3 4.47023E-3 1.48303E-2 1.62788E-2 1.67022E-2 7.15257E-3 1.03277E-2 8.36794E-3 8.04074E-3 7.15257E-3 8.52293E-3 8.52293E-3 1.77195E-2 7.44234E-3 8.69981E-3
8.07722E-3 7.91722E-3 3.47813E-3 3.27194E-3 3.7101E-3 1.54279E-2 4.43328E-3 1.20277E-2 1.12913E-2 1.15357E-2 1.30794E-2 1.3354E-2 1.42111E-2 1.74443E-2 9.60683E-3 2.1186E-2 8.00804E-3 9.18104E-3 7.99553E-3 8.82914E-3 8.91125E-3 2.9808E-2 1.2365E-2 5.68515E-3 6.88634E-3 1.51582E-2 2.31277E-2 2.17053E-2 6.81257E-3 3.82451E-3 4.46065E-3 2.66133E-2 3.17008E-3 6.62248E-3 2.16754E-2 2.16632E-2 6.1033E-3 7.60205E-3 1.02364E-2 1.08573E-2 1.22073E-2 2.03489E-2 2.03489E-2 1.9834E-2 8.8705E-3 7.89233E-3 1.07454E-2 1.86768E-2 1.574E-2 8.04074E-3 1.77195E-2 7.15257E-3 7.58439E-3 1.72706E-2 7.01668E-3 9.03231E-3 8.8537E-3 7.01668E-3 8.8537E-3 8.8537E-3 1.27587E-2 8.08704E-3
3.83766E-3 7.2956E-3 6.38138E-3 4.11007E-3 7.83753E-3 1.88471E-2 1.20277E-2 1.28095E-2 1.47367E-2 1.25459E-2 1.42111E-2 1.74443E-2 1.85435E-2 2.00847E-2 7.54172E-3 2.10292E-2 2.17618E-2 1.01605E-2 9.41411E-3 1.99792E-2 9.30377E-3 2.62408E-2 1.45737E-2 7.68634E-3 5.85344E-3 2.45584E-2 2.30531E-2 2.16351E-2 3.57817E-3 5.58354E-3 7.96101E-3 1.07238E-2 3.87415E-3 2.39525E-2 2.16632E-2 7.70717E-3 1.80779E-2 7.20945E-3 1.07808E-2 7.74567E-3 5.92237E-3 4.83824E-3 1.57274E-2 8.71097E-3 2.0213E-2 8.36794E-3 8.36794E-3 9.03231E-3 8.04074E-3 6.61411E-3 1.23895E-2 1.62788E-2 1.574E-2 1.36825E-2 1.21275E-2 6.61411E-3 7.89233E-3 8.8705E-3 9.21733E-3 1.07793E-2 1.01509E-2 1.87833E-2
4.25756E-3 8.77374E-3 3.02196E-3 4.43328E-3 1.64455E-2 1.36393E-2 1.36393E-2 1.56764E-2 9.42303E-3 7.37448E-3 1.89035E-2 1.89035E-2 2.00847E-2 1.15607E-2 9.57622E-3 9.19522E-3 2.06515E-2 3.17245E-2 1.03111E-2 8.93557E-3 1.13234E-2 2.56439E-2 1.12845E-2 2.51355E-2 6.38515E-3 2.46379E-2 2.02999E-2 4.91801E-3 1.75678E-2 9.66531E-3 9.66035E-3 4.02604E-3 7.33386E-3 2.29605E-2 9.30612E-3 4.54503E-3 9.64907E-3 9.2728E-3 1.23354E-2 6.04292E-3 5.35949E-3 4.28154E-3 1.80779E-2 1.6047E-2 1.79667E-2 1.51141E-2 7.89233E-3 1.51141E-2 1.41602E-2 7.99282E-3 1.51369E-2 3.80619E-3 4.92552E-3 1.53409E-2 1.62788E-2 1.45289E-2 1.7374E-2 1.40852E-2 1.192E-2 1.34304E-2 1.32083E-2 1.47761E-2
3.09184E-3 1.36333E-2 1.02879E-2 3.22276E-3 6.43924E-3 1.30794E-2 1.66726E-2 7.37448E-3 7.27194E-3 7.27194E-3 7.40587E-3 7.40587E-3 9.02378E-3 1.2278E-2 8.71541E-3 9.02378E-3 6.33909E-3 9.71638E-3 3.1697E-2 6.88634E-3 7.11525E-3 2.33399E-2 2.83533E-2 2.89967E-2 8.56264E-3 6.18208E-3 5.37038E-3 1.79516E-2 9.11606E-3 3.64675E-2 4.95596E-3 5.52228E-3 1.74884E-2 1.1886E-2 6.11446E-3 3.81085E-3 9.2728E-3 9.83638E-3 5.35949E-3 9.83638E-3 6.41485E-3 8.28722E-3 4.55181E-3 1.6047E-2 1.90588E-2 1.79667E-2 1.51141E-2 1.18702E-2 5.87362E-3 6.74407E-3 1.47529E-2 1.42631E-2 1.60609E-2 1.39703E-2 1.62788E-2 1.01318E-2 3.06843E-2 4.17674E-3 1.33513E-2 2.23989E-2 1.89061E-2 1.04028E-2
3.44798E-3 7.2956E-3 6.93012E-3 3.99042E-3 4.52833E-3 1.60842E-2 1.71061E-2 2.16837E-2 2.04111E-2 2.09407E-2 2.13352E-2 8.50157E-3 9.42099E-3 8.18228E-3 7.83753E-3 1.85435E-2 3.92241E-3 3.54639E-3 6.02255E-3 2.73139E-2 7.0092E-3 2.48728E-2 2.38149E-2 2.54964E-2 2.46379E-2 5.08555E-3 1.68543E-2 4.56472E-3 1.04837E-2 4.36679E-3 4.53639E-3 4.8215E-3 4.09952E-3 1.30969E-2 8.56863E-3 7.75952E-3 1.0631E-2 1.00266E-2 3.47808E-3 1.16408E-2 7.80854E-3 5.57641E-3 4.28154E-3 1.762E-2 1.7034E-2 1.6047E-2 1.51141E-2 1.41602E-2 1.53409E-2 7.15257E-3 6.87609E-3 1.45609E-2 1.3437E-2 1.51369E-2 1.77195E-2 5.75346E-3 4.54559E-3 9.55815E-3 2.34529E-2 1.83991E-2 1.89061E-2 1.072E-2
6.5813E-3 9.5079E-3 1.74443E-2 1.60842E-2 5.99504E-3 1.70023E-2 1.74443E-2 1.60842E-2 1.97078E-2 7.86596E-3 8.86857E-3 9.57622E-3 1.17692E-2 3.45096E-2 1.06018E-2 9.02378E-3 3.17285E-2 7.84878E-3 4.33155E-3 7.47762E-3 9.85363E-3 5.76615E-3 5.05769E-3 2.16351E-2 4.14897E-3 1.64893E-2 4.56472E-3 1.77962E-2 4.41281E-3 3.91592E-3 1.12057E-2 3.14917E-3 1.75276E-2 7.60333E-3 8.73981E-3 1.0631E-2 1.0631E-2 9.2728E-3 1.16408E-2 1.7374E-2 1.84336E-2 4.11562E-3 6.01565E-3 1.42325E-2 1.42325E-2 1.0128E-2 1.11689E-2 1.62788E-2 1.53409E-2 1.47529E-2 7.29058E-3 6.87609E-3 7.29058E-3 1.79606E-2 5.51832E-3 6.15224E-3 1.80426E-2 3.26043E-3 2.99517E-3 6.95672E-3 1.93435E-3 1.6082E-4
8.07722E-3 3.67339E-3 3.37145E-3 3.82806E-3 6.12093E-3 1.74443E-2 7.37188E-3 1.64069E-2 2.09407E-2 2.2246E-2 9.41411E-3 1.33558E-2 3.26664E-2 3.03204E-2 1.82824E-2 1.06018E-2 6.07474E-3 4.8072E-3 6.38515E-3 5.05769E-3 5.93274E-3 2.09678E-2 4.91801E-3 3.63241E-3 4.60064E-3 7.77007E-3 2.33551E-2 7.52108E-3 3.56585E-3 2.84836E-3 4.03971E-3 1.25803E-2 8.07233E-3 7.75952E-3 1.00266E-2 1.00266E-2 2.6901E-3 3.032E-3 4.7498E-3 6.52464E-3 4.11562E-3 1.48303E-2 4.37502E-3 3.64002E-3 3.21702E-3 2.954E-3 1.21275E-2 1.48303E-2 1.62788E-2 6.74407E-3 5.99233E-3 1.70379E-2 1.67022E-2 7.01668E-3 2.5837E-2 1.13605E-2 2.78225E-2 3.00678E-3 4.07127E-4 8.02338E-5 1.08738E-4 8.78046E-4
9.12248E-3 9.12248E-3 1.60586E-2 4.16705E-3 1.57407E-2 1.89035E-2 1.89035E-2 1.89035E-2 1.31793E-2 1.85435E-2 1.58785E-2 1.49757E-2 8.55507E-3 2.79416E-2 9.2387E-3 1.14039E-2 1.22978E-2 4.07926E-3 4.73547E-3 6.15502E-3 4.69077E-3 8.66081E-3 1.50466E-2 2.87395E-3 3.66989E-3 2.29719E-2 4.41281E-3 3.25644E-3 4.22978E-3 4.13676E-3 1.18318E-2 3.38541E-3 8.23588E-3 1.02198E-2 1.08328E-2 2.8562E-3 9.45474E-3 3.9573E-3 7.30932E-3 4.85148E-3 1.39703E-2 6.66056E-3 4.20634E-3 3.9573E-3 5.23391E-3 1.51369E-2 1.574E-2 1.574E-2 1.53409E-2 5.64691E-3 7.15257E-3 7.58439E-3 1.03154E-2 2.7425E-2 5.81946E-3 2.21606E-2 9.5788E-3 1.86797E-2 1.51353E-3 1.1342E-3 7.31116E-4 3.48716E-3
9.69198E-3 1.9269E-2 1.7788E-2 7.65638E-3 1.9269E-2 7.07123E-3 1.7788E-2 1.7788E-2 1.89035E-2 5.3504E-3 4.77889E-3 5.36164E-3 4.169E-3 5.64048E-3 8.11679E-3 1.98796E-2 2.83144E-2 2.90461E-2 5.98342E-3 5.32026E-3 2.00854E-3 2.73739E-3 2.79795E-3 7.66849E-3 1.27105E-2 5.95356E-3 3.00036E-3 4.00358E-3 4.21118E-3 6.56717E-3 6.6018E-3 6.88393E-3 9.63957E-3 9.63957E-3 2.38501E-3 2.38501E-3 1.82938E-3 2.7341E-3 5.64076E-3 2.96648E-3 3.14988E-3 4.29876E-3 3.5805E-3 7.02873E-3 9.63957E-3 1.91618E-2 4.7498E-3 3.9573E-3 3.50063E-3 6.3577E-3 4.11562E-3 2.79715E-2 7.38242E-3 9.1629E-3 2.35826E-3 1.57577E-3 6.01073E-3 1.09277E-2 1.86758E-2 4.75209E-3 5.04408E-3 1.18123E-2
1.26433E-2 4.72356E-3 1.48026E-2 1.67348E-2 1.81371E-2 1.7068E-2 5.46093E-3 1.57407E-2 1.9269E-2 7.67036E-3 3.51982E-3 3.57204E-3 3.81759E-3 5.13429E-3 7.2672E-3 8.2923E-3 5.60589E-3 1.58041E-2 5.98342E-3 2.52538E-3 2.35924E-3 2.45667E-3 4.73835E-3 4.54503E-3 7.37017E-3 2.23369E-3 2.77255E-3 3.60615E-3 8.89051E-3 3.45134E-3 6.48207E-3 9.95991E-3 1.05574E-2 2.29368E-3 7.61529E-3 1.9127E-3 2.15931E-3 7.17606E-3 2.79326E-3 2.96648E-3 1.9127E-3 4.71014E-3 7.61529E-3 9.09054E-3 5.58485E-3 4.47023E-3 4.20634E-3 1.39703E-2 6.74407E-3 1.09501E-2 7.81025E-3 7.08969E-3 5.23927E-3 3.28128E-3 2.31088E-3 6.70457E-4 2.1305E-4 1.35409E-4 5.21503E-3 2.79942E-3 5.18469E-4 4.01039E-4
3.526E-3 3.99914E-3 1.42066E-2 4.9258E-3 4.5324E-3 5.99696E-3 4.62953E-3 4.9258E-3 1.84917E-2 1.31591E-2 5.10035E-3 6.58073E-3 4.01668E-3 3.68746E-3 4.73547E-3 5.25119E-3 4.03549E-3 2.35924E-3 1.6674E-2 2.08912E-3 2.96452E-3 2.65437E-3 3.52426E-3 8.64155E-3 2.96452E-3 2.87395E-3 2.95652E-3 2.17893E-3 6.64524E-3 8.02626E-3 4.79361E-3 6.74388E-3 2.5866E-3 8.57114E-3 9.39438E-3 6.76089E-3 2.85349E-3 2.68711E-3 3.02962E-3 5.42566E-3 2.68711E-3 7.32595E-3 7.7722E-3 2.48782E-3 4.56719E-3 1.7374E-2 6.88288E-3 1.8319E-2 7.89233E-3 2.89282E-2 9.37546E-3 6.23951E-3 3.13421E-3 5.72869E-4 4.19129E-4 7.44586E-5 7.59273E-5 1.08708E-3 9.53141E-3 1.91002E-2 2.20629E-3 1.01154E-3
3.60552E-3 3.60552E-3 4.35026E-3 6.12327E-3 1.36385E-2 1.54141E-2 1.84917E-2 2.12499E-2 8.43644E-3 1.12887E-2 1.96402E-2 1.10873E-2 7.68106E-3 5.81258E-3 4.31131E-3 6.19134E-3 1.68209E-2 1.65431E-3 1.15839E-3 1.84301E-3 1.51064E-3 2.94604E-3 1.18972E-2 3.07209E-3 3.07209E-3 2.79795E-3 3.02064E-3 8.13281E-3 7.87378E-3 7.71678E-3 9.09054E-3 2.74605E-3 7.02873E-3 9.09054E-3 6.62025E-3 8.03423E-3 7.17606E-3 8.24407E-3 2.58576E-3 2.07743E-3 5.99781E-3 8.24407E-3 2.39352E-3 9.8273E-3 6.4963E-3 2.31761E-3 6.48619E-3 1.86962E-2 5.75346E-3 5.85871E-3 2.3045E-2 6.68199E-3 6.43775E-3 2.66277E-3 5.37358E-4 2.38039E-5 1.67302E-5 6.05864E-4 4.38663E-3 1.28137E-2 8.02662E-3 2.68573E-3
3.68658E-3 4.44439E-3 3.92434E-3 6.25179E-3 8.23986E-3 9.30101E-3 5.80389E-3 2.00171E-2 8.29818E-3 9.34038E-3 3.64675E-2 1.21996E-2 4.19011E-3 2.82016E-3 2.84836E-3 4.17645E-3 7.79532E-3 4.03971E-3 1.23497E-3 2.29017E-3 6.43821E-3 4.11742E-3 5.02204E-3 2.96452E-3 2.75616E-3 7.18918E-3 2.54792E-3 8.36391E-3 3.12668E-3 3.18887E-3 8.07986E-3 1.42913E-3 2.38501E-3 5.74411E-3 5.52555E-3 7.7722E-3 7.32595E-3 7.7722E-3 7.93178E-3 1.6672E-3 7.47844E-3 7.47844E-3 9.45263E-3 4.36703E-3 2.47535E-3 1.33997E-2 7.81025E-3 4.26416E-3 5.85871E-3 4.93101E-3 9.4643E-4 2.17924E-3 1.71068E-3 8.42032E-4 4.3156E-4 3.68004E-5 5.98443E-5 1.33049E-4 5.15772E-3 9.15535E-4 4.95122E-4 1.12979E-3
1.97149E-3 2.27984E-3 7.91109E-3 8.40517E-3 9.48235E-3 8.92839E-3 5.80389E-3 6.04658E-3 6.0865E-3 2.40378E-2 5.56953E-3 4.47524E-3 2.80264E-3 3.29402E-3 2.62068E-3 2.80264E-3 4.49486E-3 1.51837E-2 2.11551E-3 3.13622E-3 4.19385E-3 6.73992E-3 1.36132E-3 2.96452E-3 4.93645E-3 1.48645E-3 9.16371E-3 6.10252E-3 1.75962E-3 8.52043E-3 2.15931E-3 7.17606E-3 3.09439E-3 6.23433E-3 3.06657E-3 6.36853E-3 2.52997E-3 7.1394E-3 6.12817E-3 4.01994E-3 8.411E-3 5.17831E-3 1.60609E-2 4.09966E-3 1.53409E-2 4.37502E-3 4.57682E-3 2.8222E-3 4.26416E-3 2.02563E-3 3.7086E-3 4.01526E-4 5.92271E-4 9.99399E-4 3.10532E-4 2.39258E-4 2.02326E-4 3.19384E-4 4.17671E-4 8.56515E-4 1.19692E-3 6.24839E-4
9.10433E-3 3.84366E-3 2.74001E-3 8.92839E-3 4.22774E-3 6.10849E-3 2.23915E-2 7.97863E-3 5.57333E-3 4.21118E-3 2.80264E-3 1.35125E-2 2.32354E-2 4.23584E-3 3.31929E-3 2.65437E-3 4.03971E-3 1.47994E-2 1.7744E-3 3.06548E-3 9.64907E-3 2.11551E-3 2.11551E-3 1.65691E-3 1.12168E-3 1.05039E-2 2.67007E-3 7.61529E-3 8.24407E-3 2.34315E-3 2.07743E-3 2.48782E-3 1.34297E-3 6.36853E-3 7.7722E-3 6.76089E-3 5.64761E-3 6.12817E-3 6.87013E-3 4.34952E-3 8.411E-3 7.61529E-3 1.63189E-3 4.54572E-3 7.58439E-3 1.6047E-2 2.29162E-2 4.47045E-3 1.59431E-2 2.04052E-2 3.2153E-3 1.9455E-3 3.90456E-3 2.15634E-3 1.28757E-3 1.53592E-3 3.37141E-4 2.63382E-3 1.82831E-2 2.04959E-2 1.85722E-2 1.89998E-3
1.04571E-2 2.42437E-3 2.74001E-3 8.64155E-3 1.14929E-2 8.44625E-3 4.67669E-3 9.5018E-3 2.74829E-2 5.4776E-3 5.35539E-3 3.51982E-3 4.74584E-3 5.99449E-3 3.83911E-3 4.23584E-3 2.3226E-3 1.14532E-2 5.49957E-3 4.2714E-3 3.66046E-3 1.7744E-3 2.68194E-3 1.65814E-3 2.47535E-3 1.74167E-2 3.25206E-3 1.95556E-3 7.7722E-3 7.32595E-3 3.31628E-3 2.41257E-3 5.52555E-3 7.57433E-3 2.68711E-3 1.5924E-3 1.4975E-3 5.97203E-3 2.78133E-3 7.72986E-3 1.95556E-3 1.61761E-3 6.85394E-3 1.54245E-2 2.11278E-2 6.51972E-3 5.66309E-4 2.31678E-3 2.97547E-3 3.16576E-3 1.85091E-3 3.23319E-3 5.40327E-3 2.25014E-3 3.41979E-3 1.43829E-3 3.79925E-3 4.71825E-3 1.73107E-3 6.07789E-4 2.90518E-4 1.60532E-4
1.00005E-2 9.66653E-3 1.02614E-2 6.55469E-3 8.11822E-3 7.84387E-3 3.09303E-2 6.20955E-3 5.23553E-3 8.43644E-3 4.41382E-3 4.03971E-3 6.05852E-3 2.06518E-2 1.23167E-2 1.89845E-3 3.8141E-3 5.84595E-3 3.80221E-3 4.28154E-3 2.64333E-3 3.43098E-3 1.13693E-2 3.74117E-3 6.23433E-3 6.58868E-3 7.7722E-3 6.12817E-3 2.25454E-3 1.79967E-3 3.06657E-3 1.29237E-3 6.76089E-3 7.32595E-3 1.3236E-3 5.43542E-3 1.44152E-3 5.77195E-3 7.47844E-3 7.28802E-3 2.07743E-3 4.5782E-3 1.67022E-2 5.61218E-3 3.29614E-3 1.45704E-3 1.71286E-4 2.62644E-3 3.24879E-3 7.49295E-4 6.18495E-4 1.86498E-3 2.96211E-3 2.43095E-3 5.07345E-3 6.17403E-4 4.65312E-3 4.26416E-3 7.71283E-4 6.30182E-4 4.92722E-4 3.89607E-4
1.02614E-2 4.38414E-3 4.3051E-3 6.42695E-3 4.81867E-3 4.90829E-3 4.49486E-3 5.95356E-3 1.97996E-2 2.28774E-2 6.12327E-3 3.54455E-3 6.50675E-3 6.89534E-3 3.59217E-3 3.35395E-3 6.34633E-3 4.2714E-3 8.73981E-3 4.18975E-3 1.48089E-2 3.57696E-3 4.43763E-3 7.68458E-3 3.9389E-3 4.52061E-3 5.77195E-3 7.04967E-3 2.25454E-3 1.40799E-3 6.36853E-3 2.32939E-3 5.64761E-3 1.5924E-3 1.75566E-3 6.26091E-3 2.20679E-3 5.23274E-3 1.88214E-3 2.74561E-3 2.96648E-3 3.64002E-3 5.19129E-3 5.2817E-3 2.66691E-3 1.91806E-3 3.29614E-3 2.8222E-3 3.43754E-3 2.54139E-4 2.19485E-4 1.18529E-3 7.52016E-4 6.26775E-4 6.5805E-4 8.07987E-4 2.54918E-3 5.2817E-3 3.09244E-3 4.07008E-4 4.42574E-3 2.01832E-3
1.19492E-2 1.16863E-2 7.0211E-3 6.05852E-3 1.84917E-2 5.6022E-3 5.70979E-3 4.31146E-3 7.04706E-3 6.05852E-3 1.60462E-2 3.72073E-3 4.06623E-3 2.86447E-3 4.06621E-3 3.80221E-3 4.88058E-3 4.88058E-3 4.19385E-3 3.70287E-3 4.06621E-3 5.0362E-3 1.18702E-2 8.02626E-3 1.33118E-2 6.50515E-3 3.57209E-3 7.47844E-3 7.04967E-3 1.53274E-3 1.21435E-3 5.64761E-3 1.4975E-3 1.35549E-3 5.11756E-3 5.89861E-3 4.92717E-3 6.39607E-3 2.30348E-3 1.95556E-3 2.6692E-3 5.06817E-3 3.04889E-3 1.2637E-4 4.7009E-3 1.09673E-3 1.59431E-2 4.47045E-3 1.72691E-3 1.60397E-4 3.12556E-4 4.77706E-4 2.06434E-3 2.58783E-3 4.896E-4 5.02086E-4 5.35625E-4 1.63112E-3 2.73607E-4 2.88086E-4 1.3103E-3 3.41979E-3
6.87162E-3 9.98308E-3 1.8731E-2 1.51058E-2 1.88518E-2 1.11788E-2 5.96964E-3 9.09578E-3 1.45006E-2 1.69427E-2 1.73832E-2 4.44022E-3 7.51823E-3 1.09281E-2 4.10571E-3 4.88058E-3 4.32732E-3 1.73832E-2 5.36362E-3 1.54777E-2 9.44948E-3 1.09281E-2 5.08427E-3 3.14426E-3 1.33118E-2 5.64761E-3 3.19039E-3 7.47844E-3 6.64422E-3 1.99924E-3 1.3236E-3 2.10927E-3 1.27436E-3 1.48427E-2 6.78578E-3 1.42128E-3 6.02761E-3 6.78578E-3 2.12325E-3 3.02349E-3 5.44259E-3 5.52725E-3 3.17556E-3 3.13271E-4 3.807E-3 7.02138E-3 2.65639E-3 5.19129E-3 2.37915E-3 2.47535E-3 3.39356E-4 9.23845E-4 8.54132E-4 2.43095E-3 3.75042E-3 1.06728E-3 2.25989E-4 2.08608E-3 1.69778E-3 3.20822E-4 3.90868E-4 5.27616E-4
6.31331E-3 4.81867E-3 6.76378E-3 5.0456E-3 1.77506E-2 8.83268E-3 2.38374E-2 7.0211E-3 1.66121E-2 3.52426E-3 9.2728E-3 3.8141E-3 6.6018E-3 3.80221E-3 4.51188E-3 1.28864E-2 3.90456E-3 5.12459E-3 2.10891E-2 9.345E-3 3.45134E-3 4.79495E-3 4.06621E-3 8.32849E-3 6.58868E-3 1.79971E-2 2.94984E-3 7.04967E-3 1.62943E-3 5.43542E-3 1.53274E-3 4.10621E-3 1.47574E-3 1.73115E-2 2.25699E-3 4.74527E-3 6.92986E-3 1.96782E-3 1.4975E-3 3.94219E-3 5.19129E-3 3.27296E-3 2.6105E-4 2.04024E-4 4.7009E-3 4.41197E-3 7.75018E-4 1.91815E-3 4.57682E-3 2.96895E-3 3.29614E-3 2.42974E-4 3.25692E-4 1.64122E-3 6.17403E-4 3.29614E-3 1.72196E-3 6.92686E-5 1.44783E-4 6.85462E-4 1.10752E-4 4.28102E-4
4.23584E-3 1.36385E-2 1.79877E-2 2.24678E-2 2.29719E-2 5.83848E-3 1.99449E-2 7.32035E-3 8.23448E-3 7.44974E-3 8.23588E-3 2.19737E-3 4.35007E-3 4.51188E-3 6.78394E-3 5.94925E-3 5.24293E-3 5.94673E-3 4.26416E-3 1.58267E-2 4.69571E-3 5.37706E-3 5.30907E-3 1.04554E-2 1.5776E-2 2.78133E-3 8.19694E-3 2.74561E-3 5.11756E-3 2.15755E-3 5.89861E-3 1.44152E-3 9.9335E-3 2.29003E-3 1.54631E-3 5.1532E-3 6.67377E-3 2.26591E-3 1.53274E-3 3.46322E-3 2.28076E-3 8.58372E-4 2.05238E-4 2.69747E-4 4.9516E-3 5.21732E-3 2.00096E-3 6.09756E-3 2.26028E-3 4.57682E-3 3.60343E-3 3.75042E-3 3.25692E-4 2.55923E-4 1.86498E-3 4.58905E-4 1.94919E-3 1.44223E-3 1.02229E-4 1.83045E-4 1.89502E-5 5.49427E-4
5.45974E-3 1.30969E-2 4.28659E-3 2.20559E-2 4.81867E-3 4.23584E-3 4.6249E-3 5.0456E-3 3.76919E-3 4.43035E-3 3.58632E-3 4.96739E-3 4.59089E-3 1.32525E-2 6.88745E-3 7.18266E-3 2.02622E-2 8.91954E-3 6.52966E-3 4.43391E-3 8.81733E-3 2.3226E-3 5.90549E-3 8.13168E-3 2.89113E-3 3.51527E-3 7.04967E-3 2.43477E-3 6.12817E-3 1.35549E-3 6.47497E-3 1.19787E-3 1.36604E-2 2.15844E-3 1.58268E-3 5.93244E-3 2.05682E-3 1.78507E-3 1.6672E-3 1.51247E-3 3.19698E-4 3.62372E-4 5.392E-4 2.79317E-4 1.11785E-4 5.91366E-4 1.06313E-3 5.51442E-4 6.26775E-4 2.37041E-3 3.84232E-3 3.25692E-4 1.83923E-4 1.24983E-3 3.71588E-4 1.33283E-3 7.52016E-4 3.12959E-4 1.68009E-3 4.03854E-4 1.15382E-5 5.93569E-5
