day_2/Results/Podomys_floridanus/projections/PaleoClim/-4000/RUN_1.asc
ncols         385
nrows         252
xllcorner     -91.50013924285
yllcorner     25.49986064915003
cellsize      0.041666666500000005
NODATA_value  -9999
[rows 84 to 111 of 252, columns 124 to 185 of 385]
5.37166E-2 4.79951E-2 7.34523E-2 2.71019E-2 2.22264E-2 1.30878E-2 1.94506E-2 1.28536E-2 3.23414E-2 5.71745E-2 4.73242E-2 4.90087E-2 4.12397E-2 4.00516E-2 3.29521E-2 4.39046E-2 4.52156E-2 1.92591E-2 1.15588E-2 4.17235E-2 1.60852E-2 1.87239E-2 1.62379E-2 4.27448E-2 1.74186E-2 1.77367E-2 1.36196E-2 1.08772E-2 1.65489E-2 1.98754E-2 3.29807E-2 1.18705E-2 1.59441E-2 1.5419E-2 3.88609E-2 4.00325E-2 1.21648E-2 3.7913E-2 1.52418E-2 3.71275E-2 3.02877E-2 3.83558E-2 3.8262E-2 4.01809E-2 4.38632E-2 1.41376E-2 2.24899E-2 2.1191E-2 1.19812E-2 1.61136E-2 4.03478E-2 4.47394E-2 3.33911E-2 1.2494E-2 1.46729E-2 2.34104E-2 6.93621E-2 5.01091E-2 1.63293E-2 1.88135E-2 1.66104E-2 1.76619E-2
5.80405E-2 5.46129E-2 5.42537E-2 5.21023E-2 7.48108E-2 7.02119E-2 2.74731E-2 4.31787E-2 5.40159E-2 5.40159E-2 5.89487E-2 1.98112E-2 1.46503E-2 1.43022E-2 1.20501E-2 1.30231E-2 4.27986E-2 2.13337E-2 1.51211E-2 4.32368E-2 2.07653E-2 2.34523E-2 2.14058E-2 4.63393E-2 4.28203E-2 4.3081E-2 3.668E-2 3.95785E-2 3.487E-2 4.2104E-2 1.74773E-2 9.59578E-3 1.69789E-2 1.79975E-2 4.77665E-2 1.36359E-2 1.41309E-2 1.51663E-2 1.43485E-2 1.65872E-2 1.66793E-2 1.74667E-2 4.54734E-2 2.8538E-2 1.56809E-2 3.85518E-2 1.24673E-2 4.06486E-2 2.78545E-2 1.34469E-2 1.4861E-2 4.07509E-2 3.69247E-2 1.39317E-2 1.6245E-2 2.13672E-2 5.12056E-2 4.10327E-2 1.41158E-2 1.49477E-2 1.51896E-2 1.63877E-2
5.48082E-2 1.96723E-2 4.27788E-2 4.95429E-2 5.77615E-2 4.57666E-2 5.56747E-2 5.56329E-2 5.56147E-2 2.32927E-2 1.7899E-2 5.07751E-2 4.77718E-2 2.7773E-2 2.30574E-2 1.85685E-2 1.59242E-2 4.48942E-2 4.03678E-2 4.10153E-2 4.42211E-2 4.37846E-2 2.74896E-2 3.36902E-2 1.30321E-2 1.45321E-2 3.56459E-2 1.33774E-2 3.56026E-2 1.80038E-2 4.59047E-2 2.91943E-2 1.95736E-2 4.14686E-2 1.37366E-2 1.43691E-2 1.45449E-2 4.2574E-2 1.42907E-2 3.42325E-2 1.25045E-2 3.66805E-2 3.52413E-2 2.82271E-2 1.2511E-2 1.64055E-2 3.77133E-2 1.25825E-2 1.26936E-2 1.25552E-2 1.38777E-2 1.66091E-2 1.33712E-2 1.43097E-2 1.91664E-2 5.67567E-2 2.00749E-2 1.84423E-2 1.44123E-2 1.39704E-2 1.29807E-2 1.2836E-2
2.80076E-2 2.83313E-2 2.32235E-2 2.41483E-2 4.76054E-2 4.80723E-2 5.1612E-2 5.5621E-2 5.77523E-2 2.56241E-2 5.18462E-2 3.88355E-2 2.15065E-2 4.2936E-2 4.65899E-2 4.92431E-2 4.37823E-2 3.16449E-2 4.00754E-2 4.05537E-2 4.35487E-2 4.37033E-2 1.67049E-2 2.32063E-2 1.54718E-2 3.01101E-2 2.96009E-2 2.89181E-2 3.05007E-2 1.51347E-2 1.66938E-2 3.62601E-2 1.95957E-2 4.9831E-2 4.8759E-2 4.44731E-2 1.67487E-2 1.97114E-2 5.59498E-2 5.52245E-2 1.78124E-2 1.40619E-2 4.21541E-2 3.05654E-2 1.24553E-2 1.36678E-2 1.67728E-2 4.19898E-2 4.14531E-2 3.45198E-2 1.29981E-2 1.40767E-2 1.4246E-2 1.53367E-2 1.92093E-2 2.17505E-2 4.97369E-2 1.87371E-2 1.9663E-2 4.49792E-2 4.21211E-2 1.41361E-2
6.55891E-2 6.74519E-2 6.30211E-2 5.83193E-2 4.955E-2 4.22169E-2 5.72123E-2 5.16507E-2 5.63495E-2 5.81226E-2 6.2032E-2 2.56434E-2 2.80793E-2 2.1068E-2 1.67216E-2 3.40747E-2 4.63528E-2 1.95416E-2 1.22169E-2 2.95251E-2 2.80625E-2 1.72553E-2 2.0717E-2 2.05632E-2 4.90928E-2 4.6321E-2 4.96622E-2 4.95893E-2 4.24624E-2 4.21945E-2 3.81472E-2 1.41574E-2 2.10832E-2 2.3197E-2 2.17652E-2 5.39529E-2 4.8925E-2 3.85216E-2 1.71438E-2 2.13763E-2 4.63706E-2 1.51016E-2 1.93713E-2 3.5526E-2 1.16508E-2 1.34475E-2 1.4855E-2 1.51815E-2 1.63173E-2 1.76565E-2 1.54646E-2 1.45646E-2 1.32667E-2 1.31263E-2 1.90666E-2 2.21234E-2 4.9286E-2 1.97089E-2 2.09285E-2 2.20681E-2 3.61126E-2 1.42873E-2
5.69419E-2 5.77727E-2 6.19548E-2 6.14924E-2 6.24673E-2 3.42398E-2 2.02374E-2 4.52003E-2 5.65325E-2 6.03751E-2 5.73407E-2 6.20853E-2 5.311E-2 4.82904E-2 4.80639E-2 3.32956E-2 4.41375E-2 4.50278E-2 4.25697E-2 3.94373E-2 4.22869E-2 4.61561E-2 4.20993E-2 4.56674E-2 4.79209E-2 5.53169E-2 5.58927E-2 5.99613E-2 6.00056E-2 5.02436E-2 4.10404E-2 1.46081E-2 1.44384E-2 2.21384E-2 2.7029E-2 6.77289E-2 5.44541E-2 2.16501E-2 2.17723E-2 5.12796E-2 4.2114E-2 1.49141E-2 2.10196E-2 5.03611E-2 3.684E-2 3.39883E-2 1.29414E-2 1.19529E-2 1.17522E-2 1.39833E-2 1.40351E-2 1.41786E-2 1.44217E-2 1.42022E-2 1.7569E-2 2.31739E-2 1.88117E-2 2.01306E-2 1.97528E-2 2.04014E-2 1.88202E-2 1.36414E-2
2.89552E-2 5.41542E-2 5.86025E-2 5.36158E-2 5.70295E-2 5.86019E-2 2.03855E-2 4.92381E-2 3.8384E-2 4.86506E-2 4.85047E-2 5.27193E-2 4.49655E-2 4.21546E-2 4.00226E-2 4.32443E-2 4.37777E-2 3.50366E-2 3.20803E-2 2.85609E-2 3.4761E-2 4.65689E-2 4.75126E-2 4.50234E-2 4.79724E-2 4.90946E-2 4.53829E-2 4.94094E-2 6.25033E-2 6.75509E-2 3.21162E-2 1.47078E-2 1.82446E-2 2.28336E-2 2.32524E-2 2.22075E-2 6.11952E-2 6.13893E-2 6.9862E-2 5.15185E-2 4.33707E-2 1.5587E-2 2.05722E-2 5.45528E-2 1.34083E-2 1.78904E-2 4.45613E-2 3.81414E-2 4.67995E-2 1.40645E-2 1.51032E-2 1.421E-2 1.32524E-2 1.42142E-2 1.75167E-2 2.28995E-2 2.19276E-2 1.8771E-2 1.98261E-2 2.17658E-2 2.00463E-2 1.70957E-2
2.94688E-2 5.72602E-2 6.24372E-2 5.98597E-2 5.73407E-2 5.77274E-2 4.89237E-2 2.0847E-2 3.79258E-2 3.30786E-2 3.46222E-2 3.7614E-2 4.41985E-2 4.23332E-2 3.24169E-2 3.42961E-2 3.52844E-2 1.23924E-2 1.89776E-2 2.01824E-2 2.48801E-2 3.04309E-2 3.86125E-2 4.76768E-2 4.89343E-2 5.27937E-2 5.25702E-2 4.63513E-2 2.30966E-2 8.41004E-2 2.49394E-2 1.84244E-2 2.19677E-2 5.21287E-2 5.91151E-2 6.29851E-2 2.41238E-2 2.59639E-2 7.69618E-2 4.6493E-2 1.99488E-2 1.81647E-2 2.01112E-2 1.82642E-2 5.03993E-2 3.48157E-2 1.76045E-2 1.86135E-2 1.71897E-2 3.91706E-2 3.58249E-2 1.32739E-2 1.44466E-2 1.33311E-2 1.42565E-2 2.44245E-2 2.34738E-2 1.91947E-2 2.17175E-2 2.03255E-2 2.03141E-2 1.62889E-2
2.97713E-2 5.33433E-2 5.13412E-2 3.86151E-2 4.97125E-2 4.88792E-2 4.53868E-2 3.89681E-2 1.56492E-2 3.21665E-2 3.471E-2 3.22428E-2 3.77404E-2 4.13975E-2 1.53469E-2 1.14167E-2 1.05647E-2 1.0652E-2 7.99772E-3 8.71173E-3 2.14226E-2 2.56915E-2 2.98779E-2 4.23522E-2 5.19891E-2 4.88219E-2 6.13282E-2 2.80023E-2 4.34773E-2 1.87184E-2 2.35172E-2 2.57421E-2 7.12817E-2 2.36226E-2 2.53371E-2 2.53503E-2 2.56449E-2 2.31911E-2 2.75914E-2 4.53289E-2 1.42885E-2 2.25484E-2 6.08016E-2 1.97811E-2 2.16771E-2 4.76843E-2 3.57728E-2 1.81252E-2 2.02068E-2 2.19223E-2 5.58013E-2 1.44324E-2 1.71083E-2 1.47976E-2 1.34586E-2 2.07186E-2 2.37859E-2 2.20621E-2 2.36578E-2 2.23837E-2 2.23672E-2 1.8898E-2
6.30825E-2 5.90172E-2 5.41553E-2 1.49365E-2 3.47127E-2 3.86495E-2 3.79633E-2 1.66156E-2 2.40693E-2 2.72274E-2 2.7207E-2 2.72888E-2 4.02113E-2 1.65551E-2 1.51545E-2 1.65423E-2 1.47285E-2 1.59169E-2 1.64826E-2 1.0692E-2 2.57554E-2 2.84384E-2 1.55385E-2 3.16747E-2 4.28771E-2 5.49537E-2 6.06287E-2 6.02848E-2 2.5709E-2 4.90618E-2 2.17642E-2 7.8959E-2 7.37511E-2 6.89546E-2 4.45558E-2 2.00767E-2 2.39749E-2 5.33316E-2 4.75353E-2 5.5681E-2 1.46316E-2 1.58782E-2 2.50402E-2 1.88619E-2 5.83279E-2 5.1989E-2 5.01356E-2 3.5877E-2 1.57963E-2 2.30188E-2 5.82016E-2 5.61939E-2 1.75432E-2 1.75432E-2 1.37619E-2 1.57534E-2 2.44144E-2 2.35394E-2 2.36096E-2 2.37682E-2 2.21201E-2 2.22515E-2
5.24119E-2 4.54515E-2 1.74851E-2 1.45175E-2 3.30567E-2 4.21277E-2 1.55092E-2 1.43292E-2 1.09487E-2 9.96242E-3 8.22976E-3 7.48484E-3 2.74486E-2 1.39695E-2 2.96036E-2 1.28799E-2 3.62389E-2 1.6502E-2 3.93611E-2 1.16189E-2 3.32035E-2 4.44576E-2 4.69572E-2 4.99951E-2 4.96256E-2 5.40465E-2 6.6687E-2 6.84564E-2 3.73969E-2 5.85664E-2 2.38344E-2 3.07759E-2 7.43717E-2 8.11015E-2 2.50817E-2 5.28419E-2 6.59901E-2 7.20655E-2 6.23922E-2 6.18939E-2 3.93444E-2 1.73192E-2 2.26805E-2 2.34313E-2 7.81545E-2 2.24036E-2 5.83694E-2 3.94849E-2 1.59605E-2 1.75556E-2 2.5432E-2 7.09369E-2 4.98091E-2 2.17497E-2 2.02353E-2 1.87928E-2 2.31456E-2 2.41065E-2 2.2605E-2 2.22096E-2 2.09124E-2 2.22021E-2
3.83266E-2 1.56126E-2 1.68339E-2 1.66366E-2 1.33927E-2 1.7255E-2 2.20894E-2 1.82256E-2 4.05241E-2 1.98308E-2 1.57391E-2 1.3358E-2 1.19942E-2 1.40303E-2 1.83569E-2 1.30128E-2 3.11319E-2 3.41391E-2 3.91294E-2 1.42883E-2 3.30802E-2 3.66136E-2 3.91072E-2 4.35482E-2 4.36339E-2 5.34066E-2 4.73586E-2 2.27978E-2 8.60305E-2 6.03659E-2 3.11257E-2 8.65045E-2 8.33956E-2 3.80924E-2 6.02325E-2 6.34535E-2 6.33157E-2 7.29607E-2 5.9827E-2 7.7987E-2 5.24222E-2 1.6222E-2 3.8983E-2 1.59218E-2 2.69184E-2 6.91836E-2 5.85674E-2 5.27271E-2 5.09549E-2 1.77047E-2 2.54629E-2 2.45345E-2 5.46356E-2 1.88906E-2 1.99723E-2 2.16485E-2 2.1606E-2 2.74964E-2 2.64126E-2 2.41963E-2 2.43929E-2 2.59072E-2
1.57317E-2 1.74182E-2 1.45722E-2 4.64203E-2 1.68465E-2 4.58374E-2 2.03014E-2 1.60354E-2 3.82896E-2 4.07059E-2 3.78876E-2 1.87642E-2 3.44622E-2 3.42832E-2 1.28825E-2 2.64144E-2 3.21133E-2 3.98103E-2 1.55203E-2 1.01179E-2 2.45664E-2 3.05163E-2 3.69141E-2 4.59898E-2 4.75185E-2 5.11755E-2 5.14141E-2 5.63818E-2 5.87676E-2 3.1657E-2 3.92031E-2 9.45141E-2 3.6326E-2 8.29626E-2 7.90207E-2 7.9505E-2 7.47349E-2 6.52788E-2 2.77299E-2 6.84022E-2 5.97343E-2 4.38366E-2 5.1066E-2 4.99113E-2 1.75462E-2 2.65573E-2 7.27793E-2 6.2409E-2 2.0959E-2 1.95686E-2 2.3592E-2 2.38745E-2 2.30394E-2 1.95686E-2 1.88766E-2 1.91793E-2 2.02804E-2 2.50699E-2 2.75886E-2 2.61587E-2 2.59457E-2 2.59072E-2
1.26003E-2 3.92822E-2 1.60906E-2 3.62307E-2 4.35214E-2 1.60544E-2 1.26088E-2 1.56845E-2 3.11126E-2 1.61964E-2 3.26121E-2 3.50713E-2 2.93316E-2 1.11186E-2 2.72133E-2 1.33378E-2 3.41447E-2 2.02557E-2 1.22196E-2 1.18877E-2 1.10209E-2 9.98143E-3 3.11207E-2 4.66509E-2 5.81784E-2 6.88596E-2 2.48225E-2 6.04104E-2 6.1282E-2 3.13469E-2 8.81354E-2 3.38412E-2 7.65038E-2 8.58756E-2 7.19138E-2 6.53356E-2 2.61414E-2 2.3366E-2 7.35599E-2 5.92833E-2 6.75621E-2 5.44767E-2 5.3986E-2 1.8218E-2 1.80968E-2 2.09026E-2 2.6393E-2 6.45718E-2 5.10279E-2 2.09167E-2 1.94883E-2 2.45203E-2 2.27569E-2 5.17229E-2 1.93229E-2 2.07011E-2 2.07784E-2 2.17684E-2 2.56001E-2 2.56095E-2 2.6081E-2 2.61655E-2
1.41538E-2 2.86678E-2 4.06494E-2 4.0619E-2 2.37792E-2 1.49206E-2 1.69112E-2 3.42901E-2 3.37809E-2 3.42645E-2 3.95059E-2 1.65214E-2 9.50466E-3 2.17955E-2 8.67496E-3 2.9239E-2 4.15089E-2 1.86046E-2 1.82667E-2 1.98564E-2 2.35194E-2 1.44369E-2 3.62201E-2 4.32125E-2 4.81213E-2 5.45897E-2 6.50293E-2 6.67252E-2 6.83285E-2 1.01454E-1 4.59712E-2 3.08592E-2 6.70874E-2 4.2644E-2 7.71743E-2 2.94586E-2 7.61637E-2 8.18769E-2 6.11965E-2 5.91123E-2 5.17606E-2 6.02781E-2 6.87462E-2 5.97768E-2 5.07747E-2 1.68909E-2 1.93373E-2 2.42383E-2 2.30723E-2 2.31755E-2 2.16635E-2 2.45933E-2 2.5092E-2 5.69118E-2 2.0887E-2 2.38547E-2 2.1169E-2 2.39362E-2 2.42843E-2 2.41403E-2 2.58303E-2 2.6842E-2
1.93382E-2 1.15265E-2 3.20554E-2 5.14265E-2 1.54685E-2 9.87505E-3 3.18184E-2 3.76199E-2 3.73105E-2 2.96624E-2 2.35207E-2 1.23962E-2 1.2659E-2 3.18678E-2 1.05988E-2 2.9392E-2 1.90491E-2 2.2843E-2 2.04987E-2 4.84389E-2 1.87547E-2 1.82667E-2 1.4652E-2 1.59675E-2 4.79085E-2 5.46705E-2 6.08249E-2 5.6984E-2 3.46964E-2 9.6763E-2 3.99802E-2 2.87149E-2 6.89954E-2 8.82935E-2 7.06735E-2 7.67667E-2 8.07443E-2 7.22048E-2 5.34333E-2 2.1335E-2 6.04751E-2 2.18186E-2 6.12961E-2 6.92321E-2 5.99071E-2 5.18107E-2 1.69794E-2 1.59013E-2 1.97696E-2 2.48666E-2 2.17507E-2 2.47739E-2 2.66535E-2 6.5537E-2 1.99821E-2 2.11217E-2 2.21047E-2 2.59269E-2 2.62478E-2 2.62673E-2 2.79297E-2 2.89148E-2
1.64769E-2 1.6729E-2 1.36626E-2 5.40283E-2 1.28191E-2 1.34718E-2 3.43818E-2 3.91463E-2 1.09646E-2 1.25706E-2 1.36661E-2 8.93539E-3 2.5194E-2 1.2522E-2 3.75443E-2 2.96179E-2 4.35538E-2 1.91063E-2 2.08709E-2 1.87264E-2 2.79815E-2 2.65068E-2 2.08502E-2 2.41692E-2 2.09801E-2 4.89816E-2 5.70554E-2 5.27901E-2 3.5039E-2 4.63779E-2 3.53236E-2 7.2439E-2 8.66917E-2 8.16345E-2 8.47354E-2 8.93571E-2 4.01205E-2 6.68543E-2 7.19583E-2 6.07642E-2 6.58238E-2 6.20068E-2 6.09839E-2 7.00411E-2 6.53947E-2 6.02143E-2 5.63805E-2 4.53133E-2 1.87436E-2 2.30113E-2 5.78064E-2 2.17311E-2 2.64354E-2 2.53168E-2 2.30083E-2 2.27375E-2 2.43151E-2 2.30458E-2 2.26865E-2 2.42969E-2 2.84216E-2 2.69413E-2
1.89298E-2 2.30012E-2 2.28617E-2 1.56254E-2 1.39141E-2 2.69071E-2 5.03469E-2 1.4963E-2 1.41231E-2 3.54108E-2 1.32185E-2 3.10733E-2 1.19271E-2 3.2329E-2 2.7562E-2 3.80976E-2 1.93149E-2 1.65519E-2 1.3885E-2 3.86857E-2 4.32511E-2 2.71982E-2 2.22769E-2 5.84582E-2 1.95205E-2 4.89816E-2 5.95812E-2 5.68182E-2 7.37917E-2 1.32345E-1 4.51571E-2 8.96874E-2 7.25985E-2 6.81405E-2 6.93065E-2 7.28393E-2 3.43384E-2 6.75439E-2 6.95849E-2 7.28891E-2 5.7044E-2 5.84266E-2 2.54686E-2 7.7797E-2 6.72056E-2 5.80191E-2 5.81899E-2 5.72011E-2 2.01133E-2 2.32793E-2 2.35337E-2 2.34985E-2 2.48852E-2 2.52412E-2 2.18944E-2 2.27204E-2 2.62976E-2 2.48666E-2 2.29769E-2 2.44507E-2 2.2956E-2 5.28228E-2
2.64304E-2 3.33044E-2 2.26339E-2 1.46367E-2 1.71739E-2 5.13883E-2 1.70094E-2 1.47764E-2 3.19139E-2 3.3088E-2 1.59176E-2 2.86096E-2 1.00372E-2 2.73558E-2 3.59082E-2 4.66343E-2 1.98977E-2 1.56585E-2 4.30818E-2 2.13266E-2 5.11478E-2 2.13848E-2 4.35642E-2 6.34504E-2 2.47854E-2 1.82697E-2 4.02473E-2 5.68835E-2 5.36889E-2 3.80583E-2 1.18715E-1 4.59361E-2 3.10432E-2 2.99357E-2 3.40308E-2 3.59688E-2 6.40386E-2 7.25202E-2 6.7893E-2 7.59889E-2 6.87369E-2 6.1851E-2 2.60154E-2 7.74957E-2 7.17672E-2 7.09863E-2 5.89051E-2 7.24313E-2 4.97305E-2 2.10919E-2 2.41961E-2 2.60754E-2 2.37188E-2 2.52388E-2 2.1878E-2 2.45135E-2 2.35695E-2 2.53249E-2 2.53438E-2 2.52367E-2 2.73772E-2 6.46329E-2
3.15285E-2 2.47201E-2 1.53022E-2 2.04092E-2 4.94889E-2 2.87579E-2 1.68237E-2 1.42686E-2 1.80122E-2 1.42278E-2 4.31244E-2 1.97748E-2 1.06455E-2 1.26468E-2 3.21016E-2 2.49435E-2 1.4467E-2 1.33295E-2 1.53312E-2 4.74906E-2 2.51934E-2 2.5436E-2 1.80429E-2 5.53981E-2 3.55074E-2 2.17543E-2 1.9721E-2 4.45657E-2 4.8803E-2 3.05639E-2 1.2221E-1 4.3966E-2 3.81587E-2 9.15752E-2 4.76941E-2 4.3704E-2 3.24073E-2 7.83469E-2 7.43562E-2 7.81195E-2 6.97518E-2 7.27487E-2 7.44361E-2 8.61258E-2 7.47638E-2 6.58128E-2 6.55711E-2 7.47638E-2 6.48604E-2 2.12833E-2 2.13154E-2 2.4342E-2 2.30359E-2 2.44337E-2 5.47029E-2 2.4069E-2 2.36401E-2 2.51927E-2 2.50987E-2 2.69302E-2 2.69702E-2 6.20822E-2
1.84223E-2 1.99028E-2 1.36209E-2 4.24853E-2 2.90268E-2 1.62844E-2 1.73998E-2 5.25422E-2 1.57254E-2 4.1042E-2 2.01705E-2 1.44563E-2 1.10952E-2 3.11419E-2 3.96434E-2 1.95804E-2 1.70594E-2 1.68938E-2 1.4327E-2 5.29745E-2 2.43479E-2 2.53256E-2 1.678E-2 5.64201E-2 3.68929E-2 2.2302E-2 2.5629E-2 2.02122E-2 4.30982E-2 6.30721E-2 1.00951E-1 4.62789E-2 8.463E-2 9.08249E-2 8.6544E-2 6.1154E-2 7.03655E-2 6.49072E-2 7.6553E-2 8.30586E-2 7.43415E-2 7.6553E-2 7.60508E-2 8.2636E-2 7.12759E-2 6.68235E-2 8.1976E-2 8.12617E-2 7.6609E-2 5.67272E-2 2.3532E-2 2.50234E-2 6.63339E-2 2.71164E-2 2.35497E-2 2.6413E-2 2.32155E-2 2.20847E-2 2.1774E-2 2.16601E-2 2.31641E-2 2.04675E-2
1.91163E-2 2.16581E-2 1.96159E-2 2.28148E-2 1.64182E-2 1.50051E-2 2.14231E-2 2.05424E-2 1.37951E-2 4.87779E-2 1.58572E-2 3.76679E-2 1.53829E-2 5.10675E-2 1.64195E-2 1.31925E-2 3.9455E-2 3.19378E-2 1.64816E-2 4.99742E-2 5.48605E-2 2.13569E-2 1.82854E-2 5.67575E-2 2.79222E-2 2.23685E-2 2.77257E-2 2.78141E-2 1.75266E-2 4.33185E-2 8.13494E-2 3.277E-2 2.7624E-2 3.45732E-2 3.27849E-2 2.993E-2 7.35294E-2 7.30747E-2 7.40866E-2 8.33033E-2 7.39362E-2 7.33877E-2 8.25742E-2 8.01207E-2 8.26953E-2 8.30596E-2 8.10494E-2 8.09306E-2 8.17372E-2 7.59396E-2 6.25066E-2 2.38997E-2 2.532E-2 2.532E-2 2.51179E-2 2.5061E-2 2.25019E-2 2.09645E-2 2.04819E-2 4.61461E-2 1.76301E-2 4.31347E-2
2.04154E-2 2.82221E-2 1.99878E-2 1.33836E-2 1.20871E-2 1.50983E-2 2.35041E-2 2.00835E-2 1.923E-2 2.52491E-2 1.28389E-2 3.86227E-2 4.87048E-2 1.36521E-2 1.35258E-2 1.33181E-2 2.37537E-2 2.04701E-2 2.15734E-2 1.57001E-2 5.48192E-2 1.95637E-2 4.69019E-2 5.49085E-2 2.84247E-2 2.54965E-2 4.7412E-2 2.75146E-2 3.19834E-2 2.17173E-2 7.94966E-2 4.73519E-2 4.06601E-2 4.78348E-2 3.9178E-2 3.65903E-2 5.67818E-2 6.95222E-2 7.32543E-2 8.37929E-2 7.50006E-2 7.82907E-2 8.43469E-2 7.35245E-2 7.65273E-2 8.30596E-2 8.31205E-2 7.74326E-2 6.77578E-2 2.77592E-2 6.7259E-2 2.58417E-2 2.55313E-2 2.55505E-2 2.55558E-2 2.40179E-2 2.5061E-2 5.88618E-2 6.72251E-2 5.34812E-2 1.89459E-2 3.98328E-2
2.58629E-2 1.84509E-2 1.43893E-2 8.99557E-3 1.45449E-2 1.49526E-2 2.24662E-2 2.35128E-2 2.15998E-2 1.11928E-2 4.00817E-2 5.47686E-2 1.39858E-2 1.46341E-2 3.34107E-2 2.02922E-2 1.05918E-2 4.43231E-2 5.26366E-2 2.18748E-2 5.651E-2 2.05705E-2 4.10996E-2 5.64102E-2 2.5762E-2 2.12557E-2 5.92048E-2 2.82125E-2 3.00607E-2 2.20609E-2 7.09391E-2 4.93171E-2 3.77387E-2 4.09886E-2 6.06642E-2 7.55544E-2 8.16873E-2 7.17516E-2 7.47508E-2 9.46806E-2 9.32037E-2 1.00601E-1 1.00747E-1 9.58655E-2 9.25912E-2 9.84219E-2 9.89985E-2 7.87446E-2 7.54323E-2 6.32864E-2 6.31927E-2 2.43676E-2 2.61416E-2 2.63397E-2 2.57832E-2 2.4181E-2 2.19658E-2 2.4265E-2 6.76664E-2 4.74048E-2 1.89649E-2 4.7231E-2
2.33032E-2 1.57751E-2 1.97735E-2 1.21237E-2 1.4807E-2 1.7441E-2 2.45912E-2 2.28387E-2 1.96525E-2 2.35761E-2 5.09723E-2 1.45516E-2 1.51891E-2 1.00812E-2 4.52392E-2 3.16216E-2 1.51775E-2 3.59538E-2 5.78756E-2 6.30576E-2 1.90542E-2 1.99944E-2 5.25974E-2 3.29619E-2 2.37924E-2 2.57736E-2 6.06165E-2 6.71726E-2 7.83021E-2 2.41078E-2 8.93399E-2 3.16821E-2 3.09537E-2 3.86273E-2 3.01337E-2 7.10672E-2 9.05032E-2 9.79974E-2 6.85496E-2 7.85338E-2 8.30773E-2 8.84673E-2 1.01779E-1 9.5802E-2 9.53128E-2 8.87927E-2 8.89232E-2 8.78845E-2 8.62108E-2 8.57051E-2 8.55791E-2 7.00322E-2 2.89281E-2 3.11224E-2 6.92898E-2 6.33026E-2 7.35206E-2 5.89239E-2 5.43842E-2 1.65505E-2 1.80851E-2 1.81876E-2
1.97612E-2 2.07977E-2 2.32143E-2 1.34755E-2 1.27333E-2 1.63388E-2 3.7614E-2 2.49012E-2 4.60322E-2 2.42355E-2 1.60738E-2 1.55192E-2 2.11338E-2 1.56501E-2 2.01354E-2 2.78606E-2 1.83809E-2 1.67539E-2 4.25599E-2 5.51607E-2 2.12034E-2 2.88337E-2 6.86195E-2 2.04207E-2 2.23674E-2 4.81257E-2 4.54032E-2 1.93748E-2 1.87185E-2 7.35432E-2 9.18786E-2 4.08691E-2 2.8499E-2 3.42666E-2 6.06549E-2 8.56225E-2 8.50575E-2 9.86021E-2 4.66414E-2 8.02328E-2 7.33117E-2 8.87484E-2 9.58564E-2 9.6919E-2 9.59422E-2 9.00396E-2 8.97757E-2 9.48953E-2 8.85323E-2 9.39279E-2 8.85973E-2 8.73052E-2 2.94719E-2 8.25089E-2 6.94946E-2 7.24761E-2 6.88453E-2 5.57136E-2 5.51889E-2 1.54914E-2 1.71057E-2 2.06119E-2
2.31108E-2 2.45391E-2 2.46335E-2 1.66069E-2 1.04253E-2 1.83509E-2 2.22063E-2 1.58296E-2 1.59086E-2 1.41301E-2 1.31446E-2 1.5484E-2 4.17371E-2 4.18004E-2 5.20476E-2 1.75921E-2 1.68235E-2 5.65879E-2 2.17064E-2 6.86542E-2 6.05258E-2 6.42978E-2 3.22862E-2 2.8632E-2 2.07188E-2 2.3782E-2 2.42174E-2 2.24884E-2 2.66505E-2 6.86029E-2 4.74334E-2 3.55203E-2 3.16653E-2 3.72607E-2 8.64268E-2 8.21764E-2 8.14489E-2 9.16758E-2 9.47976E-2 8.23423E-2 7.49464E-2 7.75865E-2 8.9274E-2 9.06676E-2 9.62801E-2 9.68479E-2 9.67056E-2 9.63509E-2 9.74531E-2 9.57155E-2 8.85323E-2 7.88516E-2 7.72706E-2 1.00819E-1 7.9968E-2 8.61381E-2 5.45715E-2 5.68366E-2 4.92918E-2 5.1464E-2 3.90688E-3 1.9389E-2
2.34044E-2 2.68321E-2 2.51077E-2 1.82382E-2 1.66963E-2 2.00814E-2 2.60571E-2 2.23593E-2 2.05445E-2 1.86017E-2 1.83762E-2 1.18861E-2 1.58337E-2 1.75885E-2 2.65306E-2 1.7531E-2 2.24433E-2 5.22766E-2 4.10786E-2 4.79153E-2 2.19633E-2 4.85127E-2 2.30769E-2 1.94691E-2 2.08891E-2 6.48745E-2 7.04823E-2 7.05064E-2 3.48619E-2 7.39319E-2 4.86895E-2 3.99442E-2 3.79236E-2 4.14713E-2 8.07524E-2 8.22626E-2 8.84828E-2 9.41883E-2 9.40695E-2 8.26648E-2 7.60762E-2 7.36004E-2 8.52103E-2 9.15215E-2 9.17241E-2 9.06008E-2 9.14541E-2 9.09834E-2 1.03861E-1 9.6068E-2 9.57859E-2 7.85177E-2 9.61725E-2 9.39967E-2 7.25495E-2 3.08971E-2 7.97023E-2 5.78175E-2 1.9501E-2 5.5138E-2 1.12461E-2 1.70592E-2
