day_2/Results/Podomys_floridanus/projections/PaleoClim/-15000/RUN_0.asc
ncols         385
nrows         252
xllcorner     -91.50013924285
yllcorner     25.49986064915003
cellsize      0.041666666500000005
NODATA_value  -9999
[rows 0 to 26 of 252, columns 305 to 365 of 385]
5.15685E-5 3.93176E-5 3.94427E-5 6.75853E-5 2.62919E-5 2.72242E-6 3.03401E-6 3.43477E-6 2.61757E-6 4.50909E-6 5.21458E-6 8.98793E-6 7.8721E-6 9.00531E-6 4.5293E-6 5.2205E-6 4.0566E-6 5.97738E-6 1.02839E-5 1.02895E-5 8.97021E-6 7.83423E-6 7.84494E-6 1.02669E-5 1.34547E-5 1.34668E-5 1.3473E-5 1.3479E-5 1.54404E-5 1.77032E-5 1.76963E-5 1.77112E-5 1.54545E-5 1.76952E-5 2.32194E-5 2.46693E-5 2.6225E-5 2.78217E-5 4.08538E-5 3.79515E-5 4.02343E-5 4.2644E-5 4.51667E-5 4.88093E-5 6.10322E-5 5.7988E-5 6.0064E-5 8.31294E-5 8.05072E-5 7.93565E-5 9.48434E-5 8.2648E-5 8.31734E-5 1.13326E-4 1.26307E-4 9.99031E-5 1.23902E-4 1.06571E-4 1.1871E-4 1.17565E-4 1.61094E-4
5.9241E-6 5.17158E-6 5.8804E-5 3.43543E-5 5.89458E-5 5.16753E-5 3.48855E-6 2.28642E-6 2.27916E-6 3.97075E-6 4.51177E-6 5.97132E-6 1.17376E-5 1.02838E-5 8.9816E-6 8.97835E-6 3.55614E-6 6.82923E-6 8.97017E-6 8.97831E-6 5.22145E-6 5.96002E-6 1.02575E-5 8.95518E-6 8.95918E-6 8.96324E-6 1.02675E-5 1.17355E-5 1.34492E-5 1.7664E-5 2.02618E-5 1.76961E-5 1.3757E-5 1.57439E-5 1.88082E-5 2.28786E-5 3.17452E-5 2.58424E-5 4.32209E-5 3.52793E-5 4.255E-5 4.51348E-5 4.28225E-5 4.53587E-5 5.67102E-5 5.99576E-5 6.70735E-5 9.29637E-5 6.74907E-5 9.46588E-5 8.25207E-5 8.14237E-5 7.77368E-5 1.11889E-4 1.24911E-4 1.17224E-4 1.47122E-4 1.63672E-4 1.24995E-4 1.80302E-4 1.69782E-4
2.70762E-6 3.01851E-6 3.48291E-6 3.5529E-6 5.22878E-6 1.3481E-5 4.57603E-6 4.94372E-6 1.99143E-6 5.1921E-6 3.09566E-6 4.54701E-6 3.5445E-6 4.63841E-6 5.21625E-6 7.80945E-6 8.96197E-6 5.98664E-6 7.8278E-6 7.83488E-6 6.83343E-6 6.83029E-6 8.94292E-6 6.82761E-6 8.94695E-6 1.02401E-5 1.17408E-5 8.96371E-6 1.02448E-5 1.54201E-5 2.02259E-5 1.8788E-5 1.64142E-5 1.77948E-5 2.12182E-5 2.12322E-5 2.57897E-5 3.131E-5 3.08331E-5 3.72815E-5 3.951E-5 5.04856E-5 4.7075E-5 4.98263E-5 5.99316E-5 5.90097E-5 6.36886E-5 6.98176E-5 7.38441E-5 8.24185E-5 7.84853E-5 7.76159E-5 1.26162E-4 1.33318E-4 1.48361E-4 1.4695E-4 1.2619E-4 1.81864E-4 1.70982E-4 1.69816E-4 1.88533E-4
3.04363E-6 7.83915E-6 6.86829E-6 4.00158E-6 5.98289E-6 6.84099E-6 5.96712E-6 4.93974E-6 2.27759E-6 3.95678E-6 3.97701E-6 3.96941E-6 4.55156E-6 3.53681E-6 6.82667E-6 3.97196E-6 5.19067E-6 1.02574E-5 1.02676E-5 1.02628E-5 6.82763E-6 6.81831E-6 6.81559E-6 6.81558E-6 7.80731E-6 7.81798E-6 1.02447E-5 1.17359E-5 1.33238E-5 1.76246E-5 2.14713E-5 1.74445E-5 1.74359E-5 1.62112E-5 2.00917E-5 2.01446E-5 2.54242E-5 3.51391E-5 2.87095E-5 3.03794E-5 3.70171E-5 4.128E-5 5.65061E-5 5.5732E-5 5.89701E-5 5.61158E-5 6.26862E-5 6.50471E-5 7.41884E-5 6.94185E-5 1.0004E-4 8.64349E-5 1.33135E-4 1.01765E-4 1.46772E-4 1.54901E-4 1.72377E-4 1.70778E-4 1.69513E-4 2.10821E-4 2.09142E-4
2.57875E-5 3.41719E-5 6.86511E-6 1.17804E-5 8.98247E-6 3.98785E-6 3.46113E-6 1.9921E-6 3.41765E-6 3.91497E-6 6.8019E-6 3.93992E-6 5.94601E-6 3.47213E-6 7.8029E-6 3.97225E-6 3.91207E-6 1.0207E-5 1.02628E-5 8.94344E-6 5.95522E-6 5.94441E-6 7.78641E-6 7.79701E-6 8.92746E-6 1.17092E-5 1.02404E-5 1.34135E-5 1.34196E-5 1.87205E-5 1.9951E-5 1.85135E-5 1.96693E-5 1.72555E-5 1.86749E-5 2.22352E-5 2.69743E-5 2.86641E-5 3.04118E-5 3.6975E-5 4.46273E-5 4.96424E-5 4.90699E-5 4.57046E-5 4.83823E-5 7.11288E-5 6.65289E-5 7.97605E-5 8.92129E-5 1.00002E-4 1.05726E-4 1.1807E-4 1.48155E-4 1.13151E-4 1.63185E-4 1.72167E-4 1.70536E-4 1.895E-4 1.88265E-4 1.87032E-4 1.76416E-4
3.00705E-6 3.47229E-6 6.83791E-6 8.96944E-6 6.83914E-6 6.83033E-6 7.51057E-6 2.35422E-6 3.45481E-6 3.4164E-6 3.52263E-6 5.19108E-6 4.54197E-6 5.95453E-6 6.82144E-6 5.18905E-6 3.4275E-6 6.79359E-6 8.93524E-6 6.81867E-6 6.79425E-6 5.93922E-6 6.79727E-6 7.78988E-6 7.7831E-6 7.78307E-6 8.91963E-6 1.17043E-5 1.09119E-5 1.33003E-5 2.11468E-5 1.72443E-5 1.63564E-5 1.94685E-5 1.74191E-5 2.36106E-5 3.03187E-5 3.66687E-5 3.42057E-5 3.25014E-5 4.41502E-5 4.30717E-5 4.56847E-5 6.34163E-5 6.2657E-5 6.63949E-5 7.03407E-5 8.92484E-5 8.85151E-5 1.07686E-4 1.0281E-4 1.48005E-4 1.6473E-4 1.62984E-4 1.53107E-4 1.70339E-4 1.89158E-4 1.67931E-4 1.86696E-4 1.57856E-4 1.95702E-4
5.20627E-6 3.98701E-6 5.97468E-6 5.21865E-6 5.19545E-6 3.3972E-5 3.8915E-5 5.19847E-6 3.46157E-6 2.60143E-6 3.0712E-6 4.52753E-6 5.19611E-6 5.94143E-6 7.79314E-6 4.49405E-6 4.61282E-6 5.94439E-6 7.79348E-6 6.80967E-6 4.53442E-6 5.92328E-6 5.93131E-6 6.79438E-6 6.93098E-6 1.00947E-5 8.9115E-6 1.08776E-5 1.32705E-5 1.61384E-5 2.08648E-5 2.22147E-5 1.70603E-5 2.06749E-5 2.1981E-5 2.3331E-5 2.47864E-5 2.99683E-5 3.83524E-5 3.21352E-5 4.37054E-5 4.01479E-5 4.34448E-5 4.87382E-5 5.86737E-5 6.58599E-5 6.98048E-5 7.72441E-5 1.25886E-4 1.19739E-4 1.47882E-4 1.46301E-4 1.45006E-4 1.6127E-4 1.51738E-4 1.5076E-4 1.49848E-4 1.49261E-4 1.57571E-4 1.5728E-4 1.94825E-4
3.46676E-6 5.20916E-6 5.95415E-6 5.95138E-6 2.69922E-6 2.68945E-6 3.4195E-6 4.51351E-6 5.93363E-6 2.28543E-6 3.51199E-6 5.13368E-6 6.79703E-6 5.89671E-6 5.93364E-6 6.79423E-6 5.17774E-6 7.78276E-6 8.91557E-6 7.78658E-6 7.76556E-6 5.9314E-6 6.78217E-6 7.76903E-6 6.9232E-6 1.07652E-5 8.47333E-6 1.03377E-5 1.2349E-5 1.34159E-5 1.59908E-5 2.35011E-5 2.19605E-5 2.33364E-5 2.33357E-5 2.62792E-5 2.79099E-5 3.36816E-5 3.57415E-5 4.36724E-5 4.6333E-5 5.90164E-5 6.25673E-5 6.20594E-5 6.57394E-5 7.87794E-5 8.81604E-5 1.11307E-4 1.08253E-4 1.18177E-4 1.46178E-4 1.44856E-4 1.437E-4 1.59898E-4 1.50628E-4 1.49848E-4 1.66509E-4 1.57371E-4 1.75284E-4 1.94753E-4 2.16206E-4
4.54328E-6 5.95954E-6 3.47055E-6 2.69189E-6 4.5255E-6 3.45977E-6 3.07563E-6 3.91023E-6 4.5196E-6 5.1799E-6 3.96006E-6 5.17989E-6 6.79422E-6 6.80345E-6 5.18716E-6 5.17538E-6 5.11783E-6 6.78203E-6 7.77264E-6 6.78525E-6 5.17326E-6 7.7515E-6 6.92473E-6 7.38799E-6 9.41143E-6 1.14669E-5 1.23241E-5 1.71119E-5 1.5962E-5 1.42863E-5 1.51936E-5 1.4165E-5 2.32284E-5 2.81502E-5 2.62729E-5 2.78767E-5 2.95805E-5 3.33113E-5 3.53496E-5 4.91163E-5 5.90026E-5 6.61564E-5 6.19706E-5 6.56201E-5 6.52134E-5 8.8069E-5 9.86145E-5 1.24188E-4 1.20286E-4 1.73367E-4 1.44674E-4 1.60975E-4 1.4264E-4 1.77603E-4 1.67477E-4 1.66632E-4 1.48813E-4 1.65403E-4 2.28244E-4 1.74262E-4 2.15224E-4
3.96115E-6 5.20248E-6 5.20053E-6 3.45845E-6 3.45215E-6 3.95085E-6 3.9475E-6 3.9107E-6 5.12228E-6 5.87029E-6 6.79112E-6 4.62347E-6 5.92308E-6 6.78206E-6 5.9286E-6 5.86005E-6 4.45977E-6 7.75493E-6 7.77258E-6 5.91535E-6 5.90994E-6 7.22766E-6 1.00838E-5 1.01063E-5 1.22604E-5 1.07191E-5 1.17014E-5 1.59652E-5 1.51971E-5 1.84144E-5 2.5047E-5 1.92623E-5 2.48447E-5 2.0229E-5 2.15089E-5 3.12842E-5 2.92816E-5 3.527E-5 3.96417E-5 4.19938E-5 5.84272E-5 5.47286E-5 6.14199E-5 5.76664E-5 7.30916E-5 8.73327E-5 1.39562E-4 1.06877E-4 1.18818E-4 1.52701E-4 1.43394E-4 1.42488E-4 1.41765E-4 1.7627E-4 1.66448E-4 1.65941E-4 1.84128E-4 1.83855E-4 1.83683E-4 1.73926E-4 1.74224E-4
4.54401E-6 5.19341E-6 5.1914E-6 4.53014E-6 3.94929E-6 3.44152E-6 3.44305E-6 4.51796E-6 5.16615E-6 5.17786E-6 6.7851E-6 6.77294E-6 5.86266E-6 6.70663E-6 5.27009E-6 5.85483E-6 4.4658E-6 8.87125E-6 6.77914E-6 5.2701E-6 7.67568E-6 9.37539E-6 1.00125E-5 9.41126E-6 1.31123E-5 1.30879E-5 1.8139E-5 1.61359E-5 1.61532E-5 2.50302E-5 2.08076E-5 2.48421E-5 3.00609E-5 3.19704E-5 3.17827E-5 3.37113E-5 2.79234E-5 3.48989E-5 4.85875E-5 4.16009E-5 4.98222E-5 8.30625E-5 6.89993E-5 8.23768E-5 1.03973E-4 1.0997E-4 1.37999E-4 1.36984E-4 1.52362E-4 1.51331E-4 1.68235E-4 1.77541E-4 1.76274E-4 1.7536E-4 1.74739E-4 2.1612E-4 1.64769E-4 1.83279E-4 1.83537E-4 1.74089E-4 1.93599E-4
5.93093E-6 3.95466E-6 4.52188E-6 5.1707E-6 3.45402E-6 3.00981E-6 3.93704E-6 5.16377E-6 3.93531E-6 6.7698E-6 5.91266E-6 4.01079E-6 5.84414E-6 5.26527E-6 5.90728E-6 5.27009E-6 6.70072E-6 6.76374E-6 6.02601E-6 9.37326E-6 7.86579E-6 1.22384E-5 1.07212E-5 1.48979E-5 1.69082E-5 1.93516E-5 1.80848E-5 2.49846E-5 2.65863E-5 2.82771E-5 2.34726E-5 2.80856E-5 3.3901E-5 3.60514E-5 4.34948E-5 4.06465E-5 3.56071E-5 3.33601E-5 5.45283E-5 5.78423E-5 4.46302E-5 6.24039E-5 6.74187E-5 9.75399E-5 1.03138E-4 1.02319E-4 1.21578E-4 1.52167E-4 1.51053E-4 1.67925E-4 1.86836E-4 2.07513E-4 2.18527E-4 1.94734E-4 1.93966E-4 1.93332E-4 1.33122E-4 1.64713E-4 2.03264E-4 2.25875E-4 2.26036E-4
4.02887E-6 4.02335E-6 3.94047E-6 3.44461E-6 6.75439E-6 5.15919E-6 4.5079E-6 3.93351E-6 3.43227E-6 5.89652E-6 5.16623E-6 5.10881E-6 5.83097E-6 7.65826E-6 7.66874E-6 6.75453E-6 6.76059E-6 8.78047E-6 9.38374E-6 1.00124E-5 1.22107E-5 1.48911E-5 1.41966E-5 1.81335E-5 1.69142E-5 1.67709E-5 2.07245E-5 3.21623E-5 2.82736E-5 3.00447E-5 3.85107E-5 3.6024E-5 3.36635E-5 4.05945E-5 4.89159E-5 5.18403E-5 5.14846E-5 5.45493E-5 5.11527E-5 5.73965E-5 7.28092E-5 7.70565E-5 8.6305E-5 8.39112E-5 1.2911E-4 1.28292E-4 1.43076E-4 1.7839E-4 1.50054E-4 1.66956E-4 1.85509E-4 1.65361E-4 2.04812E-4 1.83408E-4 1.7371E-4 1.92806E-4 1.93019E-4 1.83347E-4 1.83533E-4 1.84232E-4 1.84952E-4
4.52425E-6 4.02165E-6 4.45976E-6 3.93342E-6 3.40333E-6 2.66943E-6 3.9335E-6 3.43698E-6 3.05795E-6 4.49771E-6 6.75142E-6 5.89909E-6 5.10412E-6 7.64783E-6 8.77257E-6 7.66692E-6 8.1797E-6 1.00031E-5 9.57824E-6 1.06896E-5 1.30292E-5 1.38924E-5 1.48161E-5 1.58044E-5 1.58042E-5 2.32502E-5 1.57518E-5 2.05466E-5 2.48874E-5 2.64143E-5 4.08356E-5 4.33898E-5 3.57418E-5 4.5684E-5 5.49012E-5 5.82116E-5 6.53812E-5 5.42468E-5 5.74543E-5 5.71293E-5 7.69942E-5 8.61799E-5 8.57608E-5 1.21308E-4 9.55338E-5 1.34141E-4 1.58869E-4 1.76887E-4 1.7591E-4 1.85261E-4 2.06022E-4 1.64909E-4 2.03895E-4 1.93248E-4 2.0311E-4 1.92862E-4 2.14196E-4 2.14257E-4 2.03896E-4 1.85109E-4 1.85909E-4
6.76993E-6 4.60896E-6 4.45781E-6 5.09717E-6 5.09949E-6 4.45577E-6 5.89118E-6 4.50383E-6 5.14983E-6 5.15214E-6 5.14274E-6 5.88834E-6 5.89367E-6 5.89636E-6 7.2027E-6 7.6929E-6 1.14168E-5 1.39565E-5 1.16708E-5 1.14197E-5 1.38829E-5 1.68991E-5 1.79989E-5 2.18796E-5 2.0441E-5 2.17562E-5 2.31179E-5 3.18463E-5 3.38341E-5 3.81716E-5 3.57345E-5 4.87764E-5 4.03348E-5 5.48889E-5 6.97013E-5 6.53261E-5 7.32676E-5 7.76019E-5 7.26988E-5 8.14494E-5 8.62461E-5 8.57609E-5 9.58475E-5 1.35131E-4 1.00945E-4 1.0063E-4 1.5759E-4 1.75617E-4 1.84012E-4 2.04233E-4 2.67735E-4 2.0426E-4 2.26264E-4 2.50946E-4 2.25446E-4 2.49931E-4 2.37175E-4 2.14658E-4 2.15519E-4 2.16401E-4 1.87263E-4
5.16387E-6 5.90186E-6 5.10413E-6 5.09257E-6 5.09488E-6 5.83624E-6 4.00713E-6 3.92638E-6 5.14746E-6 5.14274E-6 4.49351E-6 4.48334E-6 5.12858E-6 6.27851E-6 7.67736E-6 8.19557E-6 8.1629E-6 1.13874E-5 1.47691E-5 1.92886E-5 1.58064E-5 1.5782E-5 1.91438E-5 2.81548E-5 2.47665E-5 2.6333E-5 2.46299E-5 3.3776E-5 3.81715E-5 4.05129E-5 4.30311E-5 6.21108E-5 7.45249E-5 7.38104E-5 6.91119E-5 7.31747E-5 8.20212E-5 8.66678E-5 8.61553E-5 9.11333E-5 1.01858E-4 9.59025E-5 1.07094E-4 1.3407E-4 1.12679E-4 1.40795E-4 1.8492E-4 1.95097E-4 1.74115E-4 1.93162E-4 2.14269E-4 2.37888E-4 2.63443E-4 2.49898E-4 2.49719E-4 2.37296E-4 2.2597E-4 2.15262E-4 2.16097E-4 2.17589E-4 2.07965E-4
5.89649E-6 5.89642E-6 4.00342E-6 5.09021E-6 5.82826E-6 4.58184E-6 5.83091E-6 5.14745E-6 5.14508E-6 4.49149E-6 5.13091E-6 4.44456E-6 5.08554E-6 6.22641E-6 7.62821E-6 7.80377E-6 9.96458E-6 9.30023E-6 1.29172E-5 1.67069E-5 2.64737E-5 2.04562E-5 2.17395E-5 2.62956E-5 2.79817E-5 2.97682E-5 3.16609E-5 2.96411E-5 4.0496E-5 5.16593E-5 6.21225E-5 7.87468E-5 6.52309E-5 5.40669E-5 7.73796E-5 8.18833E-5 9.17265E-5 8.6137E-5 1.08267E-4 1.07716E-4 9.02235E-5 1.0705E-4 1.33921E-4 1.19104E-4 1.32821E-4 1.65339E-4 2.28957E-4 2.27975E-4 2.2669E-4 2.14497E-4 2.14027E-4 2.37203E-4 2.6298E-4 2.62539E-4 2.62835E-4 2.62967E-4 2.5044E-4 2.27942E-4 2.27835E-4 2.29022E-4 1.98826E-4
5.89102E-6 5.89368E-6 4.48943E-6 5.82814E-6 4.57761E-6 5.82289E-6 5.8176E-6 5.14033E-6 5.14503E-6 4.58593E-6 5.82277E-6 6.22638E-6 8.7145E-6 6.85842E-6 8.91704E-6 1.06608E-5 1.15678E-5 1.136E-5 8.71479E-6 1.46906E-5 1.887E-5 2.60035E-5 3.17964E-5 3.37783E-5 3.59128E-5 4.32466E-5 5.21026E-5 5.52551E-5 5.85833E-5 5.81397E-5 6.96129E-5 6.11044E-5 6.47323E-5 6.84875E-5 7.68011E-5 8.12573E-5 1.02394E-4 9.61109E-5 1.07513E-4 1.34833E-4 1.26779E-4 1.26122E-4 1.33184E-4 1.4844E-4 1.47746E-4 1.83728E-4 2.04342E-4 2.26608E-4 2.50952E-4 2.50354E-4 2.49898E-4 2.76537E-4 2.62809E-4 2.62561E-4 2.90778E-4 2.91056E-4 2.51394E-4 2.52645E-4 2.41106E-4 2.30663E-4 2.20831E-4
5.13791E-6 5.13323E-6 5.07385E-6 5.13086E-6 4.57333E-6 5.82283E-6 5.0832E-6 5.23405E-6 5.24118E-6 5.88946E-6 6.29554E-6 8.73025E-6 9.31132E-6 1.2987E-5 1.30101E-5 1.15678E-5 1.29474E-5 1.38007E-5 1.4729E-5 1.57124E-5 1.47057E-5 1.78104E-5 2.96056E-5 2.45435E-5 4.5776E-5 4.85336E-5 5.15182E-5 4.82578E-5 5.12071E-5 6.50026E-5 6.89117E-5 6.46898E-5 7.25204E-5 7.67169E-5 8.1305E-5 1.02323E-4 1.01675E-4 9.56549E-5 1.34579E-4 1.50097E-4 1.49046E-4 1.57202E-4 1.56488E-4 1.55971E-4 1.64363E-4 2.03916E-4 2.26645E-4 2.51263E-4 2.501E-4 2.7705E-4 2.76343E-4 3.05907E-4 3.38355E-4 3.37886E-4 3.21632E-4 3.21709E-4 2.92565E-4 2.65872E-4 2.53766E-4 2.55805E-4 2.45064E-4
5.87996E-6 3.91546E-6 3.87019E-6 5.12852E-6 5.81743E-6 5.81212E-6 5.82005E-6 5.23879E-6 5.24589E-6 7.68047E-6 8.19011E-6 1.0655E-5 1.13733E-5 9.50312E-6 1.15702E-5 1.57598E-5 1.47115E-5 1.67678E-5 2.16522E-5 2.62557E-5 2.45439E-5 2.61146E-5 2.02285E-5 2.01553E-5 2.43051E-5 2.58966E-5 3.31643E-5 3.98737E-5 5.08151E-5 5.39652E-5 5.7261E-5 8.17466E-5 7.67933E-5 8.58311E-5 1.2162E-4 1.28422E-4 1.13486E-4 1.19986E-4 1.49898E-4 1.48988E-4 1.65642E-4 1.47685E-4 1.55789E-4 1.73129E-4 1.92569E-4 2.14091E-4 2.63735E-4 3.59954E-4 3.23194E-4 3.22299E-4 3.55579E-4 3.73173E-4 3.7275E-4 3.72804E-4 3.55096E-4 3.22562E-4 3.07962E-4 2.9386E-4 2.95953E-4 2.83406E-4 2.60352E-4
5.12836E-6 5.07364E-6 5.06903E-6 5.86921E-6 5.81719E-6 5.80665E-6 5.99397E-6 6.40587E-6 9.97066E-6 1.07023E-5 9.3231E-6 1.13496E-5 1.385E-5 1.47679E-5 1.57167E-5 1.31166E-5 2.03651E-5 2.16679E-5 1.78041E-5 2.15451E-5 2.60975E-5 3.14889E-5 3.55939E-5 2.93854E-5 2.75334E-5 3.75184E-5 5.41667E-5 3.98055E-5 6.09496E-5 7.72145E-5 9.7454E-5 1.03225E-4 1.02403E-4 9.60979E-5 1.07394E-4 1.13484E-4 1.12712E-4 1.58063E-4 1.75754E-4 1.48238E-4 1.64673E-4 2.04618E-4 2.03585E-4 2.02793E-4 2.13833E-4 2.63777E-4 2.62759E-4 3.22404E-4 3.21737E-4 3.55136E-4 3.54651E-4 3.54737E-4 3.5459E-4 3.72795E-4 3.54948E-4 3.5621E-4 3.40414E-4 3.25554E-4 3.27287E-4 2.25891E-4 2.27914E-4
5.81188E-6 5.8066E-6 4.56689E-6 5.86364E-6 7.61728E-6 6.66055E-6 7.65924E-6 8.71151E-6 1.06281E-5 1.13856E-5 1.38457E-5 1.29234E-5 1.23119E-5 1.57511E-5 1.47081E-5 1.78206E-5 2.16395E-5 2.78176E-5 2.45076E-5 2.29628E-5 2.94991E-5 2.7619E-5 3.77565E-5 3.12182E-5 2.31081E-5 3.52436E-5 5.07832E-5 7.28258E-5 8.16571E-5 8.64439E-5 9.66026E-5 1.3678E-4 1.28328E-4 1.42986E-4 1.51118E-4 1.33645E-4 1.25833E-4 1.56905E-4 1.56126E-4 1.94062E-4 1.92929E-4 2.38497E-4 2.64453E-4 2.25228E-4 2.76904E-4 2.76038E-4 2.75668E-4 3.37655E-4 3.37402E-4 3.91531E-4 3.5423E-4 3.91065E-4 3.91271E-4 4.30893E-4 3.91649E-4 3.93032E-4 3.75844E-4 3.59719E-4 2.60582E-4 2.50037E-4 1.5443E-4
5.809E-6 4.56046E-6 5.22403E-6 5.58994E-6 5.59119E-6 8.70958E-6 8.32918E-6 1.06272E-5 1.13435E-5 1.06328E-5 1.15499E-5 1.57079E-5 1.90848E-5 1.59157E-5 1.90195E-5 1.66982E-5 2.15002E-5 1.77379E-5 2.43474E-5 4.0242E-5 4.27261E-5 4.53704E-5 4.82161E-5 3.97895E-5 1.5968E-5 5.37315E-5 5.71182E-5 6.41001E-5 9.12434E-5 9.66202E-5 1.07864E-4 1.35357E-4 1.27044E-4 1.26297E-4 1.76577E-4 1.96563E-4 1.85352E-4 7.55714E-5 1.93726E-4 2.14831E-4 1.92039E-4 2.36988E-4 2.36494E-4 3.22912E-4 3.22173E-4 1.20217E-4 1.33048E-4 3.72387E-4 3.72403E-4 4.10347E-4 3.72499E-4 3.9083E-4 4.51801E-4 4.10905E-4 4.12513E-4 4.13915E-4 3.1321E-4 3.96366E-4 2.88045E-4 1.77689E-4 1.70866E-4
7.62593E-6 7.61211E-6 5.47202E-6 6.82637E-6 9.94676E-6 9.34745E-6 1.13588E-5 1.20999E-5 1.47192E-5 1.37628E-5 1.90848E-5 1.6751E-5 2.03019E-5 1.79948E-5 2.0229E-5 2.15276E-5 2.01733E-5 2.43474E-5 3.12847E-5 2.58427E-5 2.747E-5 3.30798E-5 5.39493E-5 3.5077E-5 1.8005E-5 5.04219E-5 7.22014E-5 9.1243E-5 1.01893E-4 1.07756E-4 1.20175E-4 1.19484E-4 7.92736E-5 1.25401E-4 1.39967E-4 1.74149E-4 2.16046E-4 2.27789E-4 2.03081E-4 8.7914E-5 9.2542E-5 1.02806E-4 2.35718E-4 2.89911E-4 3.55196E-4 3.54745E-4 1.54691E-4 3.90422E-4 4.30265E-4 4.5206E-4 4.74142E-4 5.46685E-4 4.52175E-4 4.32499E-4 4.76085E-4 4.56194E-4 3.4537E-4 3.48014E-4 2.04197E-4 1.9624E-4 1.98474E-4
1.06704E-5 8.14098E-6 6.68883E-6 8.1569E-6 1.13349E-5 1.06153E-5 1.15422E-5 1.29275E-5 1.5694E-5 1.66819E-5 1.56416E-5 1.89671E-5 2.29981E-5 2.17441E-5 2.01484E-5 2.43629E-5 2.94121E-5 2.75432E-5 3.319E-5 3.74157E-5 3.97558E-5 5.72771E-5 4.20919E-5 3.95148E-5 5.33624E-5 6.77104E-5 6.36376E-5 9.04098E-5 8.01496E-5 8.46853E-5 9.47605E-5 1.05806E-4 1.25447E-4 1.39776E-4 1.55852E-4 1.73236E-4 1.92556E-4 2.13559E-4 8.78068E-5 1.77323E-4 2.48744E-4 1.20116E-4 2.17189E-4 2.17097E-4 3.36095E-4 4.09749E-4 3.08077E-4 3.39675E-4 4.51028E-4 5.21384E-4 4.10356E-4 1.72423E-4 4.31658E-4 1.99879E-4 3.60165E-4 5.01661E-4 3.8044E-4 2.34183E-4 2.25103E-4 2.1647E-4 2.18926E-4
8.7524E-6 1.0612E-5 7.28274E-6 7.76602E-6 1.05952E-5 1.29009E-5 1.5699E-5 1.46135E-5 1.67488E-5 1.88247E-5 1.46773E-5 2.01779E-5 2.15148E-5 3.56803E-5 2.14526E-5 3.33418E-5 2.5821E-5 3.10547E-5 2.91981E-5 3.10341E-5 3.4989E-5 5.68088E-5 5.33576E-5 5.654E-5 5.63729E-5 6.73078E-5 2.72149E-5 7.97763E-5 1.12747E-4 1.26151E-4 1.18854E-4 1.18129E-4 1.47448E-4 1.6407E-4 2.03402E-4 2.14606E-4 1.9184E-4 9.24453E-5 2.35868E-4 2.61374E-4 2.897E-4 3.0444E-4 3.36629E-4 1.46933E-4 3.70894E-4 3.70527E-4 3.70924E-4 3.53678E-4 4.2948E-4 3.91099E-4 3.24756E-4 3.58251E-4 3.76279E-4 4.7823E-4 2.21748E-4 2.23088E-4 4.18394E-4 2.36486E-4 2.47752E-4 2.3861E-4 2.29779E-4
8.16693E-6 1.13084E-5 1.2065E-5 1.47043E-5 1.15253E-5 1.2811E-5 1.90541E-5 1.78036E-5 1.68737E-5 2.30191E-5 2.78074E-5 2.60005E-5 3.14501E-5 3.78609E-5 3.11988E-5 2.92494E-5 2.74292E-5 2.91737E-5 4.77021E-5 5.05658E-5 5.03257E-5 5.32711E-5 5.98672E-5 4.45064E-5 6.32393E-5 5.29398E-5 3.23481E-5 3.42292E-5 9.96998E-5 1.56909E-4 1.56322E-4 1.09947E-4 1.46548E-4 1.2896E-4 7.87928E-5 2.01546E-4 2.24117E-4 2.75878E-4 1.02601E-4 1.25891E-4 3.19975E-4 3.53244E-4 3.52942E-4 1.46938E-4 3.22791E-4 4.08386E-4 3.89233E-4 1.71453E-4 4.72405E-4 1.81012E-4 4.52524E-4 2.2012E-4 4.77438E-4 4.1562E-4 4.36168E-4 2.68396E-4 2.81486E-4 2.60373E-4 2.50171E-4 1.33153E-3 1.23568E-3
