day_2/Results/Podomys_floridanus/projections/PaleoClim/-15000/RUN_3.asc
ncols         385
nrows         252
xllcorner     -91.50013924285
yllcorner     25.49986064915003
cellsize      0.041666666500000005
NODATA_value  -9999
[rows 81 to 107 of 252, columns 0 to 60 of 385]
5.56898E-3 5.97234E-3 1.33067E-2 1.33067E-2 1.42607E-2 1.33067E-2 1.24111E-2 1.15733E-2 1.15706E-2 9.38398E-3 1.00552E-2 1.07798E-2 1.07849E-2 1.07874E-2 1.00622E-2 9.37515E-3 7.58802E-3 7.58442E-3 9.79947E-3 5.35722E-3 6.59667E-3 5.74493E-3 9.36847E-3 6.57062E-3 2.05685E-3 5.69342E-3 6.87453E-3 4.11851E-3 8.5029E-3 8.73523E-3 1.05058E-2 1.00599E-2 1.12713E-2 1.07899E-2 1.20817E-2 1.07975E-2 1.00599E-2 1.00481E-2 2.79224E-3 3.91465E-3 1.07773E-2 1.07824E-2 4.20513E-3 3.21255E-3 2.99422E-3 1.00457E-2 2.99495E-3 4.19521E-3 8.73315E-3 2.25391E-3 1.56888E-3 1.81155E-3 1.94846E-3 6.56282E-3 1.95033E-3 1.68601E-3 2.08928E-3 1.9461E-3 1.56583E-3 4.2415E-3 1.56735E-3
5.97374E-3 1.52657E-2 1.52727E-2 1.52798E-2 1.63608E-2 1.42672E-2 1.33067E-2 1.24111E-2 1.24053E-2 1.24053E-2 1.1576E-2 1.00646E-2 1.07824E-2 1.15625E-2 1.20845E-2 1.05206E-2 1.05132E-2 4.0593E-3 5.00166E-3 1.07823E-2 1.23706E-2 3.3986E-3 1.9508E-3 5.69751E-3 7.3808E-3 3.28513E-3 3.28823E-3 7.58622E-3 8.12396E-3 5.4544E-3 1.12529E-2 1.1266E-2 1.20845E-2 1.15733E-2 1.1576E-2 1.29538E-2 1.15652E-2 3.92206E-3 9.37515E-3 1.07849E-2 1.07874E-2 1.00528E-2 1.07773E-2 2.60094E-3 2.98997E-3 1.0041E-2 2.79091E-3 2.59846E-3 9.35749E-3 8.72493E-3 1.95363E-3 2.94071E-3 7.56282E-3 2.59226E-3 3.39052E-3 2.09329E-3 1.68478E-3 1.68478E-3 1.44253E-3 1.68151E-3 2.05137E-3
1.5541E-2 1.3541E-2 1.35316E-2 1.55258E-2 1.42663E-2 1.52744E-2 1.42614E-2 1.33074E-2 1.24111E-2 1.24053E-2 1.32943E-2 1.24168E-2 1.07975E-2 1.079E-2 1.1274E-2 1.20874E-2 4.06216E-3 1.07798E-2 1.07823E-2 7.58621E-3 2.25337E-3 6.57381E-3 7.05419E-3 3.52005E-3 5.08798E-3 5.09156E-3 3.7782E-3 3.52834E-3 6.57537E-3 6.12056E-3 7.05586E-3 9.35529E-3 1.1266E-2 1.20874E-2 7.22379E-3 1.24024E-2 9.38616E-3 1.23909E-2 1.23966E-2 1.23966E-2 1.15733E-2 7.52912E-3 9.37072E-3 7.00982E-3 2.41941E-3 3.90724E-3 3.64784E-3 9.35969E-3 7.00814E-3 2.59598E-3 9.35084E-3 3.16356E-3 2.0938E-3 1.68396E-3 2.09027E-3 1.81243E-3 1.56964E-3 1.94471E-3 1.55446E-3 1.66785E-3 2.20357E-3
1.83838E-2 1.57972E-2 1.47477E-2 1.57892E-2 1.57892E-2 1.47469E-2 1.45026E-2 1.45018E-2 1.35355E-2 1.26309E-2 1.26244E-2 7.87816E-3 1.31881E-2 1.23066E-2 1.20979E-2 4.35892E-3 4.05836E-3 8.73729E-3 1.00339E-2 8.73314E-3 9.3685E-3 9.79485E-3 7.92466E-3 7.38776E-3 5.69752E-3 6.86143E-3 6.56749E-3 3.52336E-3 6.58637E-3 8.49892E-3 9.36409E-3 8.12971E-3 1.1245E-2 1.20761E-2 9.38174E-3 1.00599E-2 1.23909E-2 1.15544E-2 4.50674E-3 1.00433E-2 1.23822E-2 1.07899E-2 1.00575E-2 9.37072E-3 2.79158E-3 2.59598E-3 9.35526E-3 3.64698E-3 8.72493E-3 2.25228E-3 3.15979E-3 3.15829E-3 2.09531E-3 1.55333E-3 1.94423E-3 2.08977E-3 7.5574E-3 1.81549E-3 2.54501E-3 1.56773E-3 2.20358E-3
1.74553E-2 1.63127E-2 1.63118E-2 1.74583E-2 1.63193E-2 1.60521E-2 1.60476E-2 1.6043E-2 1.49889E-2 1.46053E-2 1.3417E-2 1.34131E-2 1.25201E-2 1.3407E-2 5.17787E-3 5.174E-3 8.7549E-3 8.74146E-3 6.57696E-3 8.71259E-3 1.00362E-2 3.52502E-3 6.57536E-3 9.10654E-3 6.87613E-3 5.29757E-3 6.5581E-3 3.77642E-3 3.7862E-3 8.51699E-3 8.72495E-3 6.57692E-3 7.57541E-3 9.3641E-3 1.05132E-2 1.29598E-2 1.07975E-2 2.79558E-3 3.39944E-3 2.78894E-3 3.91279E-3 1.07672E-2 1.07722E-2 7.51314E-3 9.35965E-3 2.59721E-3 3.64092E-3 3.64438E-3 6.52503E-3 2.5966E-3 3.39376E-3 2.09531E-3 7.04913E-3 1.57117E-3 1.94424E-3 1.56735E-3 1.94517E-3 7.03737E-3 1.68845E-3 1.68519E-3 1.68274E-3
1.80056E-2 1.68402E-2 1.77094E-2 2.02562E-2 1.89693E-2 1.77374E-2 1.65764E-2 1.52391E-2 1.48449E-2 1.48483E-2 1.48449E-2 1.48483E-2 7.22199E-3 7.21867E-3 4.91539E-3 1.01478E-2 1.2367E-2 1.29521E-2 8.16211E-3 6.58141E-3 7.197E-3 8.06295E-3 6.57193E-3 6.11992E-3 6.12433E-3 5.30052E-3 5.68659E-3 8.48484E-3 4.05358E-3 5.10117E-3 7.58442E-3 8.13164E-3 9.36409E-3 1.00551E-2 1.29418E-2 7.74563E-3 1.24139E-2 1.24139E-2 1.15761E-2 8.74558E-3 9.35971E-3 2.99139E-3 2.78825E-3 2.25066E-3 2.59226E-3 2.41535E-3 2.41189E-3 2.78228E-3 3.39133E-3 3.15978E-3 7.56819E-3 2.41882E-3 7.56822E-3 3.1613E-3 1.68723E-3 1.6856E-3 1.94799E-3 1.81287E-3 6.55342E-3 5.69339E-3 1.55447E-3
1.60017E-2 1.60053E-2 5.76985E-3 1.46989E-2 1.79904E-2 1.82971E-2 1.68496E-2 1.53449E-2 1.47147E-2 1.53371E-2 1.43382E-2 7.99085E-3 1.3182E-2 1.23058E-2 4.7433E-3 5.95212E-3 4.66562E-3 1.11413E-2 1.45819E-2 5.39057E-3 3.53251E-3 5.93856E-3 6.82721E-3 4.26601E-3 3.90993E-3 2.52681E-3 5.81633E-3 6.11595E-3 8.49594E-3 5.45858E-3 8.73933E-3 8.72907E-3 9.37071E-3 1.12713E-2 1.07874E-2 1.07798E-2 1.23851E-2 1.52445E-2 1.33004E-2 1.1576E-2 2.79558E-3 2.09835E-3 7.57004E-3 2.41536E-3 2.09329E-3 2.09078E-3 1.67028E-3 1.80718E-3 2.08926E-3 2.24418E-3 2.41188E-3 8.10851E-3 2.5941E-3 3.15677E-3 1.94939E-3 2.73891E-3 7.57001E-3 6.57536E-3 1.81682E-3 6.57068E-3 2.3781E-3
1.76615E-2 1.88763E-2 1.62777E-2 1.4226E-2 1.52048E-2 1.8566E-2 1.85774E-2 1.58562E-2 1.55968E-2 1.55959E-2 1.45842E-2 8.12254E-3 5.6247E-3 5.2554E-3 4.2077E-3 1.07236E-2 9.40723E-3 8.78133E-3 1.22882E-2 4.50666E-3 7.13078E-3 7.63123E-3 6.92133E-3 1.97916E-3 5.6184E-3 3.22614E-3 3.01852E-3 7.67911E-3 8.22194E-3 7.19355E-3 9.95582E-3 8.90455E-3 5.66656E-3 6.85364E-3 1.09789E-2 9.37242E-3 3.91094E-3 9.36186E-3 1.15517E-2 1.23995E-2 1.15679E-2 1.00575E-2 8.72288E-3 1.94845E-3 2.09279E-3 1.6856E-3 1.56659E-3 1.44359E-3 1.56583E-3 1.55181E-3 1.56431E-3 1.56583E-3 1.9461E-3 1.81112E-3 2.24634E-3 6.07834E-3 8.13549E-3 8.72701E-3 1.00339E-2 1.07621E-2 1.07646E-2
1.79344E-2 2.04516E-2 2.04696E-2 1.79454E-2 1.79295E-2 1.67841E-2 1.65193E-2 1.72073E-2 1.72102E-2 1.7214E-2 8.97084E-3 8.38926E-3 5.80963E-3 4.99197E-3 9.11446E-3 1.28088E-2 1.02574E-2 1.37223E-2 5.25063E-3 4.28257E-3 4.57723E-3 4.50818E-3 6.77671E-3 5.47234E-3 4.98917E-3 5.35349E-3 8.51953E-3 3.78215E-3 6.98069E-3 6.82929E-3 8.01676E-3 3.98745E-3 6.62323E-3 9.73986E-3 9.0754E-3 9.06054E-3 2.46875E-3 8.2799E-3 9.5245E-3 1.17392E-2 1.07634E-2 1.00368E-2 2.25311E-3 1.56659E-3 6.55025E-3 1.81211E-3 1.68396E-3 1.8098E-3 2.37235E-3 1.56812E-3 1.55181E-3 1.56545E-3 2.73431E-3 1.81243E-3 2.09128E-3 9.34204E-3 1.00504E-2 8.73318E-3 2.41999E-3 2.25013E-3 2.24743E-3
1.62215E-2 1.59564E-2 1.82014E-2 1.70508E-2 1.49407E-2 1.49341E-2 1.59476E-2 1.66068E-2 1.67747E-2 1.74685E-2 1.63559E-2 1.43202E-2 5.89894E-3 5.98192E-3 1.01018E-2 9.9188E-3 7.53478E-3 1.20747E-2 4.43011E-3 9.86744E-3 8.07743E-3 6.60129E-3 4.0673E-3 4.38921E-3 3.8161E-3 7.19216E-3 6.2895E-3 6.61286E-3 8.6911E-3 6.63204E-3 8.32778E-3 1.07058E-2 1.23826E-2 1.38315E-2 1.38505E-2 9.42412E-3 8.6155E-3 3.59789E-3 2.34184E-3 2.29351E-3 1.98733E-3 2.13564E-3 6.82352E-3 1.47707E-3 1.84731E-3 1.72224E-3 1.6006E-3 1.68309E-3 7.17726E-3 2.42375E-3 1.60021E-3 1.68431E-3 2.59987E-3 1.98815E-3 2.0902E-3 2.41031E-3 1.0025E-2 8.73629E-3 8.29644E-3 7.20507E-3 1.95323E-3
1.64816E-2 1.16009E-2 1.44519E-2 1.44488E-2 1.54274E-2 1.54274E-2 1.32937E-2 1.32811E-2 1.32774E-2 1.41946E-2 1.41939E-2 1.4197E-2 5.33225E-3 7.46126E-3 2.50903E-3 7.31112E-3 7.99193E-3 4.5828E-3 1.02198E-2 1.22753E-2 9.00119E-3 7.17059E-3 8.78748E-3 9.18238E-3 7.47921E-3 6.54762E-3 5.19637E-3 5.57318E-3 7.89906E-3 9.02281E-3 9.67206E-3 1.11613E-2 8.93416E-3 3.4867E-3 1.02545E-2 1.31542E-2 1.17821E-2 9.4056E-3 2.27352E-3 2.11451E-3 1.79459E-3 2.96188E-3 2.76282E-3 1.66035E-3 2.51961E-3 2.90396E-3 1.75816E-3 1.74174E-3 2.3361E-3 2.90877E-3 1.62416E-3 1.88476E-3 5.58559E-3 2.18153E-3 1.63799E-3 1.58775E-3 2.4586E-3 4.34258E-3 1.11645E-2 1.11756E-2 1.0605E-2
1.59298E-2 6.17348E-3 1.81425E-2 1.70228E-2 1.56858E-2 1.46835E-2 1.37453E-2 1.20391E-2 1.10602E-2 1.28531E-2 1.18302E-2 1.23182E-2 1.31823E-2 8.30744E-3 9.49859E-3 4.66399E-3 6.49882E-3 5.33671E-3 9.98675E-3 7.82087E-3 7.42162E-3 9.53741E-3 5.63121E-3 5.91154E-3 6.79652E-3 6.21949E-3 5.29649E-3 6.09989E-3 5.8143E-3 8.21611E-3 9.43351E-3 2.09901E-3 8.06942E-3 1.06235E-2 1.13851E-2 1.30345E-2 1.1192E-2 7.30507E-3 6.35898E-3 3.08718E-3 1.74641E-3 2.31075E-3 2.68264E-3 2.68013E-3 2.47928E-3 1.96965E-3 1.70654E-3 1.54123E-3 2.1077E-3 7.75822E-3 1.87455E-3 1.82028E-3 6.22045E-3 5.81299E-3 2.43611E-3 2.07251E-3 2.22634E-3 1.75872E-3 7.90712E-3 1.15744E-2 3.93998E-3
1.33111E-2 1.42076E-2 1.61793E-2 1.72836E-2 1.51804E-2 1.42099E-2 1.39701E-2 1.30784E-2 1.14617E-2 1.30698E-2 1.30784E-2 1.27309E-2 6.80127E-3 1.3409E-2 5.49761E-3 1.49764E-2 1.32366E-2 1.28904E-2 1.0827E-2 6.16456E-3 6.60829E-3 5.76769E-3 6.17177E-3 2.04104E-3 5.2301E-3 4.88365E-3 1.52486E-3 6.33974E-3 9.13536E-3 9.14429E-3 9.14276E-3 8.96735E-3 1.17722E-2 1.01116E-2 1.08097E-2 3.40916E-3 9.92046E-3 8.22453E-3 8.80106E-3 7.67107E-3 3.37007E-3 1.95634E-3 8.2132E-3 2.93664E-3 1.89956E-3 2.19727E-3 1.90981E-3 1.61047E-3 1.85873E-3 7.51363E-3 2.40902E-3 1.91085E-3 3.30709E-3 3.30921E-3 2.53391E-3 2.48295E-3 9.73832E-3 2.01489E-3 1.83253E-3 1.3433E-2 1.37402E-2
1.56742E-2 1.46891E-2 1.28943E-2 1.64351E-2 1.54178E-2 1.35379E-2 1.26708E-2 1.18619E-2 1.26652E-2 1.18664E-2 1.23428E-2 8.75905E-3 8.42534E-3 1.39246E-2 7.51701E-3 1.79044E-3 1.55415E-3 1.41718E-3 1.41808E-3 1.32231E-3 6.9827E-3 3.67817E-3 8.22323E-3 5.88015E-3 5.10561E-3 5.87435E-3 2.40098E-3 6.47561E-3 9.9539E-3 9.32567E-3 8.87199E-3 2.96301E-3 8.51779E-3 9.12756E-3 2.68701E-3 2.13514E-3 8.37203E-3 3.27517E-3 2.50638E-3 2.33977E-3 2.03796E-3 1.04536E-2 8.98735E-3 3.43881E-3 1.80848E-3 1.99074E-3 1.98328E-3 1.56772E-3 2.28951E-3 6.15421E-3 2.29288E-3 1.85879E-3 8.96569E-3 2.82768E-3 2.6355E-3 2.24692E-3 9.90683E-3 8.07875E-3 1.91539E-3 2.31254E-3 1.39082E-2
1.51769E-2 1.3995E-2 1.31108E-2 1.31108E-2 1.31044E-2 1.39873E-2 1.22854E-2 1.15027E-2 1.228E-2 1.29014E-2 1.20825E-2 2.19929E-3 2.34782E-3 6.36454E-3 6.36984E-3 7.29384E-3 6.82128E-3 7.79492E-3 5.15884E-3 4.08923E-3 4.2798E-3 1.91009E-3 6.97873E-3 6.40146E-3 7.85711E-3 9.003E-3 8.42546E-3 7.72048E-3 9.46358E-3 1.22831E-2 1.09742E-2 2.16708E-3 1.97285E-3 2.1171E-3 2.96026E-3 1.9278E-3 9.287E-3 9.48448E-3 3.17973E-3 8.69617E-3 1.21797E-2 4.10341E-3 1.12023E-2 2.38894E-3 1.75943E-3 7.42724E-3 6.94252E-3 1.89346E-3 4.08884E-3 7.98505E-3 3.11571E-3 3.57343E-3 1.11972E-2 3.5429E-3 2.88397E-3 2.50638E-3 3.75525E-3 9.61006E-3 3.02629E-3 2.24759E-3 2.76536E-3
1.4468E-2 1.35674E-2 1.27155E-2 1.35528E-2 1.17099E-2 1.33207E-2 1.24916E-2 1.17066E-2 1.29895E-2 9.32984E-3 1.55287E-2 1.56564E-2 1.45527E-2 6.0963E-3 8.48517E-3 9.86503E-3 9.69009E-3 7.42279E-3 5.09583E-3 1.08534E-2 5.96881E-3 1.23097E-3 1.14482E-3 1.11718E-3 1.58323E-3 1.78281E-3 2.19461E-3 1.87273E-3 2.05393E-3 3.07727E-3 1.19024E-2 8.20882E-3 1.78795E-3 3.07255E-3 2.52886E-3 2.15633E-3 3.52414E-3 9.03065E-3 9.66741E-3 4.25482E-3 2.79437E-3 3.19826E-3 4.17497E-3 2.61034E-3 1.98067E-3 7.72761E-3 2.26971E-3 1.56083E-3 2.59757E-3 1.15927E-2 8.86592E-3 3.425E-3 3.43025E-3 4.46698E-3 1.08588E-2 2.43889E-3 9.30664E-3 9.96189E-3 2.38649E-3 2.38467E-3 2.03286E-3
1.49495E-2 1.47069E-2 1.37923E-2 1.21267E-2 1.21189E-2 1.13564E-2 1.13533E-2 1.17892E-2 1.32975E-2 1.15083E-2 1.39532E-2 4.74206E-3 1.39691E-2 7.90248E-3 2.65323E-3 1.7747E-3 1.61853E-3 1.61915E-3 1.19869E-3 2.0749E-3 1.10551E-2 7.95253E-3 7.93828E-3 6.07691E-3 1.65798E-3 1.73577E-3 1.58469E-3 1.70074E-3 1.95561E-3 2.24577E-3 1.08635E-2 1.18467E-2 1.87195E-3 2.13814E-3 2.29303E-3 2.14489E-3 2.10476E-3 1.06992E-2 1.22324E-2 3.56246E-3 2.9048E-3 2.31825E-3 3.96915E-3 7.24137E-3 1.12346E-2 9.21744E-3 2.06436E-3 2.00897E-3 2.20123E-3 9.82256E-3 2.7093E-3 2.31343E-3 3.48713E-3 2.90413E-3 1.10341E-2 7.76389E-3 4.63179E-3 3.10874E-3 2.16478E-3 3.23549E-3 2.11986E-3
1.42511E-2 1.42572E-2 1.3376E-2 1.33731E-2 1.2544E-2 1.10325E-2 1.08346E-2 7.66134E-3 2.36975E-3 1.24142E-2 2.65723E-3 2.53707E-3 1.11297E-2 1.26961E-2 9.16176E-3 9.77955E-3 6.89496E-3 8.39932E-3 6.32655E-3 1.28576E-3 7.06742E-3 6.20246E-3 2.13177E-3 8.09468E-3 1.48164E-3 1.4427E-3 1.40924E-3 2.17895E-3 6.79655E-3 2.18777E-3 2.18846E-3 9.07784E-3 7.58984E-3 2.23599E-3 2.2353E-3 3.3374E-3 1.18501E-2 1.32958E-2 5.14169E-3 4.72231E-3 3.38601E-3 2.90317E-3 3.85721E-3 2.5844E-3 3.15691E-3 1.39369E-2 1.00384E-2 1.96453E-3 3.66395E-3 1.08914E-2 2.29941E-3 1.91423E-3 2.95008E-3 3.92733E-3 3.16733E-3 1.14356E-2 3.01791E-3 3.93049E-3 2.95718E-3 3.16354E-3 3.36512E-3
4.41251E-3 1.35987E-2 1.27618E-2 1.27591E-2 1.19682E-2 1.19657E-2 1.19631E-2 3.29006E-3 2.11517E-3 1.47373E-3 1.4716E-3 8.13471E-3 8.71743E-3 1.06183E-2 6.58467E-3 8.73092E-3 7.04963E-3 2.89037E-3 6.45795E-3 1.89824E-3 7.8652E-3 1.0254E-2 8.82643E-3 9.42563E-3 7.73613E-3 2.59353E-3 1.58239E-3 1.69599E-3 1.94258E-3 2.4301E-3 3.87417E-3 8.82331E-3 1.02563E-2 6.62825E-3 1.14692E-2 1.56122E-2 1.44164E-2 5.57888E-3 5.21833E-3 4.79805E-3 2.63471E-3 3.01022E-3 1.16372E-2 9.55913E-3 2.00327E-3 4.55697E-3 1.24267E-2 1.04073E-2 3.13577E-3 9.71825E-3 2.74018E-3 2.00216E-3 2.50553E-3 4.2706E-3 4.57688E-3 4.36204E-3 3.13346E-3 1.18377E-2 2.6902E-3 2.87074E-3 2.68438E-3
5.92865E-3 1.40649E-2 9.95528E-3 1.2393E-2 1.14284E-2 1.14326E-2 1.07296E-2 2.41936E-3 1.58036E-3 2.34929E-3 2.20052E-3 1.43981E-3 1.88546E-3 7.2953E-3 7.16467E-3 8.89958E-3 6.71084E-3 2.95582E-3 8.73287E-3 7.02989E-3 9.57914E-3 1.02405E-2 2.71409E-3 7.88018E-3 9.78544E-3 2.2251E-3 2.03019E-3 7.35963E-3 1.89997E-3 1.76739E-3 2.1691E-3 3.52285E-3 9.77741E-3 2.42269E-3 2.65624E-3 2.27676E-3 2.55518E-3 2.23225E-3 2.33975E-3 2.18796E-3 2.68195E-3 2.34486E-3 4.64839E-3 1.2885E-2 2.56521E-3 2.23175E-3 2.92169E-3 1.48694E-2 1.15152E-2 1.07754E-2 3.47364E-3 2.78956E-3 3.88482E-3 2.61103E-3 5.0601E-3 1.15027E-2 3.64566E-3 3.41348E-3 1.00814E-2 3.63888E-3 3.63295E-3
6.42236E-3 6.42371E-3 1.34359E-2 1.34387E-2 1.26323E-2 1.52194E-2 1.65201E-2 1.14399E-2 1.00332E-2 7.64429E-3 9.21868E-3 6.56596E-3 2.40534E-3 7.43053E-3 3.06106E-3 9.67101E-3 6.85411E-3 9.48342E-3 1.07944E-2 2.41812E-3 2.21804E-3 2.37166E-3 2.7058E-3 1.04237E-2 1.21095E-2 8.19696E-3 2.5419E-3 6.8715E-3 3.1534E-3 1.4121E-3 1.97565E-3 2.46479E-3 9.49581E-3 3.4342E-3 2.53561E-3 2.17009E-3 2.48364E-3 2.49171E-3 2.28127E-3 2.78563E-3 2.98054E-3 3.88136E-3 2.97987E-3 1.48742E-2 1.02855E-2 2.33314E-3 2.32097E-3 2.84056E-3 1.3296E-2 1.27257E-2 2.90694E-3 2.37386E-3 4.59286E-3 3.31037E-3 3.78117E-3 1.26955E-2 3.10394E-3 1.11467E-2 1.1692E-2 1.09664E-2 3.7786E-3
5.12469E-3 6.64053E-3 1.47889E-2 1.67129E-2 2.18147E-2 1.43102E-2 3.96477E-3 1.23739E-2 2.86311E-3 8.80896E-3 3.20543E-3 8.81366E-3 8.66037E-3 2.7511E-3 1.92859E-3 9.6348E-3 9.65841E-3 2.69836E-3 1.89157E-3 1.64965E-3 2.01983E-3 2.2657E-3 2.26488E-3 2.58545E-3 1.15402E-2 8.00772E-3 2.42231E-3 2.63932E-3 8.90351E-3 8.50762E-3 2.36781E-3 2.74145E-3 9.67706E-3 3.34228E-3 1.40918E-3 1.57555E-3 2.58199E-3 3.8376E-3 4.02761E-3 2.71263E-3 2.48438E-3 2.71245E-3 2.32785E-3 3.09028E-3 1.35168E-2 9.18505E-3 2.27118E-3 2.58241E-3 3.59991E-3 1.77428E-2 1.13885E-2 3.01737E-3 3.01336E-3 2.58563E-3 9.70633E-3 1.13564E-2 3.43893E-3 9.10787E-3 3.43968E-3 1.21031E-2 4.47174E-3
7.18533E-3 7.18533E-3 1.59836E-2 4.75801E-3 4.64346E-3 1.04097E-2 4.0108E-3 1.18342E-2 1.47847E-3 7.3723E-3 7.73489E-3 9.38196E-3 9.20917E-3 7.57808E-3 1.84187E-3 1.92293E-3 1.92553E-3 2.06002E-3 7.4595E-3 2.40755E-3 2.69375E-3 2.8671E-3 2.64499E-3 3.98686E-3 1.23058E-2 1.15547E-2 2.64454E-3 4.54858E-3 1.10271E-2 1.19592E-2 4.71844E-3 3.40395E-3 1.07059E-2 3.40975E-3 1.84659E-3 1.80413E-3 8.4705E-3 2.47347E-3 2.41542E-3 2.63773E-3 2.2679E-3 4.17798E-3 2.42263E-3 2.42557E-3 3.00717E-3 1.3108E-2 3.07796E-3 2.6462E-3 3.49494E-3 3.2832E-3 1.71991E-2 4.65045E-3 4.3456E-3 2.53063E-3 3.72692E-3 1.103E-2 3.34435E-3 4.63332E-3 3.5673E-3 1.10229E-2 4.26853E-3
5.99511E-3 1.30475E-2 1.34829E-2 3.02449E-3 5.38735E-3 3.61169E-3 2.92384E-3 1.45024E-2 8.27478E-3 5.34464E-3 2.39314E-3 1.75616E-3 1.34176E-3 1.2823E-3 1.1714E-3 9.30989E-4 1.34076E-3 1.53606E-3 1.88353E-3 1.88327E-3 2.10609E-3 2.1083E-3 2.57605E-3 3.12496E-3 3.5632E-3 3.80173E-3 3.80337E-3 5.26973E-3 1.27385E-2 3.87603E-3 3.25256E-3 3.25015E-3 1.08988E-2 8.44011E-3 2.51067E-3 2.62408E-3 2.80809E-3 2.06557E-3 2.20498E-3 3.80274E-3 2.57197E-3 3.56088E-3 2.93713E-3 2.93071E-3 2.74482E-3 2.92748E-3 1.19317E-2 2.76149E-3 3.11813E-3 5.70395E-3 4.40841E-3 1.6696E-2 1.14368E-2 3.4066E-3 2.57402E-3 1.37947E-2 4.80817E-3 4.80713E-3 4.50618E-3 1.19459E-2 9.59513E-3
5.06382E-3 6.16489E-3 3.20263E-3 2.94667E-3 2.88838E-3 2.8306E-3 2.95762E-3 1.29931E-2 7.69341E-3 8.23009E-3 1.40481E-3 7.95119E-4 1.14346E-3 1.25598E-3 1.53608E-3 1.40366E-3 1.7165E-3 1.60948E-3 7.51339E-3 2.50804E-3 2.19725E-3 2.6823E-3 3.24571E-3 3.18841E-3 3.1889E-3 2.79927E-3 2.98521E-3 3.18751E-3 3.04518E-3 3.25156E-3 1.08942E-2 4.67012E-3 1.18223E-2 1.13069E-2 2.10857E-3 1.92299E-3 3.52793E-3 2.35007E-3 2.01582E-3 3.70192E-3 1.06968E-2 3.19029E-3 1.46963E-2 4.2336E-3 4.22446E-3 2.67511E-3 2.66985E-3 1.02168E-2 1.76792E-3 2.29846E-3 3.45615E-3 1.40314E-2 1.16303E-2 3.76143E-3 1.23824E-2 1.16328E-2 3.76549E-3 1.23831E-2 1.09094E-2 3.04444E-3 2.8496E-3
7.20859E-3 1.60246E-2 3.48138E-3 1.21128E-2 8.26973E-3 2.88277E-3 2.19019E-3 2.71407E-3 2.23209E-3 1.20236E-3 7.47453E-4 1.04848E-3 9.81972E-4 1.71337E-3 2.18241E-3 1.17334E-3 1.53275E-3 6.78085E-3 2.00754E-3 1.72226E-3 1.96852E-3 4.09818E-3 3.52865E-3 3.30997E-3 3.53223E-3 3.52995E-3 3.04443E-3 3.30833E-3 3.53397E-3 1.25882E-2 3.83656E-3 3.59856E-3 5.06776E-3 1.38799E-2 3.52637E-3 1.92538E-3 2.28681E-3 2.10046E-3 2.97873E-3 1.03764E-2 3.45924E-3 3.24428E-3 3.76523E-3 1.42884E-2 1.18475E-2 1.04287E-2 2.7816E-3 1.10667E-2 2.78158E-3 2.45062E-3 2.73037E-3 3.58597E-3 1.12883E-2 2.45186E-3 5.6315E-3 1.36493E-2 2.96404E-3 1.27959E-2 1.13106E-2 2.98369E-3 2.79216E-3
7.78172E-3 4.35254E-3 5.87856E-3 6.14534E-3 2.60873E-3 1.8766E-3 1.50373E-3 1.53611E-3 1.02981E-3 9.61785E-4 1.28742E-3 1.43663E-3 2.27991E-3 1.54031E-3 1.07558E-3 8.77529E-4 1.00731E-3 8.03117E-3 1.84086E-3 2.89983E-3 1.01149E-2 3.66453E-3 2.9668E-3 3.16043E-3 4.08217E-3 3.1654E-3 2.96468E-3 3.16042E-3 5.73966E-3 4.08764E-3 3.3716E-3 3.9014E-3 5.48605E-3 1.41044E-2 1.2691E-2 3.16791E-3 1.61349E-3 2.23308E-3 4.24161E-3 2.29467E-3 1.88075E-3 2.39346E-3 3.81768E-3 1.44993E-2 1.54672E-2 1.4785E-2 4.55261E-3 2.85505E-3 3.49368E-3 2.91008E-3 1.79929E-3 2.49319E-3 1.02949E-2 2.24173E-3 2.84183E-3 1.24294E-2 2.34802E-3 4.81804E-3 1.40992E-2 2.91407E-3 3.09904E-3
