day_2/Results/Podomys_floridanus/projections/PaleoClim/-15000/RUN_3.asc
ncols         385
nrows         252
xllcorner     -91.50013924285
yllcorner     25.49986064915003
cellsize      0.041666666500000005
NODATA_value  -9999
[rows 54 to 80 of 252, columns 183 to 243 of 385]
1.59797E-4 8.70471E-4 1.01749E-3 3.73538E-4 2.1813E-4 8.07809E-4 8.71816E-4 9.89478E-4 6.93724E-4 6.93011E-4 1.93277E-3 1.56703E-3 1.13197E-3 5.18703E-4 2.93911E-3 7.4678E-4 1.7989E-3 1.94051E-3 1.16053E-3 9.39144E-4 2.24059E-3 1.66836E-3 9.33677E-4 1.829E-3 9.97993E-4 8.79927E-4 2.71537E-3 1.69271E-3 1.69097E-3 8.11999E-4 2.84116E-3 3.06486E-4 2.86911E-4 3.06444E-4 1.38141E-4 1.4048E-4 1.6339E-4 2.36291E-4 1.42643E-4 1.92727E-4 1.65821E-4 2.78854E-4 4.22298E-4 3.72483E-4 1.53755E-4 1.92718E-4 2.9592E-4 4.53248E-4 2.6241E-4 1.69077E-4 3.79267E-4 2.87454E-4 1.40075E-4 1.78657E-4 1.92872E-4 3.45376E-4 3.4455E-4 3.44374E-4 1.9521E-4 2.10704E-4 2.10873E-4
2.18131E-4 8.71588E-4 1.2779E-3 6.29603E-4 3.09861E-4 1.09528E-3 7.50111E-4 6.93192E-4 9.41688E-4 9.91758E-4 8.52384E-4 1.20746E-3 1.71797E-3 1.29058E-3 2.51598E-3 2.33223E-3 2.67142E-3 2.12833E-3 1.94001E-3 6.46916E-4 1.1143E-3 9.55351E-4 2.1099E-3 9.49101E-4 1.04048E-3 1.39597E-3 3.36844E-3 2.00403E-3 1.19577E-3 3.02634E-4 2.0046E-4 3.5831E-4 3.14757E-4 1.40338E-4 1.40524E-4 1.92611E-4 2.07668E-4 1.78703E-4 1.78666E-4 2.10662E-4 1.42852E-4 2.10347E-4 2.43518E-4 1.95751E-4 1.95948E-4 2.7901E-4 4.60502E-4 3.89726E-4 3.8933E-4 4.1594E-4 4.15311E-4 4.21678E-4 3.19581E-4 1.65386E-4 2.10651E-4 4.74946E-4 3.7239E-4 3.19761E-4 3.71803E-4 3.71991E-4 4.27972E-4
2.36011E-4 9.41686E-4 1.48423E-3 2.36071E-4 2.86884E-4 8.07189E-4 6.45278E-4 1.01827E-3 1.06867E-3 4.46904E-4 5.60436E-4 5.20539E-4 2.21718E-3 2.48558E-3 2.75583E-3 2.7162E-3 2.47966E-3 2.12942E-3 1.66562E-3 5.60013E-4 5.6185E-4 6.0572E-4 1.41873E-3 1.3022E-3 1.12104E-3 1.23344E-3 1.43298E-3 2.20865E-3 1.88456E-3 2.64823E-4 1.05022E-3 1.05133E-3 1.43525E-4 1.79326E-4 2.07671E-4 1.78748E-4 4.2172E-4 1.20587E-4 1.32021E-4 1.34128E-4 2.14087E-4 3.06111E-4 1.46747E-4 2.13711E-4 2.48995E-4 2.11044E-4 5.28466E-4 4.60499E-4 3.91446E-4 2.23819E-4 3.73071E-4 2.02811E-4 3.72198E-4 3.19859E-4 2.0588E-4 2.30401E-4 4.75211E-4 5.11427E-4 4.39572E-4 4.39815E-4 4.40039E-4
5.92098E-4 1.18484E-3 6.88675E-4 8.07811E-4 9.42647E-4 8.09893E-4 8.72267E-4 1.09668E-3 8.0989E-4 1.01542E-3 1.01723E-3 1.15487E-3 6.51262E-4 2.21775E-3 1.13856E-3 3.45593E-3 2.92942E-3 2.67494E-3 1.80176E-3 1.27596E-3 6.04349E-4 6.52568E-4 7.0292E-4 7.57209E-4 2.70026E-3 5.61144E-4 5.61144E-4 5.61708E-4 1.16037E-3 1.07574E-3 2.22735E-3 2.68884E-4 1.24064E-3 1.32007E-3 4.68215E-4 3.7199E-4 3.36121E-4 1.22419E-4 1.44669E-4 1.70713E-4 2.52246E-4 2.34332E-4 1.70997E-4 1.36379E-4 2.92646E-4 4.75573E-4 3.19615E-4 1.92629E-4 4.98511E-4 2.27456E-4 6.0393E-4 3.50513E-4 1.67939E-4 1.95495E-4 4.14123E-4 2.43471E-4 3.59438E-4 6.04292E-4 4.14777E-4 5.53125E-4 6.43045E-4
2.44872E-3 3.06145E-3 6.87687E-4 2.87182E-4 1.24274E-3 1.44851E-3 8.24767E-4 9.42173E-4 2.73322E-3 1.56954E-3 1.01542E-3 4.82057E-4 1.24653E-3 5.61144E-4 1.32998E-3 3.25613E-3 2.92602E-3 2.93015E-3 2.67495E-3 1.97086E-3 2.477E-3 5.61144E-4 1.4967E-3 2.64745E-3 2.64192E-3 5.19358E-4 1.15604E-3 5.60861E-4 2.32504E-3 9.91755E-4 7.82243E-4 9.7733E-4 3.15983E-3 1.66346E-4 3.44743E-4 1.22188E-4 1.68032E-4 1.58571E-4 1.84032E-4 1.47014E-4 2.0171E-4 1.70722E-4 1.49041E-4 2.16955E-4 2.72186E-4 7.01575E-4 3.50799E-4 2.30666E-4 5.68968E-4 2.52361E-4 2.48611E-4 4.08261E-4 3.24532E-4 1.44515E-4 1.70713E-4 2.01507E-4 2.17216E-4 2.71902E-4 7.22742E-4 5.7804E-4 3.14636E-4
7.16663E-4 2.88101E-3 2.44261E-3 8.08852E-4 1.09724E-3 1.18394E-3 6.97265E-4 2.18116E-3 6.46264E-4 2.76915E-3 1.7184E-3 1.18424E-3 1.24748E-3 1.66224E-3 1.80372E-3 3.25482E-3 2.1982E-3 3.62559E-3 2.92883E-3 1.69532E-3 2.84344E-3 5.60859E-4 7.02566E-4 1.22126E-3 2.00775E-3 1.58981E-3 4.45773E-4 1.04223E-3 8.73602E-4 3.83604E-4 9.07044E-4 2.00228E-3 1.65959E-4 1.65603E-4 3.19433E-4 1.30179E-4 1.34053E-4 1.98295E-4 1.34237E-4 1.70928E-4 2.48289E-4 2.97724E-4 1.2592E-4 1.38084E-4 2.75316E-4 7.59405E-4 4.47943E-4 2.75936E-4 2.5632E-4 5.5415E-4 4.47058E-4 4.7447E-4 4.46201E-4 4.14123E-4 4.2039E-4 4.53135E-4 4.19985E-4 2.01568E-4 2.56332E-4 3.02033E-4 6.64075E-4
1.20159E-3 3.11101E-3 1.19659E-3 8.09891E-4 1.15341E-3 2.01211E-3 1.09725E-3 4.8279E-4 2.37981E-3 1.32246E-3 2.03651E-3 1.34114E-3 6.51586E-4 7.57964E-4 1.35834E-3 2.98564E-3 3.47202E-3 3.50903E-3 2.55608E-3 2.92823E-3 1.82863E-3 2.50794E-3 1.34248E-3 5.61283E-4 1.32944E-3 8.98079E-4 1.46608E-3 1.5828E-3 2.50329E-4 2.6646E-4 2.95626E-4 2.53641E-4 3.71234E-4 3.1927E-4 2.9593E-4 2.32435E-4 2.1024E-4 1.44698E-4 1.44631E-4 2.3077E-4 4.34822E-4 1.1524E-4 1.06684E-4 1.38015E-4 1.49193E-4 3.54945E-4 3.02711E-4 2.60823E-4 4.89233E-4 5.68394E-4 6.60236E-4 6.4385E-4 4.4672E-4 2.14097E-4 2.34579E-4 5.77257E-4 4.60106E-4 2.01527E-4 2.3783E-4 2.38033E-4 2.80417E-4
2.72525E-3 3.66955E-3 8.44908E-4 1.09752E-3 1.18514E-3 2.99722E-3 1.01906E-3 6.04048E-4 3.28437E-3 1.64844E-3 2.80189E-3 2.06571E-3 1.27661E-3 6.52076E-4 7.58534E-4 2.66424E-3 1.44868E-3 3.25728E-3 2.59339E-3 3.41605E-3 2.33578E-3 1.47544E-3 2.18769E-3 1.14191E-3 1.14343E-3 3.01896E-3 9.63196E-5 2.73181E-4 2.53718E-4 2.34805E-4 1.76391E-4 2.95731E-4 3.40668E-4 3.24283E-4 4.07104E-4 1.64126E-4 1.55963E-4 3.16175E-4 1.44478E-4 2.67077E-4 3.25243E-4 1.46776E-4 1.48974E-4 1.40252E-4 2.10719E-4 2.88708E-4 3.35508E-4 9.08061E-4 4.90024E-4 2.56269E-4 7.03965E-4 7.57935E-4 4.53615E-4 2.20514E-4 2.76389E-4 6.22904E-4 4.61085E-4 4.96233E-4 2.04732E-4 2.24076E-4 2.41574E-4
3.52494E-3 4.01703E-3 8.58606E-4 9.42413E-4 1.27822E-3 6.05415E-4 2.81547E-3 1.27823E-3 6.04046E-4 1.3562E-3 4.03598E-3 3.06687E-3 2.22733E-3 6.04046E-4 8.15143E-4 8.15547E-4 1.59905E-3 3.22492E-3 2.44257E-3 3.21822E-3 2.98876E-3 3.25482E-3 1.88405E-3 1.244E-3 4.47245E-4 1.67255E-3 3.25493E-4 2.04574E-4 1.76409E-4 3.00575E-4 2.20721E-4 1.06281E-4 1.33753E-4 1.44528E-4 4.4613E-4 2.09228E-4 5.05668E-4 3.83548E-4 1.93875E-4 3.46282E-4 1.5813E-4 1.70816E-4 1.28334E-4 1.40224E-4 1.8131E-4 2.1409E-4 3.11165E-4 3.88942E-4 6.33596E-4 2.60498E-4 6.6338E-4 6.22122E-4 4.26902E-4 1.92881E-4 3.01855E-4 7.90476E-4 7.81273E-4 6.31881E-4 5.71534E-4 5.71105E-4 2.24212E-4
3.72084E-3 4.0798E-3 1.09359E-3 1.88491E-3 5.19753E-4 7.02743E-4 2.27795E-3 2.41187E-3 2.26217E-3 6.042E-4 1.5928E-3 3.30666E-3 2.23154E-3 1.27629E-3 2.85203E-3 2.40325E-3 1.44888E-3 1.39186E-3 1.09122E-3 1.3849E-3 4.09503E-3 3.56042E-3 2.06528E-3 3.4142E-4 1.81005E-4 1.58134E-4 3.56723E-4 3.30254E-4 2.6127E-4 4.33741E-4 2.58127E-4 2.04098E-4 9.11696E-5 1.25727E-4 1.70376E-4 2.12564E-4 2.1399E-4 3.74374E-4 4.03257E-4 4.34843E-4 1.16889E-4 1.6049E-4 2.20182E-4 1.53718E-4 1.68073E-4 1.84108E-4 2.71767E-4 3.40348E-4 3.61477E-4 8.56381E-4 6.82069E-4 6.31536E-4 5.0468E-4 2.64109E-4 2.64254E-4 3.76659E-4 6.2521E-4 6.24741E-4 3.06802E-4 7.37025E-4 6.84183E-4
7.02916E-4 4.48316E-3 2.42941E-3 2.59592E-3 1.37768E-3 1.56223E-3 6.52895E-4 1.59988E-3 3.28981E-3 3.11106E-3 1.6156E-3 3.11608E-3 3.51846E-3 1.94422E-3 1.17785E-3 2.48229E-3 1.19183E-3 1.60841E-3 1.74067E-3 1.83504E-3 1.97145E-3 2.44069E-3 2.25984E-3 2.8429E-4 4.81815E-4 3.30502E-4 1.1005E-3 2.87328E-3 2.43018E-4 1.35605E-4 4.19534E-4 2.07959E-4 1.91996E-4 1.13117E-4 9.26492E-5 1.72823E-4 2.01324E-4 1.87022E-4 2.01841E-4 5.13631E-4 3.34803E-4 1.187E-4 1.20527E-4 1.30024E-4 1.31918E-4 1.55736E-4 1.70711E-4 2.71781E-4 3.4045E-4 3.94944E-4 1.01859E-3 6.42473E-4 2.84619E-4 2.68306E-4 2.11165E-4 3.54673E-4 3.82549E-4 3.54941E-4 3.3526E-4 3.88648E-4 3.11553E-4
6.04202E-4 1.71748E-3 5.93428E-3 1.57314E-3 2.23188E-3 2.79551E-3 7.02217E-4 7.57399E-4 8.15548E-4 3.30217E-3 7.03273E-4 3.87662E-3 2.4791E-3 2.86476E-3 6.52408E-4 1.5223E-3 1.51704E-3 3.57898E-3 1.4861E-3 1.74696E-3 2.6502E-3 2.09654E-3 2.37477E-3 1.34527E-3 4.14767E-4 4.14559E-4 1.10372E-3 3.9064E-4 2.6537E-4 2.27542E-4 3.78091E-4 3.89407E-4 3.60482E-4 2.27767E-4 8.58788E-5 1.01642E-4 1.18488E-4 1.48951E-4 2.37355E-4 5.35662E-4 4.84066E-4 1.76079E-4 1.89929E-4 1.78932E-4 1.42657E-4 1.22407E-4 1.55792E-4 1.868E-4 2.97155E-4 3.45515E-4 3.66964E-4 8.06696E-4 6.94534E-4 6.04461E-4 5.11826E-4 2.4863E-4 3.11397E-4 3.6078E-4 2.93385E-4 4.24842E-4 3.16362E-4
1.70826E-3 3.13331E-3 1.72337E-3 2.84437E-3 3.564E-3 2.9856E-3 3.26635E-3 3.06794E-3 1.18575E-3 6.52078E-4 7.04152E-4 1.53152E-3 2.52264E-3 6.52245E-4 1.67448E-3 3.37179E-3 3.91642E-3 3.35611E-3 1.94213E-3 6.50119E-4 5.62132E-4 1.0982E-3 2.41573E-3 2.46634E-4 4.45886E-4 1.28883E-4 2.83696E-4 4.47713E-4 2.46183E-4 3.29816E-4 1.58957E-4 1.89518E-4 3.60995E-4 3.34289E-4 3.0963E-4 3.0619E-4 1.18585E-4 1.51243E-4 1.51366E-4 2.23694E-4 2.60119E-4 1.66173E-4 1.95712E-4 2.11006E-4 2.14134E-4 1.84257E-4 1.4682E-4 1.46745E-4 1.73268E-4 2.55979E-4 3.45532E-4 8.82308E-4 8.27639E-4 8.27184E-4 6.51898E-4 1.98934E-4 2.92873E-4 3.1636E-4 2.53201E-4 3.20575E-4 3.21004E-4
8.16156E-4 2.38092E-3 4.20895E-3 3.62256E-3 4.75368E-3 2.84524E-3 3.06546E-3 1.59265E-3 2.69368E-3 6.52574E-4 8.17382E-4 8.81072E-4 1.67532E-3 7.58347E-4 8.79321E-4 3.3913E-3 2.36303E-3 3.40664E-3 2.29786E-3 1.0162E-3 6.03892E-4 5.21329E-4 1.60516E-3 2.92437E-4 2.45675E-4 1.09622E-4 1.30728E-4 2.0889E-4 3.40134E-4 3.14235E-4 1.39967E-4 4.546E-4 3.95119E-4 2.32544E-4 2.18892E-4 1.51404E-4 1.40267E-4 1.65526E-4 1.65534E-4 1.65534E-4 1.95355E-4 2.27158E-4 2.11005E-4 1.9578E-4 1.68568E-4 1.56196E-4 1.46851E-4 1.58238E-4 1.60754E-4 1.60721E-4 3.01576E-4 4.00661E-4 9.50459E-4 8.8253E-4 9.04946E-4 6.61594E-4 1.87245E-4 3.2051E-4 2.98387E-4 2.21264E-4 2.604E-4
1.60964E-3 2.20142E-3 3.68322E-3 4.82714E-3 4.8834E-3 3.1173E-3 1.46909E-3 8.79972E-4 8.8129E-4 8.17383E-4 9.48373E-4 1.02064E-3 7.58725E-4 7.03799E-4 8.7655E-4 1.67372E-3 1.78922E-3 2.92995E-3 2.85357E-3 1.68638E-3 5.98121E-4 6.04804E-4 1.75253E-3 4.34314E-4 2.91525E-4 2.43145E-4 3.55351E-4 4.46451E-4 1.98012E-4 4.01879E-4 2.88006E-4 4.61106E-4 3.91068E-4 1.78697E-4 4.28372E-4 1.78616E-4 2.06234E-4 1.32059E-4 1.1333E-4 1.13243E-4 1.22207E-4 1.4447E-4 1.68133E-4 1.84118E-4 2.48529E-4 2.31082E-4 2.67033E-4 2.12772E-4 1.73445E-4 1.60811E-4 1.89905E-4 3.24956E-4 4.06202E-4 4.38326E-4 1.03943E-3 7.81118E-4 5.78567E-4 2.80574E-4 3.51128E-4 7.72137E-4 6.74396E-4
2.21128E-3 2.04639E-3 5.28611E-3 5.2848E-3 4.96231E-3 4.21085E-3 2.88663E-3 8.77139E-4 1.02063E-3 1.96159E-3 9.47198E-4 7.59861E-4 1.90802E-3 6.06181E-4 6.53227E-4 8.17178E-4 1.82303E-3 2.52092E-3 1.88532E-3 3.969E-4 2.87843E-4 5.60154E-4 5.41042E-4 1.65879E-4 4.67018E-4 3.44605E-4 1.49386E-4 9.71087E-5 3.29541E-4 2.11832E-4 3.50478E-4 1.78445E-4 4.61853E-4 1.92813E-4 2.58858E-4 2.22339E-4 1.92803E-4 4.98471E-4 4.28394E-4 1.42541E-4 1.42505E-4 1.55982E-4 1.56116E-4 1.58471E-4 1.70816E-4 2.17286E-4 2.72066E-4 2.72351E-4 2.17921E-4 1.76399E-4 2.2398E-4 1.92924E-4 2.07933E-4 3.82642E-4 4.78409E-4 1.22207E-3 1.05489E-3 7.83818E-4 3.83307E-4 3.83893E-4 4.71751E-4
1.87759E-3 1.89986E-3 2.07681E-3 2.07908E-3 6.12802E-3 5.74739E-3 3.12076E-3 3.11353E-3 1.86395E-3 3.90198E-3 7.57588E-4 9.47667E-4 1.02039E-3 8.1799E-4 7.59104E-4 8.79323E-4 5.26854E-3 3.26012E-3 1.45014E-3 5.15235E-4 3.00356E-4 4.47132E-4 2.8603E-4 1.82227E-4 5.38653E-4 4.07481E-4 3.19102E-4 1.7668E-4 1.22244E-4 1.33886E-4 1.95386E-4 4.0342E-4 1.6827E-4 2.13983E-4 2.3107E-4 4.69222E-4 2.27398E-4 2.11229E-4 2.62695E-4 1.95681E-4 1.95888E-4 1.81704E-4 2.14263E-4 2.14436E-4 1.84509E-4 1.87103E-4 2.01607E-4 2.20629E-4 2.80361E-4 2.60542E-4 2.96909E-4 2.96746E-4 2.24274E-4 2.27552E-4 3.35213E-4 4.50824E-4 4.51847E-4 3.6248E-4 2.85445E-4 3.30727E-4 3.07286E-4
1.60873E-3 2.04476E-3 2.07671E-3 2.63271E-3 6.2901E-3 3.96531E-3 4.83217E-3 4.60128E-3 2.88838E-3 3.28644E-3 2.00601E-3 8.15757E-4 7.03095E-4 7.57775E-4 8.16565E-4 6.06481E-4 7.57779E-4 2.2317E-3 2.21266E-3 6.31328E-3 3.8643E-4 1.84657E-4 2.20156E-3 1.44977E-3 3.42111E-3 4.29515E-4 1.90884E-4 1.31924E-4 1.44507E-4 1.44595E-4 1.5835E-4 1.98442E-4 1.98542E-4 1.7091E-4 2.48604E-4 4.69981E-4 2.30898E-4 2.31083E-4 2.83373E-4 1.84258E-4 2.34214E-4 2.31163E-4 2.34697E-4 2.52885E-4 2.34768E-4 2.02076E-4 1.73541E-4 1.73505E-4 2.04761E-4 2.24103E-4 3.25295E-4 3.50866E-4 2.61156E-4 5.80592E-4 2.27747E-4 2.68582E-4 3.95443E-4 1.17041E-3 8.804E-4 8.15964E-4 8.06501E-4
1.38706E-3 2.0396E-3 1.89901E-3 2.83131E-3 5.43166E-3 3.92155E-3 2.40569E-3 4.68054E-3 3.40836E-3 9.45323E-4 2.05237E-3 1.31406E-3 2.7629E-3 5.61289E-4 6.05112E-4 6.52569E-4 6.53388E-4 8.16771E-4 2.26544E-3 2.24733E-3 4.67874E-3 1.63805E-3 1.34563E-3 3.02175E-3 3.41751E-3 4.40665E-4 2.0593E-4 1.42396E-4 1.55902E-4 1.70668E-4 1.84081E-4 1.58438E-4 1.46902E-4 1.73304E-4 2.01496E-4 2.52302E-4 2.52883E-4 2.34709E-4 2.17692E-4 1.71006E-4 1.87017E-4 2.56184E-4 2.76348E-4 2.76624E-4 2.76832E-4 2.76764E-4 5.22335E-4 2.04813E-4 2.2083E-4 2.08195E-4 2.24408E-4 2.6442E-4 3.61385E-4 3.36432E-4 2.89779E-4 3.16672E-4 4.32356E-4 5.92883E-4 1.28014E-3 1.05181E-3 9.04452E-4
4.61322E-3 3.16473E-3 1.63355E-3 2.62533E-3 2.24012E-3 4.40935E-3 2.44327E-3 6.22232E-3 3.41472E-3 3.63122E-3 2.03395E-3 8.16769E-4 2.74581E-3 1.45995E-3 3.22478E-3 5.61712E-4 7.56269E-4 7.5683E-4 7.58151E-4 2.66699E-3 4.68894E-3 1.93328E-3 5.7086E-3 4.33868E-3 3.50328E-3 4.08893E-4 1.44581E-4 1.55911E-4 1.56076E-4 1.44632E-4 1.46858E-4 1.70868E-4 2.01648E-4 2.47504E-4 2.29328E-4 1.60885E-4 2.56185E-4 2.56646E-4 2.382E-4 2.70896E-4 1.90049E-4 1.89963E-4 2.07922E-4 2.60217E-4 3.25877E-4 3.02918E-4 7.16066E-4 2.21286E-4 2.24217E-4 2.84704E-4 3.07133E-4 2.64923E-4 2.89547E-4 4.25543E-4 3.41791E-4 3.6325E-4 4.70184E-4 5.44263E-4 8.34175E-4 1.23354E-3 5.51313E-4
2.59173E-3 4.68545E-3 4.55416E-3 1.54238E-3 2.62482E-3 2.27229E-3 2.63298E-3 5.93624E-3 4.3405E-3 3.63634E-3 1.91816E-3 8.15554E-4 7.57777E-4 8.78663E-4 2.22173E-3 2.08467E-3 3.46323E-3 3.20431E-3 6.04354E-4 7.56644E-4 2.66629E-3 2.45979E-3 6.31708E-3 7.16913E-4 6.51055E-4 5.19831E-4 4.69341E-4 1.56077E-4 1.98642E-4 1.71084E-4 2.01699E-4 2.17352E-4 2.01709E-4 2.56376E-4 2.382E-4 2.21052E-4 2.20997E-4 2.38272E-4 2.38213E-4 2.20997E-4 2.41695E-4 2.08205E-4 2.24352E-4 2.08153E-4 3.30316E-4 3.56457E-4 3.31319E-4 3.30974E-4 3.24708E-4 2.27861E-4 2.8894E-4 3.4889E-4 3.49499E-4 3.90836E-4 4.63324E-4 3.78204E-4 4.5424E-4 5.37326E-4 6.20926E-4 1.47612E-3 1.21512E-3
2.27027E-3 2.82937E-3 3.00781E-3 2.10937E-3 4.41089E-3 2.76419E-3 3.45725E-3 6.98677E-3 5.51255E-3 1.56531E-3 1.95716E-3 3.7959E-3 1.67513E-3 1.67436E-3 1.90439E-3 2.24484E-3 2.24539E-3 2.24315E-3 4.55712E-3 1.92462E-3 7.02218E-4 3.08065E-3 6.73821E-3 3.69858E-3 7.14854E-4 2.49103E-4 6.44173E-4 5.14369E-4 2.17342E-4 2.34343E-4 2.17745E-4 2.51364E-4 1.73454E-4 2.20475E-4 2.37913E-4 2.60334E-4 2.60412E-4 3.02239E-4 2.60816E-4 2.4195E-4 2.4555E-4 2.64578E-4 2.85088E-4 2.64799E-4 2.68828E-4 3.43879E-4 3.99003E-4 4.4506E-4 3.29843E-4 3.19428E-4 2.16967E-4 2.65643E-4 3.71556E-4 3.54238E-4 4.5768E-4 4.75367E-4 4.75946E-4 5.23218E-4 6.26696E-4 1.60275E-3 1.32688E-3
2.27274E-3 2.59327E-3 2.44207E-3 3.28557E-3 3.45436E-3 2.57386E-3 4.43376E-3 5.87541E-3 8.91733E-3 4.8157E-3 2.97511E-3 2.99285E-3 2.38876E-3 2.38635E-3 2.60744E-3 3.24832E-3 5.7163E-3 4.23712E-3 1.40968E-3 6.04658E-4 5.61426E-4 2.90069E-3 4.06153E-3 6.73938E-4 3.94155E-4 3.6569E-4 2.72488E-4 2.72624E-4 5.22573E-4 1.87113E-4 2.56185E-4 2.76624E-4 2.71321E-4 1.6332E-4 1.92574E-4 2.0766E-4 2.07775E-4 2.27448E-4 2.91517E-4 2.91868E-4 2.9627E-4 2.96211E-4 3.0358E-4 3.26727E-4 3.57265E-4 3.32469E-4 4.24285E-4 5.49122E-4 3.04484E-4 3.94344E-4 7.31019E-4 2.53132E-4 3.61901E-4 4.35273E-4 4.53009E-4 3.64934E-4 5.05211E-4 5.55372E-4 6.64704E-4 7.13574E-4 1.74592E-3
2.62961E-3 3.72048E-3 1.96322E-3 3.25559E-3 3.25671E-3 3.25687E-3 4.43614E-3 1.05038E-2 5.20054E-3 4.08969E-3 1.68518E-3 9.46497E-4 3.26912E-3 3.02412E-3 2.60951E-3 2.25747E-3 2.85885E-3 3.07959E-3 6.74028E-3 4.34932E-3 3.98181E-3 2.45486E-3 4.05953E-3 4.39274E-4 3.21181E-4 6.54477E-4 2.76611E-4 2.98017E-4 2.98387E-4 5.77984E-4 1.9004E-4 2.80376E-4 3.02715E-4 5.30666E-4 1.63544E-4 1.51275E-4 1.65603E-4 2.00605E-4 1.86234E-4 2.09125E-4 2.09038E-4 1.9404E-4 2.17622E-4 1.99255E-4 2.4069E-4 3.53275E-4 4.8448E-4 4.04304E-4 4.13344E-4 4.85174E-4 9.2822E-4 2.86757E-4 3.2085E-4 3.33706E-4 4.97178E-4 5.16966E-4 5.28985E-4 5.11923E-4 7.04539E-4 7.20627E-4 1.11704E-3
2.97703E-3 3.76795E-3 4.06186E-3 4.31455E-3 2.57322E-3 2.61017E-3 4.12061E-3 4.77799E-3 9.8658E-3 8.50936E-3 5.0614E-3 1.45313E-3 2.76007E-3 2.21295E-3 2.60393E-3 8.79538E-4 7.04327E-4 6.53389E-4 3.1495E-3 2.91753E-3 2.51819E-3 3.26334E-3 2.92588E-3 3.36212E-4 3.34015E-4 7.71708E-4 3.02484E-4 2.81151E-4 3.86939E-4 7.16745E-4 2.21257E-4 2.47671E-4 3.38587E-4 3.10309E-4 2.88173E-4 4.68033E-4 1.70152E-4 1.74769E-4 1.77347E-4 2.14494E-4 1.68914E-4 1.84606E-4 1.71371E-4 2.23255E-4 2.46865E-4 2.97723E-4 4.1392E-4 5.07165E-4 4.46759E-4 5.45488E-4 1.31721E-3 1.06081E-3 4.24919E-4 4.05215E-4 4.20752E-4 4.36956E-4 4.80264E-4 5.43616E-4 7.62717E-4 7.6402E-4 1.10458E-3
1.79099E-3 1.68728E-3 3.20475E-3 3.25638E-3 3.50308E-3 3.30508E-3 3.89104E-3 5.2109E-3 1.07809E-2 3.51104E-3 8.29731E-3 7.33937E-3 3.85014E-3 1.45167E-3 1.45203E-3 1.90582E-3 2.05261E-3 2.30091E-3 2.13761E-3 1.84135E-3 2.22152E-3 2.45334E-3 4.15968E-3 3.28974E-3 3.43365E-4 3.42271E-4 2.74093E-4 3.46548E-4 4.11234E-4 3.42314E-4 3.18012E-4 2.19236E-4 3.06211E-4 3.55373E-4 3.82781E-4 7.28099E-4 2.08471E-4 2.45405E-4 2.17406E-4 2.17209E-4 5.07872E-4 1.73534E-4 1.80768E-4 2.02739E-4 2.38479E-4 2.83485E-4 2.7026E-4 4.40062E-4 5.86718E-4 6.21917E-4 8.38271E-4 5.51632E-4 5.21488E-4 6.23742E-4 7.72627E-4 1.24833E-3 4.98903E-4 5.68687E-4 7.26896E-4 8.66391E-4 1.19597E-3
5.78783E-3 2.11104E-3 2.11115E-3 1.95961E-3 2.21573E-3 2.24765E-3 3.88112E-3 4.60576E-3 4.44323E-3 5.46435E-3 4.06438E-3 9.60447E-3 5.06114E-3 2.56772E-3 2.56882E-3 2.67109E-3 2.27233E-3 2.19407E-3 2.36224E-3 2.4193E-3 2.08609E-3 2.27818E-3 4.10198E-3 4.00775E-4 3.9196E-4 4.21558E-4 8.56363E-4 2.45875E-4 3.13887E-4 3.63884E-4 4.21475E-4 7.56885E-4 2.52013E-4 3.51359E-4 4.37508E-4 9.43705E-4 2.34189E-4 2.6201E-4 3.86919E-4 3.35117E-4 4.08487E-4 2.68693E-4 2.59981E-4 2.24393E-4 1.93408E-4 2.5105E-4 2.39444E-4 2.88311E-4 4.29858E-4 6.82458E-4 7.33948E-4 8.48151E-4 5.54302E-4 7.24376E-4 8.32899E-4 6.91483E-4 1.45838E-3 5.63698E-4 5.85177E-4 8.7389E-4 9.37169E-4
