day_2/Results/Podomys_floridanus/projections/PaleoClim/-15000/RUN_3.asc
ncols         385
nrows         252
xllcorner     -91.50013924285
yllcorner     25.49986064915003
cellsize      0.041666666500000005
NODATA_value  -9999
[rows 0 to 26 of 252, columns 244 to 304 of 385]
1.0615E-5 5.49729E-5 6.89053E-5 5.43553E-5 9.82084E-6 5.86588E-5 2.51611E-5 1.14957E-5 9.82086E-6 5.01872E-5 3.47277E-5 3.47729E-5 4.30784E-5 5.87051E-5 2.80266E-5 4.3135E-5 6.3508E-5 3.2697E-5 4.12205E-5 3.03998E-5 5.04247E-5 3.52709E-5 3.27812E-5 3.27813E-5 2.59883E-5 6.19814E-5 5.88429E-5 3.2756E-5 2.81285E-5 3.53707E-5 3.03372E-5 6.70052E-5 3.27475E-5 4.12418E-5 3.28236E-5 2.60086E-5 6.20139E-5 3.21574E-5 3.0298E-5 3.03293E-5 2.80702E-5 2.98031E-5 2.59681E-5 2.80413E-5 1.90259E-5 2.53725E-5 1.75945E-5 2.59613E-5 3.14408E-5 2.67036E-5 3.85849E-5 2.89087E-5 3.665E-5 2.54058E-5 2.05646E-5 3.27475E-5 3.53798E-5 2.06023E-5 2.05646E-5 2.22123E-5 4.11153E-5
7.41874E-5 6.83887E-5 3.03053E-5 3.67959E-5 1.14896E-5 5.8567E-5 3.97956E-5 3.97539E-5 5.43836E-5 5.44263E-5 6.19332E-5 3.47548E-5 6.20138E-5 4.66111E-5 5.87512E-5 2.80339E-5 6.37229E-5 6.19818E-5 3.26971E-5 3.82163E-5 3.48453E-5 6.20139E-5 3.03215E-5 3.27476E-5 5.74141E-5 5.88276E-5 6.36401E-5 4.11997E-5 3.82264E-5 3.27645E-5 6.69878E-5 5.8935E-5 3.27224E-5 3.81871E-5 3.81969E-5 2.60422E-5 3.4764E-5 5.7384E-5 2.59345E-5 2.59613E-5 2.22644E-5 2.59479E-5 2.59478E-5 1.9016E-5 3.97747E-5 1.0213E-5 2.96559E-5 2.8034E-5 2.05861E-5 3.398E-5 2.89089E-5 2.66678E-5 3.86153E-5 2.54324E-5 2.22181E-5 3.81577E-5 3.03685E-5 1.90459E-5 1.90409E-5 4.53485E-5 3.21323E-5
7.21049E-5 4.94197E-6 7.18064E-5 4.3078E-5 1.06235E-5 1.14865E-5 5.8613E-5 6.18523E-5 2.59478E-5 3.47638E-5 6.19331E-5 6.19491E-5 3.75457E-5 2.80702E-5 5.45259E-5 6.36237E-5 3.27392E-5 6.71099E-5 6.19656E-5 3.81479E-5 2.81429E-5 3.75946E-5 3.27644E-5 2.60018E-5 6.20138E-5 6.20139E-5 3.03372E-5 4.12208E-5 3.27645E-5 3.47999E-5 5.03188E-5 3.27222E-5 3.03842E-5 3.03217E-5 2.8063E-5 3.27475E-5 5.74291E-5 2.59479E-5 5.02924E-5 5.29796E-5 2.59815E-5 2.75159E-5 4.64398E-5 3.67373E-5 1.89961E-5 2.05593E-5 2.05593E-5 2.22239E-5 1.9011E-5 1.759E-5 3.13573E-5 2.46686E-5 3.65437E-5 2.21601E-5 2.05753E-5 3.53614E-5 3.03608E-5 1.76271E-5 2.59412E-5 2.97643E-5 2.22644E-5
4.644E-5 9.07979E-6 1.51462E-5 5.86743E-5 1.40514E-5 1.51502E-5 3.96386E-5 3.96908E-5 5.42981E-5 5.87661E-5 5.03583E-5 5.87971E-5 6.19332E-5 3.75068E-5 2.80556E-5 3.03136E-5 3.27812E-5 3.03685E-5 5.89815E-5 3.27056E-5 3.82164E-5 2.60153E-5 3.53071E-5 6.70747E-5 3.4809E-5 2.80558E-5 3.81773E-5 3.53434E-5 3.21908E-5 6.19653E-5 4.66477E-5 3.53344E-5 4.12524E-5 2.40753E-5 5.88736E-5 2.8005E-5 2.40501E-5 5.73243E-5 3.67569E-5 5.29798E-5 3.26887E-5 4.30217E-5 3.13322E-5 4.89429E-5 2.75086E-5 1.90061E-5 2.54191E-5 1.9006E-5 3.87481E-5 1.75763E-5 3.87175E-5 3.57702E-5 7.12598E-6 3.66113E-5 2.97254E-5 4.11786E-5 3.03529E-5 2.05808E-5 2.22181E-5 1.90409E-5 3.27055E-5
3.66792E-5 5.01342E-5 4.29648E-5 5.02528E-5 5.72197E-5 3.67762E-5 1.15018E-5 3.96282E-5 4.64275E-5 5.02923E-5 3.47097E-5 6.19814E-5 5.88737E-5 4.65744E-5 6.35906E-5 6.70228E-5 3.53434E-5 3.53797E-5 3.27981E-5 2.60423E-5 3.8197E-5 6.71274E-5 5.88892E-5 2.40503E-5 3.27476E-5 2.40566E-5 3.27391E-5 5.44406E-5 5.02923E-5 6.20137E-5 3.53798E-5 4.12735E-5 3.82264E-5 5.74591E-5 2.40066E-5 4.65986E-5 3.20989E-5 5.3049E-5 4.65621E-5 2.59412E-5 2.4044E-5 3.13657E-5 3.66694E-5 2.05004E-5 2.05592E-5 4.30329E-5 3.97015E-5 4.52531E-5 4.89429E-5 1.9011E-5 4.18891E-5 1.62511E-5 2.90013E-5 4.28636E-5 2.59276E-5 3.81772E-5 2.40628E-5 4.53602E-5 4.89815E-5 2.22007E-5 2.41621E-4
9.80251E-6 1.06149E-5 3.967E-5 5.02529E-5 4.30217E-5 5.43693E-5 3.97749E-5 1.40217E-5 3.96596E-5 5.86589E-5 5.43833E-5 6.19653E-5 3.7575E-5 6.70576E-5 3.03216E-5 3.0345E-5 3.03216E-5 2.81065E-5 3.53616E-5 3.81578E-5 4.12205E-5 7.84275E-5 2.60086E-5 3.0345E-5 3.27645E-5 5.74142E-5 3.02512E-5 4.30895E-5 5.02529E-5 3.52979E-5 4.44307E-5 4.45212E-5 3.28319E-5 2.40879E-5 5.03454E-5 2.39816E-5 4.64642E-5 2.22122E-5 2.40565E-5 2.40753E-5 2.2253E-5 3.13741E-5 4.28859E-5 3.39079E-5 4.88532E-5 1.90209E-5 3.97539E-5 4.28634E-5 3.97535E-5 4.89688E-5 4.2999E-5 4.64643E-5 2.05378E-5 3.40069E-5 2.22066E-5 3.53252E-5 1.90608E-5 4.90329E-5 4.90072E-5 4.64644E-5 2.75085E-5
8.36857E-6 3.96283E-5 4.63546E-5 5.42694E-5 5.7309E-5 6.1901E-5 5.4426E-5 4.65498E-5 3.97644E-5 3.97225E-5 5.02398E-5 2.59076E-5 2.80556E-5 3.03136E-5 3.03449E-5 3.03607E-5 6.71274E-5 3.27308E-5 3.03137E-5 6.21105E-5 2.80921E-5 3.81775E-5 3.03685E-5 3.53706E-5 3.03528E-5 6.20139E-5 5.03452E-5 5.30076E-5 5.03189E-5 2.80267E-5 3.21825E-5 3.27643E-5 3.82264E-5 3.03686E-5 5.30632E-5 4.2886E-5 1.29404E-5 2.05324E-5 3.03137E-5 3.53616E-5 2.41003E-5 3.6728E-5 3.66888E-5 3.66598E-5 3.12658E-5 2.96633E-5 4.53601E-5 9.08469E-6 2.96791E-5 5.44405E-5 4.89817E-5 4.6452E-5 4.6452E-5 2.22296E-5 2.59883E-5 2.80558E-5 2.75445E-5 2.05486E-5 5.30074E-5 3.98063E-5 2.21893E-5
4.65498E-5 4.29087E-5 1.46034E-5 1.51221E-5 6.16914E-5 5.02657E-5 5.8766E-5 6.1917E-5 5.7369E-5 5.03849E-5 5.02795E-5 4.29877E-5 6.18686E-5 6.69877E-5 3.03215E-5 3.53706E-5 3.53888E-5 2.80848E-5 5.89351E-5 3.27224E-5 3.81578E-5 3.27559E-5 3.03449E-5 3.03372E-5 2.80993E-5 5.74292E-5 1.10492E-4 6.1933E-5 5.73392E-5 2.40066E-5 5.73989E-5 4.11891E-5 4.1284E-5 3.03295E-5 1.02987E-4 1.52242E-5 3.12741E-5 3.47097E-5 3.27645E-5 2.80849E-5 3.27475E-5 3.14492E-5 4.29312E-5 3.3899E-5 8.36181E-6 4.64154E-5 5.72646E-5 5.72645E-5 2.40127E-5 2.40377E-5 4.30557E-5 3.67084E-5 3.97328E-5 2.59345E-5 3.03293E-5 2.22587E-5 2.75157E-5 4.6562E-5 2.75158E-5 2.39879E-5 5.03714E-5
2.4019E-5 2.15213E-5 7.27115E-5 1.63776E-5 1.14713E-5 1.63883E-5 5.43548E-5 5.44689E-5 2.5948E-5 2.80775E-5 8.81936E-5 4.64766E-5 5.87048E-5 3.75359E-5 3.03137E-5 3.03059E-5 3.03058E-5 6.20782E-5 2.8063E-5 3.02903E-5 2.40564E-5 3.21574E-5 2.80629E-5 2.80848E-5 3.03294E-5 2.80775E-5 9.80442E-5 5.73093E-5 3.21407E-5 5.03319E-5 2.80484E-5 4.12102E-5 4.12839E-5 5.3105E-5 2.37565E-5 2.34021E-5 4.28747E-5 3.02745E-5 3.81871E-5 6.71447E-5 2.80703E-5 5.04245E-5 5.02531E-5 3.39079E-5 2.51142E-5 6.18042E-5 5.73542E-5 4.65499E-5 5.43835E-5 3.21574E-5 5.30215E-5 4.30104E-5 5.8705E-5 2.59747E-5 3.03294E-5 2.97877E-5 5.0332E-5 2.4019E-5 2.40253E-5 1.02519E-4 2.22007E-5
2.97487E-5 7.34727E-5 8.03723E-5 2.19186E-5 1.51093E-5 1.5118E-5 3.46914E-5 3.03215E-5 6.20947E-5 2.80341E-5 5.44546E-5 7.58072E-5 4.29764E-5 6.1917E-5 2.59614E-5 5.72794E-5 5.73091E-5 2.80412E-5 2.8063E-5 5.44404E-5 3.21071E-5 5.44686E-5 2.80485E-5 2.80703E-5 2.80557E-5 2.40502E-5 5.31185E-5 2.39942E-5 5.29936E-5 5.43123E-5 3.02198E-5 3.53794E-5 4.12523E-5 9.68271E-5 1.51697E-5 4.28858E-5 3.97749E-5 3.02435E-5 3.27897E-5 3.03529E-5 2.80775E-5 2.60017E-5 4.30445E-5 3.1324E-5 3.96595E-5 5.71897E-5 3.47637E-5 5.74141E-5 6.36238E-5 6.6988E-5 5.44547E-5 5.02662E-5 4.65252E-5 2.80267E-5 3.03215E-5 2.97954E-5 5.72795E-5 2.39816E-5 7.92271E-4 9.52752E-5 5.30075E-5
2.22123E-5 6.842E-5 3.15955E-4 1.54394E-5 2.3719E-5 1.50485E-5 3.46468E-5 3.02746E-5 3.03292E-5 5.74141E-5 5.44405E-5 9.87493E-5 5.03583E-5 2.59412E-5 6.20299E-5 3.9775E-5 5.87662E-5 3.47459E-5 3.21825E-5 5.03453E-5 4.30104E-5 2.59277E-5 2.80485E-5 2.40315E-5 5.73391E-5 3.21657E-5 3.02903E-5 4.65865E-5 4.29764E-5 3.67471E-5 3.96806E-5 3.26969E-5 3.81383E-5 2.14933E-5 9.80249E-6 5.28966E-5 6.69357E-5 6.69705E-5 3.81577E-5 3.03685E-5 6.70576E-5 2.8063E-5 4.65621E-5 3.39439E-5 3.9691E-5 4.64887E-5 7.22546E-5 3.03293E-5 2.80558E-5 2.59546E-5 2.22296E-5 4.29989E-5 5.72344E-5 2.59613E-5 2.59681E-5 2.22528E-5 4.90843E-5 9.04483E-5 8.91056E-5 4.65011E-5 2.80268E-5
2.05539E-5 4.01177E-4 2.27256E-5 1.68606E-5 7.45256E-5 5.29661E-5 3.21574E-5 5.44262E-5 2.59412E-5 2.40502E-5 2.40253E-5 9.97088E-5 2.59748E-5 6.19817E-5 2.59882E-5 8.58711E-5 2.40066E-5 6.19976E-5 2.40315E-5 5.73392E-5 5.44119E-5 3.21239E-5 5.73092E-5 5.03056E-5 5.72644E-5 2.40252E-5 2.40253E-5 1.01181E-4 4.65619E-5 5.73244E-5 3.97645E-5 3.52979E-5 4.35098E-5 1.70148E-5 3.3854E-5 6.18686E-5 6.69532E-5 6.36235E-5 3.27307E-5 3.03216E-5 2.5995E-5 2.59681E-5 4.65987E-5 4.65255E-5 4.65133E-5 5.8797E-5 6.36236E-5 3.02669E-5 5.30075E-5 4.64763E-5 4.64276E-5 3.97432E-5 2.74439E-5 2.39691E-5 5.72194E-5 6.19166E-5 2.40502E-5 1.15686E-4 6.19335E-5 2.40503E-5 2.59883E-5
5.29382E-5 2.37092E-4 1.49436E-5 2.4433E-5 2.21603E-5 5.73241E-5 2.40315E-5 2.97721E-5 5.72944E-5 2.4019E-5 5.44688E-5 5.43836E-5 3.02902E-5 5.7474E-5 3.02982E-5 1.02974E-4 3.21575E-5 2.40315E-5 3.21992E-5 5.87971E-5 5.72943E-5 5.03319E-5 5.43977E-5 5.02925E-5 5.43692E-5 3.21406E-5 5.43693E-5 4.2965E-5 2.59075E-5 2.80701E-5 4.65499E-5 3.5316E-5 1.16716E-4 2.92043E-5 4.29761E-5 2.59412E-5 6.19977E-5 6.68836E-5 3.02901E-5 6.2046E-5 6.69879E-5 5.73693E-5 2.22008E-5 2.22122E-5 2.057E-5 2.40502E-5 2.80341E-5 5.30352E-5 3.6718E-5 3.96909E-5 3.38721E-5 5.01737E-5 3.67471E-5 3.3944E-5 3.13408E-5 5.28416E-5 2.80121E-5 3.27138E-5 2.59949E-5 2.80847E-5 2.81823E-5
4.89558E-5 4.22351E-4 5.73041E-5 7.14849E-5 4.29313E-5 5.71748E-5 2.40376E-5 4.15981E-5 5.30629E-5 5.73094E-5 2.40191E-5 5.44119E-5 2.80339E-5 3.27475E-5 2.81138E-5 2.59951E-5 2.4044E-5 3.21657E-5 2.80557E-5 1.00087E-4 5.43691E-5 5.73392E-5 6.19011E-5 5.03319E-5 5.43266E-5 5.73091E-5 4.30557E-5 2.94625E-5 5.02267E-5 2.59344E-5 4.30896E-5 3.52527E-5 3.81138E-5 8.37746E-6 2.39754E-5 2.59816E-5 6.19816E-5 4.65132E-5 6.19007E-5 3.47639E-5 2.59748E-5 2.40128E-5 3.97642E-5 4.29876E-5 5.30353E-5 3.02669E-5 5.3063E-5 4.65131E-5 3.66889E-5 4.29084E-5 1.29508E-5 3.97119E-5 5.03057E-5 5.72945E-5 5.03584E-5 3.98064E-5 5.43553E-5 2.97643E-5 3.21658E-5 3.02825E-5 7.99522E-5
4.64151E-5 4.21687E-4 1.77109E-4 3.82348E-5 7.38438E-5 3.96807E-5 2.59276E-5 9.33024E-5 2.40129E-5 6.20532E-5 5.77188E-5 9.6152E-5 2.40003E-5 2.80702E-5 3.27644E-5 2.60355E-5 2.22877E-5 5.73396E-5 2.59546E-5 9.4026E-5 5.43125E-5 2.59545E-5 1.02739E-4 5.44118E-5 4.29878E-5 3.20821E-5 6.19651E-5 5.44119E-5 5.02792E-5 5.73092E-5 6.20139E-5 3.20739E-5 1.76785E-5 4.6391E-5 3.02434E-5 2.60151E-5 5.88125E-5 4.29989E-5 6.18364E-5 2.4019E-5 2.40252E-5 4.2999E-5 3.97642E-5 5.73244E-5 3.02748E-5 2.22355E-5 5.02264E-5 5.02394E-5 3.39439E-5 3.67083E-5 3.97225E-5 3.21239E-5 2.59681E-5 2.22529E-5 2.4044E-5 2.59816E-5 6.20461E-5 2.59816E-5 3.48181E-5 6.20463E-5 3.27308E-5
3.38718E-5 3.3917E-5 4.64644E-5 2.59277E-5 4.25821E-5 6.92471E-5 2.39816E-5 4.68057E-5 4.38209E-5 4.37966E-5 9.7612E-5 9.02204E-5 5.43692E-5 2.80702E-5 3.27645E-5 3.53797E-5 3.53978E-5 4.54211E-5 2.22414E-5 1.18536E-4 4.30897E-5 2.39631E-5 4.29875E-5 2.39753E-5 4.31009E-5 4.30105E-5 6.18849E-5 5.43551E-5 4.65374E-5 3.47458E-5 3.02747E-5 2.14592E-5 1.06177E-5 5.43408E-5 5.88431E-5 3.02825E-5 1.04426E-4 4.29085E-5 5.01868E-5 5.2938E-5 5.29797E-5 3.67958E-5 6.19011E-5 3.27139E-5 3.21658E-5 4.30215E-5 1.29543E-5 3.97224E-5 4.30105E-5 5.43836E-5 5.43978E-5 6.68662E-5 2.4019E-5 3.21908E-5 2.5948E-5 2.59344E-5 2.83909E-5 2.84405E-5 3.3732E-5 3.1714E-5 3.22037E-5
4.88273E-5 4.22572E-4 2.0554E-5 1.77249E-4 1.7711E-4 9.04518E-5 2.97178E-5 2.80484E-5 4.08861E-5 1.04362E-4 8.47151E-5 9.03052E-5 5.72796E-5 3.52889E-5 3.27475E-5 3.03371E-5 3.27644E-5 3.2756E-5 4.60267E-5 2.22586E-5 2.80558E-5 8.3922E-5 2.71859E-5 4.64398E-5 2.59613E-5 6.20301E-5 6.19011E-5 1.77762E-5 5.87814E-5 2.80775E-5 1.24203E-4 2.3334E-5 1.92022E-5 4.05222E-5 7.23858E-5 6.69009E-5 7.17164E-5 1.06234E-5 1.51581E-5 4.2999E-5 5.02663E-5 3.47277E-5 2.80412E-5 2.59815E-5 4.30897E-5 4.65499E-5 4.30558E-5 6.69186E-5 6.6988E-5 6.70053E-5 5.88738E-5 5.03321E-5 5.02793E-5 2.59143E-5 5.3049E-5 3.98273E-5 5.02927E-5 2.59547E-5 2.51251E-5 6.00441E-5 2.5538E-5
4.27843E-5 2.0527E-5 2.75444E-5 4.22132E-4 7.72671E-5 2.05379E-5 5.39184E-5 2.59479E-5 8.5589E-5 8.59111E-5 9.15995E-5 4.80405E-5 4.45103E-5 2.22355E-5 2.22355E-5 2.5968E-5 3.0298E-5 2.59882E-5 2.98031E-5 2.80703E-5 5.56804E-5 2.26307E-5 3.66889E-5 5.02267E-5 3.02668E-5 2.60017E-5 1.04585E-4 1.64404E-5 3.74778E-5 3.53433E-5 9.85177E-5 1.34594E-4 5.43835E-5 7.23668E-5 6.36403E-5 9.83375E-5 4.0118E-5 2.76993E-5 4.64278E-5 7.22919E-5 5.44974E-5 6.35906E-5 5.88124E-5 6.19814E-5 6.203E-5 2.80486E-5 2.8063E-5 2.80847E-5 6.70227E-5 2.59883E-5 6.70228E-5 5.88891E-5 5.03189E-5 4.65132E-5 5.43693E-5 2.8034E-5 3.57838E-5 2.59883E-5 3.21245E-5 2.79989E-5 3.02684E-5
6.27135E-5 4.29761E-5 2.59345E-5 7.67589E-5 5.28829E-5 2.75228E-5 4.84764E-5 4.51766E-5 1.00986E-4 8.60638E-5 1.05947E-4 5.27E-5 4.88231E-5 4.17799E-5 2.05861E-5 2.40191E-5 2.22412E-5 2.22586E-5 2.80848E-5 3.27645E-5 6.4823E-5 8.55848E-5 5.43836E-5 5.03453E-5 6.69184E-5 2.59614E-5 3.6905E-5 5.8751E-5 6.36236E-5 2.8063E-5 1.59565E-4 1.40424E-4 5.03846E-5 4.38403E-5 1.64463E-4 1.52528E-4 1.28428E-4 5.15776E-5 2.07989E-5 7.22919E-5 7.24796E-5 7.43421E-5 5.44975E-5 7.22922E-5 3.02824E-5 6.70225E-5 6.19332E-5 2.80411E-5 2.4069E-5 2.80558E-5 2.59815E-5 2.63881E-5 5.45057E-5 5.52527E-5 5.82158E-5 2.47874E-5 2.71845E-5 2.97743E-5 2.80061E-5 5.29698E-5 2.84329E-5
2.21477E-5 2.21545E-5 2.4019E-5 9.023E-5 7.83339E-5 2.2195E-5 4.92414E-5 4.65276E-5 8.20386E-5 4.237E-5 4.24032E-5 4.95258E-5 4.58602E-5 5.68128E-5 5.35334E-5 6.13242E-5 5.7354E-5 2.8063E-5 3.53706E-5 3.27392E-5 1.1662E-4 6.69183E-5 3.7536E-5 6.69529E-5 3.47458E-5 5.88736E-5 5.88584E-5 6.70053E-5 4.05538E-5 2.80847E-5 7.23859E-5 4.6611E-5 7.81039E-5 3.81773E-5 1.08114E-4 1.7863E-4 1.20696E-4 1.49934E-4 2.25123E-5 7.42263E-5 3.53434E-5 8.46294E-5 7.43806E-5 6.36568E-5 5.44547E-5 6.36236E-5 5.02927E-5 6.19813E-5 2.80413E-5 2.40315E-5 2.22238E-5 2.83194E-5 2.67062E-5 2.47409E-5 2.7138E-5 3.2144E-5 2.79974E-5 5.21391E-5 3.19961E-5 2.83919E-5 3.63924E-5
7.10966E-5 4.64031E-5 2.74653E-5 4.46434E-5 5.56845E-5 1.08611E-4 5.02586E-5 5.75642E-5 5.7612E-5 5.02648E-5 6.23557E-5 4.6559E-5 4.65831E-5 5.96007E-5 5.95852E-5 9.74647E-5 2.59546E-5 3.03215E-5 3.27392E-5 6.53911E-5 5.72793E-5 3.21322E-5 5.4426E-5 5.44119E-5 5.43978E-5 6.68488E-5 2.59612E-5 3.03058E-5 5.88737E-5 2.80557E-5 1.56318E-4 6.87806E-5 7.82455E-5 3.27561E-5 1.09552E-4 1.13351E-4 1.30418E-4 1.30405E-4 5.72837E-5 8.02143E-5 8.03389E-5 3.53797E-5 8.68042E-5 7.43997E-5 6.87984E-5 4.38402E-5 1.92832E-5 3.02434E-5 6.3756E-5 5.0385E-5 4.65133E-5 5.29522E-5 2.05807E-5 4.09426E-5 4.79413E-5 4.74207E-5 5.20931E-5 3.20853E-5 3.21742E-5 3.53434E-5 3.46905E-5
5.78567E-5 7.32297E-5 7.94138E-5 4.52888E-5 2.74942E-5 2.22181E-5 4.62669E-5 8.99597E-5 5.07485E-5 4.69837E-5 6.05199E-5 5.60498E-5 6.04899E-5 5.60177E-5 1.12611E-4 1.05339E-4 2.80267E-5 2.8063E-5 2.4044E-5 5.03584E-5 5.0332E-5 5.03189E-5 5.87817E-5 6.18848E-5 5.72643E-5 4.65252E-5 5.87662E-5 2.40253E-5 5.45116E-5 4.05853E-5 3.27561E-5 8.45423E-5 3.27392E-5 3.03449E-5 1.47363E-4 5.47969E-5 1.8302E-4 1.54242E-4 6.88159E-5 8.67596E-5 9.12595E-5 3.53887E-5 8.46296E-5 4.74211E-5 8.04221E-5 7.82254E-5 6.36899E-5 6.3541E-5 3.53251E-5 3.76529E-5 5.44888E-5 5.10696E-5 2.6764E-5 7.01405E-5 3.69431E-5 6.25543E-5 2.8009E-5 2.84329E-5 2.89019E-5 3.75217E-5 3.47635E-5
7.55065E-5 5.86884E-5 9.31272E-5 3.9126E-5 3.96387E-5 2.75085E-5 5.08563E-5 7.82127E-5 4.64401E-5 2.40003E-5 6.10587E-5 5.2584E-5 4.44009E-5 1.23496E-4 9.14787E-5 6.93151E-5 2.40191E-5 3.21573E-5 1.26263E-4 5.73393E-5 6.69358E-5 6.19171E-5 5.87814E-5 1.07784E-4 4.29876E-5 5.03056E-5 5.88277E-5 6.19978E-5 3.03137E-5 3.27476E-5 3.03293E-5 4.05956E-5 6.69878E-5 2.80557E-5 7.67656E-5 1.59738E-4 5.48857E-5 2.63193E-5 9.84928E-5 5.52976E-5 8.04637E-5 9.36769E-5 3.53616E-5 3.82066E-5 3.82263E-5 7.44962E-5 7.82254E-5 5.04245E-5 2.80123E-5 3.36095E-5 6.91876E-5 5.61414E-5 3.21706E-5 2.98312E-5 2.80366E-5 2.8455E-5 3.12093E-5 6.89523E-5 3.69053E-5 4.11529E-5 3.53095E-5
7.0906E-5 2.46235E-5 7.54701E-5 6.99379E-5 4.64034E-5 2.74797E-5 5.13625E-5 4.78218E-5 1.00477E-4 6.50598E-5 5.68564E-5 9.28925E-5 4.85907E-5 1.00457E-4 4.86818E-5 5.68742E-5 1.16118E-4 1.19038E-4 2.40128E-5 3.47638E-5 7.34006E-5 1.06514E-4 4.64764E-5 1.07389E-4 5.03188E-5 6.69358E-5 7.24233E-5 7.82252E-5 3.03137E-5 3.75652E-5 6.69182E-5 6.36068E-5 5.87816E-5 6.87087E-5 3.81968E-5 2.0044E-4 2.32151E-4 8.0401E-5 1.06445E-4 4.12524E-5 5.52834E-5 9.13062E-5 7.43611E-5 4.73357E-5 3.53705E-5 3.82066E-5 7.84146E-5 7.43497E-5 5.97833E-5 3.27139E-5 3.4727E-5 7.1283E-5 3.02749E-5 4.05512E-5 3.07266E-5 3.12092E-5 3.42241E-5 8.17912E-5 2.97632E-5 4.17221E-5 3.87135E-5
6.15035E-5 6.64762E-5 6.54331E-5 1.03917E-4 8.44595E-5 1.00205E-4 4.29877E-5 2.3963E-5 5.32197E-5 1.16184E-4 5.7687E-5 1.17973E-4 1.10268E-4 4.93953E-5 6.22794E-5 5.85568E-5 1.11872E-4 1.11784E-4 5.72943E-5 3.21574E-5 1.24041E-4 9.07205E-5 4.64886E-5 5.43977E-5 6.69358E-5 7.2442E-5 3.02903E-5 2.80629E-5 6.69182E-5 1.33513E-4 4.65498E-5 6.35905E-5 2.08536E-5 6.86379E-5 4.44532E-5 3.82459E-5 1.88394E-4 1.0118E-4 4.12314E-5 5.11929E-5 9.12827E-5 7.44381E-5 7.43999E-5 7.43807E-5 8.03598E-5 3.27393E-5 3.92809E-5 8.07896E-5 7.09659E-5 4.24973E-5 3.22221E-5 3.27029E-5 3.31994E-5 3.12077E-5 2.88959E-5 3.16668E-5 3.47151E-5 3.75061E-5 4.37428E-5 3.58068E-5 4.24034E-5
8.02823E-5 7.91357E-5 2.53906E-5 1.05324E-4 1.06877E-4 1.07387E-4 1.07271E-4 8.70668E-5 4.56098E-5 4.91935E-5 5.40719E-5 5.02125E-5 5.85478E-5 5.01165E-5 1.10604E-4 1.03362E-4 1.03244E-4 1.19408E-4 7.35564E-5 1.41743E-4 8.41951E-5 4.29763E-5 5.87816E-5 6.69358E-5 6.87624E-5 3.27307E-5 1.44955E-4 5.87662E-5 4.29763E-5 5.43548E-5 6.3607E-5 4.38742E-5 8.68491E-5 2.85095E-5 3.81774E-5 1.33302E-4 1.06418E-4 4.12101E-5 9.13765E-5 8.03389E-5 7.43419E-5 5.11535E-5 3.82459E-5 9.86955E-5 3.88167E-5 7.45113E-5 3.64623E-5 3.70558E-5 3.48182E-5 3.53359E-5 3.27299E-5 4.11734E-5 2.88856E-5 2.88885E-5 3.16749E-5 2.97786E-5 2.75594E-5 3.02151E-5 3.31312E-5 3.92266E-5 4.42831E-5
3.90138E-5 9.53632E-5 7.42006E-5 7.88326E-5 4.89686E-5 5.39827E-5 1.09053E-4 1.19408E-4 9.55232E-5 4.64642E-5 2.80411E-5 5.49104E-5 1.19677E-4 8.17728E-5 1.04867E-4 1.13482E-4 8.837E-5 9.69131E-5 1.04899E-4 9.69995E-5 9.81572E-5 5.87816E-5 6.6901E-5 6.364E-5 3.75653E-5 2.8063E-5 1.34257E-4 1.13239E-4 3.27282E-5 5.87817E-5 8.02352E-5 3.81578E-5 4.12628E-5 9.14944E-5 5.96446E-5 4.79801E-5 8.69382E-5 7.43806E-5 8.67595E-5 8.03183E-5 8.03804E-5 9.85942E-5 4.51952E-5 5.62004E-5 4.25255E-5 4.00249E-5 4.06014E-5 4.12158E-5 4.73589E-5 3.27214E-5 3.32166E-5 3.12254E-5 3.12189E-5 3.16831E-5 3.21725E-5 3.26509E-5 3.26626E-5 3.31569E-5 4.50697E-5 3.11684E-5 5.11919E-5
