day_2/Results/Podomys_floridanus/projections/PaleoClim/-15000/RUN_1.asc
ncols         385
nrows         252
xllcorner     -91.50013924285
yllcorner     25.49986064915003
cellsize      0.041666666500000005
NODATA_value  -9999
[rows 54 to 80 of 252, columns 244 to 304 of 385]
6.83859E-5 1.6376E-4 2.03831E-4 1.77338E-4 1.20194E-4 6.04444E-5 1.34547E-4 9.1392E-5 4.60646E-5 4.55266E-5 3.55405E-5 3.5905E-5 5.24114E-5 5.84169E-5 5.21792E-5 5.23513E-5 5.22137E-5 1.07727E-4 1.60236E-4 3.36531E-4 2.56655E-4 2.07283E-4 7.75974E-5 1.97113E-4 6.79241E-5 5.96416E-5 6.98138E-5 2.22793E-4 2.60318E-4 2.0208E-4 2.4833E-4 2.78265E-4 3.03198E-4 3.03839E-4 4.0605E-4 4.36229E-4 4.72983E-4 4.56966E-4 5.58777E-4 6.66188E-4 7.16083E-4 8.57499E-4 8.40157E-4 9.14449E-4 8.80388E-4 1.09614E-3 8.66875E-4 8.42644E-4 8.1498E-4 9.96258E-4 1.07152E-3 1.04436E-3 1.01085E-3 1.08365E-3 1.19793E-3 1.05939E-3 1.10523E-3 1.17608E-3 1.13509E-3 1.35888E-3 1.25901E-3
6.71975E-5 6.73542E-5 7.8573E-5 2.1058E-4 1.57001E-4 5.33282E-5 1.84159E-4 1.53267E-4 1.18226E-4 4.68264E-5 5.2928E-5 1.09901E-4 5.23316E-5 5.99379E-5 6.78836E-5 1.61899E-4 7.73972E-5 9.67961E-5 1.38447E-4 1.66364E-4 3.74912E-4 2.91986E-4 2.36971E-4 2.07472E-4 1.5895E-4 1.71112E-4 1.72199E-4 7.91119E-5 8.5366E-5 2.37985E-4 2.45127E-4 3.03024E-4 2.91972E-4 3.5544E-4 4.5161E-4 4.73188E-4 4.59107E-4 5.53044E-4 6.04459E-4 6.47511E-4 8.03041E-4 8.6944E-4 9.37633E-4 1.11871E-3 1.09803E-3 9.07294E-4 9.67017E-4 1.03422E-3 1.16157E-3 1.00584E-3 9.69996E-4 1.14709E-3 1.01685E-3 1.24404E-3 1.20221E-3 1.17827E-3 1.25508E-3 1.18625E-3 1.39327E-3 1.31265E-3 1.18939E-3
1.2001E-4 1.42079E-4 6.78009E-5 8.65211E-5 8.89324E-5 1.53727E-4 7.64473E-5 2.10499E-4 1.53565E-4 1.25411E-4 7.69751E-5 6.86891E-5 1.61229E-4 7.67382E-5 8.62132E-5 9.7582E-5 8.78065E-5 7.79561E-5 1.09799E-4 1.80517E-4 1.65672E-4 4.2097E-4 3.70135E-4 3.28091E-4 2.52781E-4 2.40636E-4 2.39935E-4 2.39824E-4 2.5705E-4 2.48011E-4 3.03868E-4 3.8556E-4 4.18354E-4 4.55905E-4 4.89607E-4 4.84712E-4 5.8053E-4 6.1869E-4 6.77837E-4 8.10305E-4 7.81187E-4 8.44305E-4 1.05481E-3 8.31019E-4 1.19716E-3 1.00219E-3 1.0777E-3 9.38521E-4 1.0075E-3 1.01754E-3 1.08531E-3 1.15766E-3 1.25206E-3 1.21307E-3 1.17079E-3 9.05799E-4 5.82397E-4 1.27492E-3 1.43448E-3 1.35847E-3 1.28428E-3
1.76545E-4 1.54187E-4 1.4264E-4 6.02717E-5 8.58021E-5 9.89066E-5 7.73159E-5 8.95084E-5 1.62904E-4 6.9186E-5 7.63942E-5 8.79205E-5 1.52972E-4 7.75893E-5 9.93348E-5 1.12034E-4 1.11395E-4 1.11436E-4 1.10959E-4 1.56703E-4 1.6129E-4 1.64479E-4 3.9179E-4 4.39232E-4 4.01132E-4 3.3734E-4 3.62018E-4 3.38461E-4 3.2017E-4 3.06612E-4 3.85957E-4 4.18525E-4 4.51743E-4 4.85361E-4 5.29649E-4 5.13256E-4 6.92704E-4 7.76526E-4 8.48976E-4 8.19595E-4 6.48298E-4 7.80003E-4 7.49373E-4 8.36672E-4 9.05906E-4 1.11028E-3 9.72868E-4 5.00916E-4 1.28382E-3 1.25268E-3 1.20648E-3 1.17162E-3 1.24559E-3 1.21993E-3 6.17618E-4 6.70253E-4 6.8873E-4 1.65816E-3 1.41093E-3 1.36648E-3 1.02387E-3
2.09543E-4 2.09236E-4 1.98027E-4 1.74984E-4 6.00178E-5 6.77978E-5 7.55282E-5 7.49776E-5 9.84475E-5 8.78954E-5 6.77301E-5 8.73374E-5 1.61979E-4 9.81067E-5 1.107E-4 1.11259E-4 9.91503E-5 9.8403E-5 8.78702E-5 1.08767E-4 1.39215E-4 1.62194E-4 1.50679E-4 1.83448E-4 4.88181E-4 4.31862E-4 4.09632E-4 5.46107E-4 3.96647E-4 3.79151E-4 4.78493E-4 5.09824E-4 4.91498E-4 5.34802E-4 5.74821E-4 6.46343E-4 6.96877E-4 8.37043E-4 1.03209E-3 1.23434E-3 1.20984E-3 8.65435E-4 9.68314E-4 1.04016E-3 1.01219E-3 9.77688E-4 1.20357E-3 1.28754E-3 5.36765E-4 1.25424E-3 1.21299E-3 1.29914E-3 1.25742E-3 1.0788E-3 6.03643E-4 1.36813E-3 1.55058E-3 1.45675E-3 1.4262E-3 1.16663E-3 7.3044E-4
8.90115E-5 7.80133E-5 8.87574E-5 7.79904E-5 1.74845E-4 1.60347E-4 1.24177E-4 5.9784E-5 8.56013E-5 9.59526E-5 9.77143E-5 2.23509E-4 8.77595E-5 9.78615E-5 1.10337E-4 1.10494E-4 1.12386E-4 9.88923E-5 9.87031E-5 9.78069E-5 1.09355E-4 1.50876E-4 1.41814E-4 1.54402E-4 1.88914E-4 4.1405E-4 4.99058E-4 6.55905E-4 5.81057E-4 2.41456E-4 5.46805E-4 6.44854E-4 6.94195E-4 6.77861E-4 6.49311E-4 7.02954E-4 8.42359E-4 7.68635E-4 1.00012E-3 8.0406E-4 9.94308E-4 1.09853E-3 1.07787E-3 1.04078E-3 1.11555E-3 1.23284E-3 1.21033E-3 1.29038E-3 1.00215E-3 6.63209E-4 1.35154E-3 1.03537E-3 7.3634E-4 6.95559E-4 7.42017E-4 1.67765E-3 1.5208E-3 1.62377E-3 8.0491E-4 7.85039E-4 8.10506E-4
1.10163E-4 1.11544E-4 1.00307E-4 8.86474E-5 7.7953E-5 1.82306E-4 7.73071E-5 1.59821E-4 1.40084E-4 5.90611E-5 9.5637E-5 9.80579E-5 9.84144E-5 9.74415E-5 1.10232E-4 1.09799E-4 1.10879E-4 1.1267E-4 9.88851E-5 1.12617E-4 1.02644E-4 1.23158E-4 1.50624E-4 1.64576E-4 1.77531E-4 1.93951E-4 4.89585E-4 4.4994E-4 1.89281E-4 4.82669E-4 5.20777E-4 6.31847E-4 6.82042E-4 9.37063E-4 8.81695E-4 9.90288E-4 1.05139E-3 7.46301E-4 8.36197E-4 1.00045E-3 9.92863E-4 1.0668E-3 1.30502E-3 1.40123E-3 1.42067E-3 1.2429E-3 1.21031E-3 1.02744E-3 6.58276E-4 1.3874E-3 7.18492E-4 7.35594E-4 7.10439E-4 6.24703E-4 7.90582E-4 1.62501E-3 1.34188E-3 8.26325E-4 8.91881E-4 8.45821E-4 7.79642E-4
8.60579E-5 8.56872E-5 1.08939E-4 1.26183E-4 9.92944E-5 7.76658E-5 8.72915E-5 8.82322E-5 2.22705E-4 1.8187E-4 8.63246E-5 9.76389E-5 8.65178E-5 8.62496E-5 9.74124E-5 9.81706E-5 1.10354E-4 1.27152E-4 1.11907E-4 1.35684E-4 2.96816E-4 2.83838E-4 1.28549E-4 1.55023E-4 1.67792E-4 1.62711E-4 1.75047E-4 4.49863E-4 4.84051E-4 5.62431E-4 6.17975E-4 6.6488E-4 8.10427E-4 9.99416E-4 1.13322E-3 1.34439E-3 1.31682E-3 9.35219E-4 1.04381E-3 1.11228E-3 1.23232E-3 1.31279E-3 1.18437E-3 1.15752E-3 1.23588E-3 1.25027E-3 1.33135E-3 1.44115E-3 6.6515E-4 7.3328E-4 1.59797E-3 7.42213E-4 7.19736E-4 8.54962E-4 8.88928E-4 9.10153E-4 8.92021E-4 9.20408E-4 8.71965E-4 8.37225E-4 7.85413E-4
6.74522E-5 8.62375E-5 7.56018E-5 8.41474E-5 1.08526E-4 1.09873E-4 1.11123E-4 9.95576E-5 9.96329E-5 8.65334E-5 9.79467E-5 9.67297E-5 8.67315E-5 9.81933E-5 1.1025E-4 1.11141E-4 1.10656E-4 1.45494E-4 1.35653E-4 1.46946E-4 1.53398E-4 3.4627E-4 3.73929E-4 3.45822E-4 1.62843E-4 3.96983E-4 4.48124E-4 5.42483E-4 6.34893E-4 6.96564E-4 8.4286E-4 9.38736E-4 1.02016E-3 1.09769E-3 8.92752E-4 1.47399E-3 1.43765E-3 1.78926E-3 1.28713E-3 1.24098E-3 1.36558E-3 1.31778E-3 1.3171E-3 1.42863E-3 1.37856E-3 1.53343E-3 1.48076E-3 1.64655E-3 8.17779E-4 1.31311E-3 7.65909E-4 5.56683E-4 8.83984E-4 9.13511E-4 9.49562E-4 1.01222E-3 9.53651E-4 9.89326E-4 8.63035E-4 9.0095E-4 8.49479E-4
1.81998E-4 6.72787E-5 6.76844E-5 6.74394E-5 6.68029E-5 6.68282E-5 8.49723E-5 1.09162E-4 9.79223E-5 8.602E-5 9.75226E-5 9.73321E-5 8.59304E-5 9.77673E-5 9.75422E-5 1.24081E-4 1.29252E-4 1.40224E-4 1.45269E-4 1.55883E-4 1.92538E-4 4.23127E-4 4.54804E-4 4.93226E-4 4.66524E-4 5.0636E-4 5.4445E-4 6.36724E-4 7.78633E-4 9.34643E-4 9.55271E-4 1.24802E-3 1.22205E-3 1.1076E-3 1.23573E-3 1.18666E-3 1.32569E-3 1.73962E-3 1.73362E-3 1.67869E-3 1.67502E-3 1.47707E-3 1.4676E-3 1.56857E-3 1.53692E-3 1.86517E-3 1.6344E-3 1.74919E-3 1.55882E-3 1.82695E-3 6.3049E-4 8.21788E-4 9.78637E-4 1.0141E-3 1.04897E-3 9.82965E-4 1.06119E-3 8.88511E-4 9.22492E-4 9.61107E-4 1.00117E-3
9.87036E-5 7.69331E-5 7.61827E-5 8.60188E-5 6.78433E-5 7.65628E-5 7.6419E-5 9.64479E-5 9.58081E-5 9.72316E-5 9.71242E-5 1.09832E-4 8.72031E-5 9.78618E-5 1.11137E-4 1.19106E-4 1.24502E-4 1.51983E-4 1.56632E-4 1.91175E-4 1.83377E-4 5.13962E-4 4.89137E-4 5.28819E-4 5.68788E-4 5.462E-4 7.15444E-4 7.8459E-4 8.77552E-4 9.49872E-4 1.24581E-3 1.38423E-3 1.11968E-3 1.36871E-3 1.52253E-3 1.62882E-3 1.79294E-3 1.71356E-3 1.72538E-3 1.89695E-3 2.03319E-3 1.98567E-3 1.80486E-3 1.93378E-3 9.00752E-4 1.88623E-3 1.59635E-3 8.19068E-4 9.07752E-4 1.46625E-3 8.49915E-4 1.10759E-3 8.51751E-4 1.08696E-3 1.0236E-3 1.09341E-3 1.01753E-3 9.60317E-4 1.00051E-3 1.02353E-3 1.02373E-3
1.10543E-4 1.0008E-4 6.73171E-5 8.50701E-5 8.70229E-5 8.55122E-5 1.08351E-4 9.68498E-5 8.59519E-5 9.60987E-5 1.09168E-4 1.09377E-4 1.10513E-4 1.01773E-4 1.19647E-4 1.29428E-4 1.52503E-4 1.63095E-4 1.77503E-4 1.83186E-4 2.20602E-4 2.40226E-4 2.29592E-4 2.4864E-4 6.68912E-4 7.16647E-4 6.91733E-4 7.16978E-4 7.64531E-4 9.53037E-4 1.38209E-3 1.13924E-3 1.23669E-3 1.52368E-3 2.0688E-3 1.79717E-3 1.97237E-3 1.92423E-3 1.91004E-3 2.04895E-3 2.03473E-3 2.03116E-3 2.39619E-3 2.39647E-3 2.25986E-3 2.01394E-3 9.32424E-4 7.43804E-4 7.92338E-4 1.62537E-3 2.18036E-3 1.11337E-3 1.15401E-3 1.19917E-3 1.13815E-3 1.17204E-3 1.08471E-3 1.12117E-3 1.12778E-3 1.16674E-3 1.20626E-3
1.09835E-4 9.81292E-5 9.80852E-5 1.79151E-4 7.54113E-5 7.52443E-5 8.54026E-5 8.49316E-5 8.58895E-5 8.63646E-5 9.65191E-5 1.11534E-4 1.19765E-4 1.1034E-4 1.29957E-4 1.39289E-4 1.64389E-4 1.76876E-4 1.90435E-4 2.0555E-4 1.90834E-4 2.29211E-4 5.88437E-4 2.36966E-4 7.5031E-4 8.06789E-4 8.68616E-4 8.55824E-4 9.58211E-4 9.22501E-4 1.13397E-3 1.22646E-3 1.85453E-3 2.048E-3 1.98806E-3 1.97695E-3 2.14258E-3 2.13274E-3 2.34267E-3 2.49256E-3 2.48528E-3 2.38583E-3 2.41405E-3 2.05762E-3 2.25636E-3 2.39625E-3 2.16919E-3 9.07072E-4 8.88283E-4 1.19085E-3 1.27008E-3 1.10729E-3 1.23566E-3 1.28587E-3 1.08374E-3 1.25294E-3 1.3048E-3 1.30448E-3 1.33382E-3 1.38819E-3 1.38768E-3
1.08483E-4 1.08841E-4 1.24544E-4 2.63535E-4 9.7793E-5 7.52992E-5 8.52281E-5 8.59466E-5 9.6355E-5 9.0136E-5 2.49475E-4 9.72996E-5 1.27679E-4 1.50176E-4 1.65005E-4 1.70902E-4 2.07342E-4 2.21892E-4 2.06602E-4 2.20421E-4 2.05302E-4 5.25955E-4 5.63649E-4 6.73506E-4 8.18657E-4 1.01035E-3 7.94179E-4 9.46569E-4 1.0618E-3 1.01934E-3 1.0976E-3 1.67467E-3 1.85698E-3 2.04814E-3 2.19845E-3 2.42193E-3 2.58874E-3 3.12487E-3 3.12463E-3 2.73709E-3 2.9968E-3 2.64936E-3 2.59439E-3 2.49906E-3 2.50518E-3 2.43065E-3 2.90767E-3 3.14045E-3 2.78417E-3 2.71574E-3 2.66612E-3 1.36852E-3 1.36749E-3 1.36628E-3 1.41137E-3 1.46823E-3 1.4678E-3 1.51726E-3 1.51836E-3 1.57822E-3 1.57815E-3
5.86475E-5 5.79356E-5 8.35815E-5 1.24381E-4 8.63773E-5 7.57322E-5 8.49767E-5 8.87191E-5 9.18038E-5 1.2362E-4 3.07614E-4 3.15689E-4 1.40329E-4 1.51633E-4 1.98015E-4 2.13011E-4 1.99467E-4 2.1618E-4 2.30385E-4 6.32517E-4 6.61774E-4 6.21671E-4 8.34439E-4 1.0372E-3 9.93234E-4 1.08338E-3 8.8876E-4 1.05198E-3 9.17072E-4 9.85462E-4 1.35544E-3 1.67475E-3 7.70718E-4 2.21211E-3 2.43177E-3 2.9383E-3 3.53673E-3 3.40422E-3 3.38778E-3 3.30774E-3 3.30453E-3 3.09778E-3 3.38491E-3 3.01965E-3 2.69095E-3 2.16938E-3 2.64298E-3 3.16138E-3 3.07822E-3 2.99339E-3 1.49618E-3 1.42214E-3 1.55384E-3 1.6037E-3 1.65735E-3 1.65753E-3 1.6921E-3 1.7021E-3 1.7585E-3 1.75958E-3 1.67332E-3
6.71263E-5 7.46182E-5 7.4031E-5 1.08112E-4 1.10631E-4 9.86217E-5 2.09277E-4 2.18525E-4 2.69967E-4 1.32749E-4 3.76662E-4 4.20263E-4 1.50808E-4 4.9349E-4 4.49355E-4 2.05477E-4 2.47454E-4 2.578E-4 6.57641E-4 7.0641E-4 7.2619E-4 8.7643E-4 7.69505E-4 9.49223E-4 7.32709E-4 8.8546E-4 9.48974E-4 9.43232E-4 1.02341E-3 1.21963E-3 1.66185E-3 1.66956E-3 7.64676E-4 2.73846E-3 2.97008E-3 3.49433E-3 3.17701E-3 3.71779E-3 3.70191E-3 3.62364E-3 3.51552E-3 3.72091E-3 3.71237E-3 3.33988E-3 3.67023E-3 3.55275E-3 3.74864E-3 3.44461E-3 3.2834E-3 3.19512E-3 1.73394E-3 1.73245E-3 2.70467E-3 3.40923E-3 2.80685E-3 2.80722E-3 3.65526E-3 2.65185E-3 1.82274E-3 1.82322E-3 1.88482E-3
9.77478E-5 8.51367E-5 9.58108E-5 8.84787E-5 1.03332E-4 1.38475E-4 3.45195E-4 3.17831E-4 1.38112E-4 3.42049E-4 1.70883E-4 4.58678E-4 5.08639E-4 5.26329E-4 2.13979E-4 5.91157E-4 2.37712E-4 2.84252E-4 2.64332E-4 3.27707E-4 9.15449E-4 9.86527E-4 1.18741E-3 8.18377E-4 9.09286E-4 9.72945E-4 9.46229E-4 1.0136E-3 1.02822E-3 1.35741E-3 2.03925E-3 1.84578E-3 2.23721E-3 1.12104E-3 2.97407E-3 3.14121E-3 3.15153E-3 3.33788E-3 3.92597E-3 3.85866E-3 4.21865E-3 4.20918E-3 4.07398E-3 4.45534E-3 4.71686E-3 4.22804E-3 4.10198E-3 4.11748E-3 3.92459E-3 3.60142E-3 3.71873E-3 3.73798E-3 3.85917E-3 3.85967E-3 3.64452E-3 3.64736E-3 3.78688E-3 3.79351E-3 3.86963E-3 4.02107E-3 4.01957E-3
1.09126E-4 1.00262E-4 1.04059E-4 1.09505E-4 2.35461E-4 1.04484E-4 1.55982E-4 3.70268E-4 3.1388E-4 1.61723E-4 1.89873E-4 5.27166E-4 4.86914E-4 5.27195E-4 6.10645E-4 6.61636E-4 8.32599E-4 6.55695E-4 7.76431E-4 8.5149E-4 6.74012E-4 7.21681E-4 1.14171E-3 8.2101E-4 1.00468E-3 9.75367E-4 9.50526E-4 1.03122E-3 1.4081E-3 1.89563E-3 2.24863E-3 2.46973E-3 2.9933E-3 1.20686E-3 3.2462E-3 3.43328E-3 4.06899E-3 4.30123E-3 4.36298E-3 4.97491E-3 5.00047E-3 5.0132E-3 5.29235E-3 5.27387E-3 4.70217E-3 4.60347E-3 4.4899E-3 4.36743E-3 4.05923E-3 4.06477E-3 4.19645E-3 4.19945E-3 3.92026E-3 3.94503E-3 4.11878E-3 4.07822E-3 4.23023E-3 4.36739E-3 4.0055E-3 4.13709E-3 4.14607E-3
1.33407E-4 1.3928E-4 1.28442E-4 1.33717E-4 1.38736E-4 1.45319E-4 3.51012E-4 4.88789E-4 4.89441E-4 4.12386E-4 1.86851E-4 5.20271E-4 6.64883E-4 6.9124E-4 7.40028E-4 7.71048E-4 7.56109E-4 8.99618E-4 7.87947E-4 9.46546E-4 9.14682E-4 7.99756E-4 9.41851E-4 9.13792E-4 9.7554E-4 1.07756E-3 1.18295E-3 1.44493E-3 1.71094E-3 1.878E-3 2.52255E-3 2.42861E-3 1.11458E-3 1.33156E-3 1.45185E-3 3.45242E-3 4.33289E-3 5.15842E-3 4.60289E-3 5.43799E-3 5.40794E-3 4.82017E-3 5.73626E-3 5.5681E-3 5.49103E-3 4.88117E-3 4.62685E-3 4.36035E-3 4.36871E-3 4.50187E-3 4.13462E-3 4.26638E-3 4.4278E-3 4.43068E-3 4.56855E-3 4.60121E-3 4.35868E-3 4.50222E-3 4.52695E-3 4.64622E-3 4.67251E-3
1.65988E-4 1.73987E-4 1.5672E-4 3.39633E-4 1.30944E-4 1.21892E-4 1.29974E-4 1.71769E-4 5.24053E-4 5.4296E-4 4.81069E-4 6.87663E-4 6.36062E-4 7.75099E-4 7.29676E-4 9.65979E-4 1.03788E-3 9.20499E-4 9.03034E-4 8.63572E-4 1.02011E-3 9.71169E-4 9.49986E-4 1.11365E-3 1.11761E-3 1.32196E-3 1.28343E-3 1.58802E-3 2.14964E-3 2.28625E-3 2.26819E-3 1.02886E-3 1.21904E-3 1.44984E-3 3.7503E-3 4.903E-3 1.94185E-3 2.08751E-3 4.99951E-3 5.90846E-3 5.24077E-3 5.24822E-3 6.23479E-3 5.84756E-3 5.77058E-3 5.48193E-3 5.16288E-3 4.7439E-3 4.89475E-3 4.63371E-3 4.66522E-3 4.81271E-3 4.96573E-3 4.99603E-3 4.73585E-3 4.73509E-3 4.8836E-3 4.8896E-3 4.66257E-3 4.75992E-3 4.79024E-3
1.42892E-4 1.29035E-4 1.51935E-4 1.81029E-4 3.99959E-4 4.43853E-4 3.65247E-4 3.73773E-4 1.99765E-4 6.07937E-4 6.36765E-4 7.66212E-4 7.16698E-4 8.32705E-4 8.03841E-4 6.49608E-4 9.50192E-4 8.26164E-4 8.86134E-4 8.55223E-4 1.1162E-3 1.07748E-3 1.15043E-3 1.11982E-3 1.23904E-3 1.32619E-3 1.46059E-3 1.75759E-3 1.92827E-3 8.53439E-4 2.50905E-3 2.682E-3 1.32748E-3 1.70673E-3 1.83255E-3 1.93042E-3 1.9265E-3 1.88184E-3 5.4467E-3 2.20972E-3 5.70063E-3 6.26209E-3 5.3967E-3 6.25552E-3 5.9338E-3 5.63542E-3 5.30234E-3 5.31103E-3 5.0604E-3 5.21969E-3 5.22405E-3 5.41225E-3 5.13702E-3 5.14399E-3 5.30585E-3 5.33823E-3 5.00012E-3 5.15899E-3 5.18912E-3 5.3547E-3 4.93107E-3
3.64361E-4 1.42017E-4 1.26071E-4 1.52048E-4 2.25933E-4 5.60765E-4 5.75378E-4 3.37976E-4 3.63606E-4 4.39724E-4 7.31816E-4 7.5098E-4 6.96877E-4 9.30867E-4 7.41818E-4 9.75822E-4 1.05454E-3 1.00747E-3 9.81449E-4 9.49922E-4 1.10691E-3 1.07802E-3 1.1487E-3 1.22809E-3 1.37164E-3 1.46458E-3 1.78459E-3 1.91362E-3 2.35781E-3 2.26817E-3 1.12771E-3 1.35612E-3 1.56162E-3 1.7978E-3 1.97808E-3 2.08259E-3 2.08407E-3 2.19653E-3 2.40272E-3 2.3386E-3 2.38772E-3 5.69776E-3 5.58032E-3 6.43512E-3 6.03328E-3 5.74948E-3 5.76145E-3 5.49023E-3 5.65885E-3 5.86926E-3 5.40544E-3 5.50978E-3 5.70753E-3 5.71116E-3 5.42117E-3 5.42484E-3 5.62881E-3 5.80612E-3 5.34421E-3 5.51248E-3 5.65068E-3
5.53985E-4 4.11647E-4 1.59717E-4 1.83545E-4 3.60708E-4 2.05427E-4 5.77512E-4 7.32637E-4 3.95715E-4 5.38467E-4 5.87648E-4 1.06201E-3 6.41159E-4 7.62879E-4 1.01842E-3 1.08024E-3 1.04892E-3 1.1154E-3 9.74491E-4 1.05278E-3 1.1055E-3 1.08625E-3 1.27383E-3 1.40998E-3 1.67708E-3 1.52157E-3 1.97213E-3 8.15857E-4 9.52659E-4 2.82358E-3 1.23066E-3 1.42758E-3 1.84476E-3 1.95035E-3 2.14873E-3 2.09064E-3 2.44664E-3 2.57287E-3 2.52488E-3 2.46902E-3 2.32858E-3 6.0159E-3 5.73853E-3 6.5303E-3 6.22836E-3 6.43842E-3 5.95383E-3 6.13571E-3 5.85451E-3 5.96319E-3 6.18038E-3 5.69371E-3 5.87555E-3 5.88105E-3 6.093E-3 5.78534E-3 5.78792E-3 5.89734E-3 5.93671E-3 6.13104E-3 5.82048E-3
7.83014E-4 5.64881E-4 1.9501E-4 4.77236E-4 5.34244E-4 3.09673E-4 3.88528E-4 4.34872E-4 4.96988E-4 5.81607E-4 6.99074E-4 1.28437E-3 7.10897E-4 1.05464E-3 1.12864E-3 1.20042E-3 9.45657E-4 9.08564E-4 4.0482E-4 1.04902E-3 1.36371E-3 1.23256E-3 1.61572E-3 1.41619E-3 1.37281E-3 1.78665E-3 2.17943E-3 8.9385E-4 1.04339E-3 1.26725E-3 1.41129E-3 1.84574E-3 2.00314E-3 2.30214E-3 2.32758E-3 2.66414E-3 2.78869E-3 2.96444E-3 2.64569E-3 2.50706E-3 2.45937E-3 6.14139E-3 5.85963E-3 6.75137E-3 6.44358E-3 6.55533E-3 6.77003E-3 6.26699E-3 6.46282E-3 6.16467E-3 6.35739E-3 6.36802E-3 6.55601E-3 6.18661E-3 6.23014E-3 6.42904E-3 6.62388E-3 6.1094E-3 6.29723E-3 6.32783E-3 6.52672E-3
8.63539E-4 7.07906E-4 5.81063E-4 6.02058E-4 4.04805E-4 4.2146E-4 4.91079E-4 5.12161E-4 6.91905E-4 5.848E-4 6.99915E-4 1.03981E-3 9.81633E-4 1.20114E-3 1.11038E-3 1.19738E-3 1.14262E-3 1.22575E-3 9.62803E-4 1.15669E-3 1.27894E-3 5.65558E-4 1.46513E-3 1.72518E-3 1.86364E-3 2.04016E-3 9.29924E-4 1.08218E-3 1.17529E-3 1.2245E-3 1.42348E-3 1.82831E-3 2.12254E-3 2.29252E-3 2.68745E-3 2.76722E-3 2.95221E-3 2.63086E-3 2.50673E-3 2.44723E-3 2.50941E-3 6.34512E-3 6.02392E-3 6.89514E-3 7.11326E-3 6.78012E-3 6.98921E-3 6.45023E-3 6.67763E-3 6.88036E-3 6.4565E-3 6.50476E-3 6.69977E-3 6.94095E-3 6.40967E-3 6.59247E-3 6.84234E-3 6.85402E-3 6.98042E-3 6.62873E-3 6.66724E-3
9.18743E-4 8.47561E-4 7.87817E-4 5.81886E-4 4.35118E-4 1.76768E-4 4.33813E-4 5.73635E-4 6.64364E-4 7.28049E-4 9.71348E-4 9.00899E-4 1.10842E-3 1.1844E-3 1.00784E-3 1.20548E-3 1.2869E-3 1.22598E-3 1.32352E-3 5.45108E-4 5.87236E-4 6.87787E-4 1.80514E-3 1.78748E-3 7.83125E-4 8.33866E-4 1.09367E-3 1.07465E-3 1.25294E-3 1.46129E-3 1.68823E-3 1.99789E-3 2.56085E-3 2.68127E-3 2.66083E-3 2.90673E-3 2.84414E-3 2.7178E-3 2.62064E-3 2.50316E-3 2.38718E-3 5.93324E-3 6.15042E-3 5.83641E-3 7.34409E-3 6.96969E-3 7.1378E-3 7.15021E-3 6.78622E-3 7.02823E-3 7.23624E-3 6.69007E-3 6.92974E-3 7.13652E-3 7.14539E-3 6.74811E-3 6.94896E-3 6.9594E-3 7.20513E-3 7.43197E-3 7.43743E-3
1.01761E-3 9.41386E-4 7.20678E-4 8.16572E-4 6.67659E-4 4.91774E-4 5.95673E-4 6.92156E-4 8.25965E-4 9.00606E-4 9.67008E-4 1.15013E-3 1.07548E-3 1.02916E-3 1.21378E-3 1.06881E-3 1.72525E-3 1.51042E-3 1.50492E-3 1.32125E-3 5.75432E-4 7.81208E-4 8.3168E-4 7.99791E-4 8.87574E-4 1.03132E-3 9.84264E-4 1.13902E-3 1.49309E-3 1.60278E-3 2.0595E-3 2.3439E-3 2.52476E-3 2.84199E-3 2.77791E-3 2.84235E-3 2.70972E-3 2.61486E-3 2.49307E-3 2.58596E-3 6.46415E-3 6.14027E-3 6.33159E-3 7.32805E-3 7.4585E-3 7.12302E-3 7.33565E-3 7.59763E-3 7.61035E-3 7.23436E-3 7.48477E-3 7.49343E-3 7.04199E-3 7.29148E-3 7.51312E-3 7.52192E-3 7.79242E-3 7.40805E-3 7.40681E-3 7.6693E-3 7.90482E-3
