day_2/Results/Podomys_floridanus/projections/PaleoClim/-15000/RUN_2.asc
ncols         385
nrows         252
xllcorner     -91.50013924285
yllcorner     25.49986064915003
cellsize      0.041666666500000005
NODATA_value  -9999
[rows 189 to 215 of 252, columns 244 to 304 of 385]
5.62293E-2 5.8126E-2 5.90996E-2 6.01121E-2 6.24677E-2 6.31638E-2 2.60765E-1 2.57863E-1 5.08395E-1 5.12196E-1 5.0714E-1 5.07895E-1 5.12394E-1 5.07394E-1 5.09497E-1 2.90842E-1 2.87243E-1 2.88304E-1 2.88335E-1 2.87029E-1 1.78246E-1 1.81192E-1 1.81393E-1 1.83685E-1 1.8379E-1 1.7776E-1 1.79687E-1 1.83711E-1 1.86675E-1 1.88331E-1 1.94882E-1 1.96436E-1 -9999 -9999 -9999 -9999 -9999 -9999 -9999 -9999 -9999 -9999 -9999 -9999 -9999 -9999 -9999 -9999 -9999 -9999 -9999 -9999 -9999 -9999 -9999 -9999 -9999 -9999 -9999 -9999 -9999
5.57475E-2 5.80811E-2 5.95393E-2 6.1418E-2 6.32967E-2 6.53572E-2 3.6876E-1 2.61103E-1 5.22503E-1 5.16724E-1 5.22336E-1 5.2178E-1 5.17432E-1 5.15951E-1 4.80405E-1 2.96215E-1 3.01401E-1 2.95607E-1 2.91298E-1 2.92518E-1 1.84024E-1 1.8297E-1 1.87849E-1 1.87385E-1 1.78502E-1 1.81998E-1 1.8345E-1 1.8692E-1 1.90486E-1 1.92165E-1 1.94627E-1 1.96251E-1 -9999 -9999 -9999 -9999 -9999 -9999 -9999 -9999 -9999 -9999 -9999 -9999 -9999 -9999 -9999 -9999 -9999 -9999 -9999 -9999 -9999 -9999 -9999 -9999 -9999 -9999 -9999 -9999 -9999
5.77888E-2 5.81803E-2 6.06528E-2 6.23585E-2 6.38787E-2 6.51677E-2 2.9572E-1 5.24439E-1 5.31533E-1 5.28645E-1 5.32096E-1 5.41481E-1 3.25013E-1 5.29927E-1 4.9736E-1 3.06838E-1 3.01444E-1 2.99698E-1 2.99569E-1 1.86314E-1 1.91247E-1 1.86991E-1 1.88169E-1 1.88169E-1 2.78532E-1 1.78539E-1 1.82273E-1 1.87103E-1 2.89922E-1 1.92437E-1 1.94451E-1 1.97344E-1 -9999 -9999 -9999 -9999 -9999 -9999 -9999 -9999 -9999 -9999 -9999 -9999 -9999 -9999 -9999 -9999 -9999 -9999 -9999 -9999 -9999 -9999 -9999 -9999 -9999 -9999 -9999 -9999 -9999
5.97405E-2 5.96349E-2 6.08892E-2 6.24312E-2 6.44704E-2 3.77467E-1 3.0325E-1 5.28528E-1 5.32342E-1 5.38492E-1 5.47295E-1 5.46533E-1 5.41441E-1 3.09089E-1 3.10671E-1 3.0559E-1 3.05199E-1 3.1219E-1 3.07558E-1 1.89883E-1 1.9195E-1 1.92485E-1 1.93574E-1 2.782E-1 2.80901E-1 2.85937E-1 2.8832E-1 2.93803E-1 2.93839E-1 2.99614E-1 3.01533E-1 3.07355E-1 -9999 -9999 -9999 -9999 -9999 -9999 -9999 -9999 -9999 -9999 -9999 -9999 -9999 -9999 -9999 -9999 -9999 -9999 -9999 -9999 -9999 -9999 -9999 -9999 -9999 -9999 -9999 -9999 -9999
5.96093E-2 6.04289E-2 6.03624E-2 6.40689E-2 3.67791E-1 3.76432E-1 5.285E-1 5.42919E-1 5.43244E-1 5.53194E-1 5.55629E-1 3.49239E-1 3.41864E-1 3.18242E-1 3.18926E-1 3.14977E-1 3.14204E-1 3.11701E-1 3.11029E-1 1.94412E-1 1.95015E-1 1.97308E-1 2.78595E-1 2.83942E-1 2.86701E-1 2.86699E-1 2.92555E-1 2.94581E-1 3.00147E-1 3.02681E-1 3.06331E-1 3.11276E-1 -9999 -9999 -9999 -9999 -9999 -9999 -9999 -9999 -9999 -9999 -9999 -9999 -9999 -9999 -9999 -9999 -9999 -9999 -9999 -9999 -9999 -9999 -9999 -9999 -9999 -9999 -9999 -9999 -9999
6.14289E-2 6.0078E-2 2.54237E-1 2.65854E-1 3.71855E-1 5.58943E-1 5.2113E-1 5.3807E-1 5.54466E-1 5.62793E-1 5.62838E-1 3.50086E-1 3.20615E-1 3.22088E-1 3.16055E-1 3.18358E-1 3.20828E-1 3.16827E-1 3.14886E-1 3.05659E-1 1.97424E-1 1.86349E-1 2.89135E-1 2.86205E-1 2.9093E-1 2.87747E-1 2.90449E-1 2.95959E-1 2.99413E-1 3.00927E-1 3.06437E-1 3.12876E-1 -9999 -9999 -9999 -9999 -9999 -9999 -9999 -9999 -9999 -9999 -9999 -9999 -9999 -9999 -9999 -9999 -9999 -9999 -9999 -9999 -9999 -9999 -9999 -9999 -9999 -9999 -9999 -9999 -9999
6.18122E-2 6.25138E-2 2.5778E-1 3.60943E-1 6.68213E-1 5.658E-1 5.20609E-1 5.42303E-1 5.52399E-1 5.67436E-1 7.54587E-1 5.12552E-1 3.58347E-1 3.30389E-1 3.28408E-1 3.27144E-1 3.2302E-1 3.22252E-1 4.67613E-1 3.71615E-1 2.00266E-1 1.90136E-1 2.90285E-1 3.48509E-1 3.47521E-1 3.53405E-1 3.53008E-1 3.5483E-1 3.65493E-1 3.68143E-1 3.07676E-1 3.13279E-1 3.20105E-1 -9999 -9999 -9999 -9999 -9999 -9999 -9999 -9999 -9999 -9999 -9999 -9999 -9999 -9999 -9999 -9999 -9999 -9999 -9999 -9999 -9999 -9999 -9999 -9999 -9999 -9999 -9999 -9999
1.03996E-1 6.38702E-2 3.66423E-1 6.59548E-1 6.72129E-1 5.72125E-1 5.30898E-1 5.42352E-1 5.49093E-1 5.68108E-1 7.57683E-1 6.04215E-1 4.89917E-1 3.37509E-1 3.33736E-1 3.25968E-1 3.28834E-1 3.25682E-1 4.76016E-1 3.11837E-1 3.71769E-1 1.89232E-1 2.9308E-1 3.49842E-1 3.52455E-1 3.54307E-1 3.60721E-1 3.61607E-1 3.67328E-1 3.69519E-1 3.75911E-1 3.75065E-1 3.19714E-1 -9999 -9999 -9999 -9999 -9999 -9999 -9999 -9999 -9999 -9999 -9999 -9999 -9999 -9999 -9999 -9999 -9999 -9999 -9999 -9999 -9999 -9999 -9999 -9999 -9999 -9999 -9999 -9999
1.32383E-1 2.64158E-1 3.64162E-1 6.62478E-1 6.71565E-1 5.2935E-1 5.40324E-1 5.46442E-1 5.56126E-1 5.63756E-1 8.3509E-1 5.30338E-1 4.95031E-1 4.91729E-1 3.3696E-1 3.31171E-1 3.3208E-1 5.62251E-1 5.59007E-1 3.15228E-1 3.8261E-1 3.55237E-1 3.56552E-1 3.57902E-1 3.56522E-1 3.56837E-1 3.62371E-1 3.69757E-1 3.689E-1 3.71946E-1 3.70597E-1 3.83212E-1 3.85811E-1 -9999 -9999 -9999 -9999 -9999 -9999 -9999 -9999 -9999 -9999 -9999 -9999 -9999 -9999 -9999 -9999 -9999 -9999 -9999 -9999 -9999 -9999 -9999 -9999 -9999 -9999 -9999 -9999
1.32963E-1 4.07336E-1 6.63732E-1 6.69937E-1 5.67176E-1 5.29368E-1 5.42625E-1 5.47516E-1 5.56374E-1 5.67788E-1 7.60051E-1 7.66364E-1 5.8168E-1 4.96649E-1 3.42653E-1 3.37255E-1 4.92412E-1 4.83783E-1 4.8378E-1 3.81292E-1 3.81975E-1 3.62148E-1 3.5648E-1 3.60814E-1 3.56374E-1 3.58632E-1 3.64195E-1 3.66921E-1 5.00734E-1 3.743E-1 5.03315E-1 3.78776E-1 3.85146E-1 -9999 -9999 -9999 -9999 -9999 -9999 -9999 -9999 -9999 -9999 -9999 -9999 -9999 -9999 -9999 -9999 -9999 -9999 -9999 -9999 -9999 -9999 -9999 -9999 -9999 -9999 -9999 -9999
2.61149E-1 6.35102E-1 6.67909E-1 6.73486E-1 5.67205E-1 5.31876E-1 5.39195E-1 5.47517E-1 5.59917E-1 5.67226E-1 8.31761E-1 6.14491E-1 5.86599E-1 4.98198E-1 3.38402E-1 4.92544E-1 3.35312E-1 4.91476E-1 5.6682E-1 3.84502E-1 3.85986E-1 3.6442E-1 3.59524E-1 3.64149E-1 3.63715E-1 3.64208E-1 3.67398E-1 4.88538E-1 4.95509E-1 5.0661E-1 5.05556E-1 5.12331E-1 3.88029E-1 -9999 -9999 -9999 -9999 -9999 -9999 -9999 -9999 -9999 -9999 -9999 -9999 -9999 -9999 -9999 -9999 -9999 -9999 -9999 -9999 -9999 -9999 -9999 -9999 -9999 -9999 -9999 -9999
3.50145E-1 6.37506E-1 6.78928E-1 6.81841E-1 5.25959E-1 5.27658E-1 5.37907E-1 5.51437E-1 5.62898E-1 5.73725E-1 7.57797E-1 8.45324E-1 5.93497E-1 4.99389E-1 4.94512E-1 5.00584E-1 4.88087E-1 5.69589E-1 5.60163E-1 3.87239E-1 3.80542E-1 3.64863E-1 3.61561E-1 3.66832E-1 3.56954E-1 3.69644E-1 4.91791E-1 4.94488E-1 4.95049E-1 5.05389E-1 5.08473E-1 5.14001E-1 5.23257E-1 -9999 -9999 -9999 -9999 -9999 -9999 -9999 -9999 -9999 -9999 -9999 -9999 -9999 -9999 -9999 -9999 -9999 -9999 -9999 -9999 -9999 -9999 -9999 -9999 -9999 -9999 -9999 -9999
6.3793E-1 6.7645E-1 8.49273E-1 6.80086E-1 5.27301E-1 5.34135E-1 5.42413E-1 5.50874E-1 5.62298E-1 5.72514E-1 7.61066E-1 8.45711E-1 5.94036E-1 5.8486E-1 5.83048E-1 5.81443E-1 4.94563E-1 5.74803E-1 5.61855E-1 3.91092E-1 3.87181E-1 3.69378E-1 3.64608E-1 3.53228E-1 4.80616E-1 4.87342E-1 4.9021E-1 5.02329E-1 5.04491E-1 5.11821E-1 5.11305E-1 5.13781E-1 5.24387E-1 -9999 -9999 -9999 -9999 -9999 -9999 -9999 -9999 -9999 -9999 -9999 -9999 -9999 -9999 -9999 -9999 -9999 -9999 -9999 -9999 -9999 -9999 -9999 -9999 -9999 -9999 -9999 -9999
6.55483E-1 6.77668E-1 6.8024E-1 5.66226E-1 5.27145E-1 5.33571E-1 5.40426E-1 5.53656E-1 5.6114E-1 5.66162E-1 5.79866E-1 8.13125E-1 5.94008E-1 5.93908E-1 5.01532E-1 5.0616E-1 5.77438E-1 5.67214E-1 5.66257E-1 3.81007E-1 3.86617E-1 3.89381E-1 3.63038E-1 3.53894E-1 4.80075E-1 4.84687E-1 4.975E-1 5.00339E-1 5.07797E-1 5.1568E-1 5.21215E-1 5.20706E-1 5.28349E-1 -9999 -9999 -9999 -9999 -9999 -9999 -9999 -9999 -9999 -9999 -9999 -9999 -9999 -9999 -9999 -9999 -9999 -9999 -9999 -9999 -9999 -9999 -9999 -9999 -9999 -9999 -9999 -9999
6.63333E-1 6.75565E-1 6.86483E-1 5.65681E-1 5.34382E-1 5.37825E-1 5.43023E-1 5.54863E-1 5.63563E-1 5.74398E-1 5.78661E-1 7.36608E-1 5.95894E-1 5.95004E-1 5.80625E-1 4.95433E-1 5.80666E-1 5.81468E-1 5.65796E-1 3.81925E-1 3.83417E-1 3.80637E-1 3.65004E-1 3.49832E-1 4.7833E-1 4.8671E-1 4.97145E-1 4.9679E-1 5.04227E-1 5.11544E-1 5.1363E-1 5.25203E-1 -9999 -9999 -9999 -9999 -9999 -9999 -9999 -9999 -9999 -9999 -9999 -9999 -9999 -9999 -9999 -9999 -9999 -9999 -9999 -9999 -9999 -9999 -9999 -9999 -9999 -9999 -9999 -9999 -9999
6.64945E-1 6.74136E-1 6.92083E-1 5.25489E-1 5.30481E-1 5.39246E-1 5.48735E-1 5.55649E-1 5.61168E-1 5.72549E-1 5.43024E-1 7.31885E-1 8.46044E-1 5.96707E-1 5.90454E-1 5.88758E-1 5.78544E-1 5.69754E-1 5.68001E-1 3.84266E-1 3.86662E-1 3.79405E-1 3.59621E-1 3.58313E-1 4.75824E-1 4.81007E-1 4.89551E-1 5.00658E-1 5.12594E-1 5.17287E-1 5.21735E-1 5.27108E-1 -9999 -9999 -9999 -9999 -9999 -9999 -9999 -9999 -9999 -9999 -9999 -9999 -9999 -9999 -9999 -9999 -9999 -9999 -9999 -9999 -9999 -9999 -9999 -9999 -9999 -9999 -9999 -9999 -9999
6.70365E-1 6.65825E-1 5.78994E-1 5.37197E-1 5.25044E-1 5.42533E-1 5.54044E-1 5.55672E-1 5.62803E-1 5.34838E-1 5.4119E-1 5.9525E-1 7.7462E-1 5.95394E-1 5.98583E-1 5.9022E-1 5.8659E-1 5.78941E-1 5.80832E-1 5.69872E-1 3.88602E-1 3.79449E-1 3.6128E-1 3.51085E-1 4.8437E-1 4.89223E-1 4.90899E-1 5.00101E-1 5.163E-1 5.21806E-1 5.2459E-1 5.2778E-1 -9999 -9999 -9999 -9999 -9999 -9999 -9999 -9999 -9999 -9999 -9999 -9999 -9999 -9999 -9999 -9999 -9999 -9999 -9999 -9999 -9999 -9999 -9999 -9999 -9999 -9999 -9999 -9999 -9999
6.64309E-1 5.53976E-1 5.70689E-1 5.33982E-1 5.33768E-1 5.3668E-1 5.47106E-1 5.5717E-1 5.21794E-1 5.3104E-1 5.7755E-1 5.78882E-1 5.94982E-1 8.54254E-1 5.95612E-1 5.97535E-1 5.89464E-1 5.81268E-1 5.79161E-1 5.72665E-1 3.9431E-1 3.9041E-1 3.67912E-1 4.8055E-1 4.79126E-1 4.86584E-1 4.90452E-1 5.08116E-1 5.16016E-1 5.14541E-1 5.26335E-1 5.28054E-1 -9999 -9999 -9999 -9999 -9999 -9999 -9999 -9999 -9999 -9999 -9999 -9999 -9999 -9999 -9999 -9999 -9999 -9999 -9999 -9999 -9999 2.44496E-1 -9999 -9999 -9999 -9999 -9999 -9999 -9999
6.82035E-1 5.6142E-1 5.20312E-1 5.30268E-1 5.45251E-1 5.48745E-1 5.48355E-1 5.15833E-1 5.23265E-1 5.73288E-1 5.63769E-1 5.76728E-1 5.86293E-1 7.71006E-1 6.02405E-1 5.95581E-1 5.90064E-1 5.82783E-1 5.8228E-1 5.71086E-1 3.93299E-1 3.91653E-1 3.7568E-1 4.94924E-1 4.94065E-1 4.86201E-1 4.88696E-1 5.03553E-1 5.12593E-1 5.19743E-1 5.26204E-1 5.36897E-1 5.42361E-1 -9999 -9999 -9999 -9999 -9999 -9999 -9999 -9999 -9999 -9999 -9999 -9999 -9999 -9999 -9999 -9999 -9999 -9999 -9999 3.70932E-1 2.43172E-1 2.44423E-1 2.38633E-1 2.43227E-1 2.39718E-1 2.39798E-1 2.32059E-1 2.34251E-1
6.90998E-1 5.20384E-1 5.27318E-1 5.33097E-1 5.38387E-1 5.46927E-1 5.55229E-1 5.20269E-1 5.2564E-1 5.64983E-1 5.70762E-1 5.79226E-1 5.74583E-1 5.87683E-1 8.51534E-1 5.97872E-1 5.99759E-1 5.85622E-1 5.87102E-1 5.75953E-1 4.02644E-1 3.97398E-1 3.99664E-1 4.97453E-1 5.00462E-1 3.1576E-1 5.00027E-1 5.04029E-1 5.11499E-1 5.19754E-1 5.26791E-1 5.40745E-1 5.43194E-1 -9999 -9999 -9999 -9999 -9999 -9999 -9999 -9999 -9999 -9999 -9999 -9999 -9999 -9999 -9999 -9999 -9999 -9999 -9999 3.71512E-1 2.43988E-1 2.42196E-1 2.41656E-1 2.41678E-1 2.34209E-1 2.36105E-1 2.32548E-1 2.31685E-1
9.1761E-1 5.27173E-1 5.22323E-1 5.34574E-1 5.34838E-1 5.46039E-1 5.13957E-1 5.19059E-1 5.25035E-1 5.66809E-1 5.73225E-1 5.83872E-1 5.83247E-1 5.871E-1 7.78302E-1 6.00759E-1 6.04562E-1 5.91962E-1 5.80352E-1 5.83991E-1 4.07882E-1 4.01562E-1 4.12017E-1 5.05755E-1 5.03724E-1 2.26962E-1 2.27255E-1 3.27491E-1 2.33139E-1 5.19368E-1 5.31833E-1 5.37025E-1 5.44147E-1 -9999 -9999 -9999 -9999 -9999 -9999 -9999 -9999 -9999 -9999 -9999 -9999 -9999 -9999 -9999 -9999 -9999 -9999 -9999 3.77849E-1 3.6965E-1 2.43273E-1 2.45872E-1 2.37833E-1 2.36909E-1 1.72419E-1 1.7023E-1 1.69246E-1
8.579E-1 5.42154E-1 5.29679E-1 5.331E-1 5.00834E-1 5.0735E-1 5.15381E-1 5.22008E-1 5.61926E-1 5.67707E-1 5.74429E-1 5.84142E-1 5.81343E-1 5.90162E-1 5.9036E-1 8.51399E-1 6.07776E-1 5.93104E-1 5.84407E-1 5.86743E-1 5.91316E-1 4.07725E-1 4.13941E-1 5.12987E-1 5.09053E-1 2.35273E-1 3.30005E-1 2.36429E-1 2.38468E-1 2.40052E-1 2.39699E-1 5.37337E-1 -9999 -9999 -9999 -9999 -9999 -9999 -9999 -9999 -9999 -9999 -9999 -9999 -9999 -9999 -9999 -9999 -9999 -9999 -9999 -9999 3.78411E-1 3.77593E-1 3.67053E-1 2.41403E-1 2.40947E-1 1.71308E-1 1.72427E-1 1.71882E-1 1.6704E-1
8.73843E-1 5.36599E-1 5.30536E-1 5.4164E-1 5.04318E-1 5.07651E-1 5.10728E-1 5.21986E-1 5.63164E-1 5.64658E-1 5.66414E-1 5.74234E-1 5.67078E-1 5.75518E-1 5.87749E-1 7.80701E-1 8.55649E-1 6.05695E-1 5.96749E-1 5.96906E-1 5.85806E-1 4.11303E-1 4.07327E-1 5.13542E-1 2.33488E-1 3.80628E-1 2.31401E-1 3.33719E-1 3.35409E-1 3.38167E-1 2.44948E-1 2.51275E-1 -9999 -9999 -9999 -9999 -9999 -9999 -9999 -9999 -9999 -9999 -9999 -9999 -9999 -9999 -9999 -9999 -9999 -9999 -9999 -9999 -9999 3.74822E-1 3.70644E-1 3.64804E-1 2.41891E-1 1.75334E-1 1.74791E-1 1.68542E-1 1.69532E-1
8.78909E-1 5.44702E-1 5.40887E-1 5.0069E-1 5.02568E-1 5.11707E-1 5.59085E-1 5.60014E-1 5.70168E-1 5.665E-1 5.74344E-1 5.7762E-1 5.71676E-1 5.74572E-1 5.71509E-1 5.87516E-1 8.53659E-1 6.06866E-1 6.00174E-1 6.04329E-1 5.92743E-1 4.20267E-1 5.51135E-1 2.52696E-1 2.35475E-1 2.36411E-1 2.34072E-1 3.34087E-1 3.368E-1 3.4309E-1 3.49891E-1 2.50558E-1 -9999 -9999 -9999 -9999 -9999 -9999 -9999 -9999 -9999 -9999 -9999 -9999 -9999 -9999 -9999 -9999 -9999 -9999 -9999 -9999 -9999 -9999 3.71216E-1 3.74213E-1 2.42732E-1 1.75413E-1 1.71158E-1 1.70148E-1 1.67886E-1
8.40438E-1 5.55411E-1 5.0708E-1 5.1129E-1 5.10025E-1 5.44044E-1 5.63298E-1 5.63119E-1 5.65248E-1 5.61523E-1 5.74933E-1 5.69874E-1 5.72277E-1 5.81706E-1 5.78443E-1 5.84909E-1 8.53154E-1 8.66606E-1 6.07103E-1 6.06686E-1 5.96607E-1 4.21439E-1 5.51587E-1 2.59014E-1 2.41533E-1 2.41129E-1 2.45308E-1 3.47433E-1 3.39726E-1 3.43987E-1 3.51115E-1 2.5614E-1 -9999 -9999 -9999 -9999 -9999 -9999 -9999 -9999 -9999 -9999 -9999 -9999 -9999 -9999 -9999 -9999 -9999 -9999 -9999 -9999 -9999 -9999 3.79155E-1 3.69197E-1 2.44799E-1 1.77574E-1 1.71458E-1 1.68301E-1 1.67465E-1
7.42671E-1 5.17035E-1 5.07668E-1 5.13346E-1 5.17041E-1 5.55044E-1 5.59999E-1 5.62772E-1 5.55407E-1 5.63955E-1 5.71462E-1 5.62455E-1 5.73496E-1 5.83571E-1 5.82235E-1 5.88731E-1 7.81568E-1 8.54628E-1 8.61316E-1 6.17423E-1 6.08095E-1 4.2198E-1 5.56591E-1 2.64896E-1 2.44255E-1 2.41429E-1 2.44365E-1 2.41711E-1 3.4294E-1 3.45933E-1 3.46773E-1 3.63749E-1 -9999 -9999 -9999 -9999 -9999 -9999 -9999 -9999 -9999 -9999 -9999 -9999 -9999 -9999 -9999 -9999 -9999 -9999 -9999 -9999 -9999 -9999 -9999 3.73488E-1 3.713E-1 1.78508E-1 1.73161E-1 1.7031E-1 1.66742E-1
5.19753E-1 5.18525E-1 5.19839E-1 5.10637E-1 5.513E-1 5.55052E-1 5.62704E-1 5.53882E-1 5.62096E-1 5.6662E-1 5.55762E-1 5.65728E-1 5.72874E-1 5.75832E-1 5.86891E-1 5.92285E-1 5.91624E-1 8.55808E-1 8.58939E-1 8.67287E-1 6.10959E-1 4.24665E-1 5.62309E-1 2.63458E-1 2.46025E-1 2.44478E-1 2.47113E-1 2.44451E-1 3.4373E-1 3.437E-1 3.4656E-1 3.58098E-1 3.65956E-1 -9999 -9999 -9999 -9999 -9999 -9999 -9999 -9999 -9999 -9999 -9999 -9999 -9999 -9999 -9999 -9999 -9999 -9999 -9999 -9999 -9999 -9999 -9999 3.71527E-1 1.74237E-1 1.68902E-1 1.70542E-1 1.64917E-1
