day_2/Results/Podomys_floridanus/projections/PaleoClim/-15000/RUN_0.asc
ncols         385
nrows         252
xllcorner     -91.50013924285
yllcorner     25.49986064915003
cellsize      0.041666666500000005
NODATA_value  -9999
[rows 108 to 134 of 252, columns 244 to 304 of 385]
5.94545E-3 6.52692E-3 1.00322E-2 1.03192E-2 7.01889E-3 7.1548E-3 7.35218E-3 7.35286E-3 7.55647E-3 7.55785E-3 7.74928E-3 7.96049E-3 8.17537E-3 8.17682E-3 8.39397E-3 8.59928E-3 8.82465E-3 9.05362E-3 9.28622E-3 9.50356E-3 9.74269E-3 9.7443E-3 9.98617E-3 1.02314E-2 1.04809E-2 1.07124E-2 1.0968E-2 1.12268E-2 1.14888E-2 1.1754E-2 1.19982E-2 1.19999E-2 1.22688E-2 1.25424E-2 1.28187E-2 1.30979E-2 1.30989E-2 1.3099E-2 1.33789E-2 -9999 -9999 -9999 -9999 -9999 -9999 -9999 -9999 -9999 -9999 -9999 -9999 -9999 -9999 -9999 -9999 -9999 -9999 -9999 -9999 -9999 -9999
6.2842E-3 9.26387E-3 7.15758E-3 7.21356E-3 7.34108E-3 7.54166E-3 7.54234E-3 7.54303E-3 7.74923E-3 7.96044E-3 7.96186E-3 8.17537E-3 8.37747E-3 8.59922E-3 8.60066E-3 8.82535E-3 9.05439E-3 9.26788E-3 9.5035E-3 9.74262E-3 9.98529E-3 1.02314E-2 1.04809E-2 1.04617E-2 1.07132E-2 1.09688E-2 1.12276E-2 1.14897E-2 1.17305E-2 1.19981E-2 1.22687E-2 1.25423E-2 1.25442E-2 1.28187E-2 1.30717E-2 1.33529E-2 1.33538E-2 1.33807E-2 -9999 -9999 -9999 -9999 -9999 -9999 -9999 -9999 -9999 -9999 -9999 -9999 -9999 -9999 -9999 -9999 -9999 -9999 -9999 -9999 -9999 -9999 -9999
6.95405E-3 9.79046E-3 7.68994E-3 7.54234E-3 7.74923E-3 7.74988E-3 7.75058E-3 7.96044E-3 7.96186E-3 8.15931E-3 8.37742E-3 8.37883E-3 8.59991E-3 8.82459E-3 9.03573E-3 9.26781E-3 9.50343E-3 9.50502E-3 9.74343E-3 9.96627E-3 1.02118E-2 1.046E-2 1.07123E-2 1.09679E-2 1.12268E-2 1.14685E-2 1.17331E-2 1.20008E-2 1.20025E-2 1.22724E-2 1.25199E-2 1.27957E-2 1.30744E-2 1.30762E-2 1.33557E-2 1.36395E-2 1.36406E-2 1.36642E-2 -9999 -9999 -9999 -9999 -9999 -9999 -9999 -9999 -9999 -9999 -9999 -9999 -9999 -9999 -9999 -9999 -9999 -9999 -9999 -9999 -9999 -9999 -9999
7.33445E-3 7.54033E-3 7.73464E-3 7.75053E-3 7.96044E-3 7.94551E-3 8.15925E-3 8.1607E-3 8.37736E-3 8.37883E-3 8.59991E-3 8.80716E-3 9.03567E-3 9.03715E-3 9.26853E-3 9.50344E-3 9.72327E-3 9.96539E-3 1.0211E-2 1.04599E-2 1.07148E-2 1.07165E-2 1.09494E-2 1.12069E-2 1.14684E-2 1.13866E-2 1.16424E-2 1.18984E-2 1.21325E-2 1.23928E-2 1.23945E-2 1.26555E-2 1.29206E-2 1.31612E-2 1.31895E-2 1.343E-2 1.34581E-2 -9999 -9999 -9999 -9999 -9999 -9999 -9999 -9999 -9999 -9999 -9999 -9999 -9999 -9999 -9999 -9999 -9999 -9999 -9999 -9999 -9999 -9999 -9999 -9999
6.96373E-3 7.35888E-3 8.15713E-3 8.15998E-3 8.15992E-3 8.16064E-3 8.37736E-3 8.59917E-3 8.58292E-3 8.8071E-3 9.03561E-3 9.03715E-3 9.26775E-3 9.48456E-3 9.72321E-3 9.72482E-3 9.96614E-3 1.02142E-2 1.04624E-2 1.06934E-2 1.06431E-2 1.08906E-2 1.11385E-2 1.11401E-2 1.139E-2 1.16199E-2 1.18744E-2 1.21323E-2 1.23927E-2 1.26555E-2 1.29206E-2 1.28963E-2 1.31611E-2 1.34299E-2 1.37007E-2 1.37017E-2 1.37285E-2 -9999 -9999 -9999 -9999 -9999 -9999 -9999 -9999 -9999 -9999 -9999 -9999 -9999 -9999 -9999 -9999 -9999 -9999 -9999 -9999 -9999 -9999 -9999 -9999
7.35699E-3 7.75452E-3 8.35939E-3 8.37804E-3 8.36227E-3 8.58212E-3 8.58286E-3 8.8071E-3 8.80855E-3 9.03561E-3 9.24934E-3 9.48449E-3 9.48601E-3 9.72395E-3 9.9677E-3 1.02134E-2 1.04415E-2 1.04008E-2 1.04049E-2 1.06462E-2 1.08905E-2 1.11385E-2 1.13663E-2 1.16189E-2 1.18744E-2 1.21323E-2 1.2134E-2 1.23686E-2 1.26299E-2 1.28944E-2 1.31611E-2 1.34299E-2 1.34317E-2 1.36729E-2 1.3945E-2 1.39743E-2 -9999 -9999 -9999 -9999 -9999 -9999 -9999 -9999 -9999 -9999 -9999 -9999 -9999 -9999 -9999 -9999 -9999 -9999 -9999 -9999 -9999 -9999 -9999 -9999 -9999
8.35303E-3 8.58205E-3 8.58281E-3 8.58495E-3 8.80923E-3 8.80999E-3 8.81074E-3 9.03784E-3 9.25161E-3 9.2531E-3 9.48444E-3 9.72314E-3 9.94779E-3 1.01929E-2 9.92604E-3 1.01639E-2 1.04032E-2 1.06454E-2 1.08905E-2 1.11161E-2 1.11177E-2 1.13669E-2 1.16198E-2 1.18504E-2 1.21078E-2 1.23676E-2 1.26299E-2 1.28944E-2 1.28961E-2 1.3161E-2 1.34299E-2 1.36729E-2 1.3945E-2 1.39468E-2 1.4219E-2 1.4248E-2 -9999 -9999 -9999 -9999 -9999 -9999 -9999 -9999 -9999 -9999 -9999 -9999 -9999 -9999 -9999 -9999 -9999 -9999 -9999 -9999 -9999 -9999 -9999 -9999 -9999
7.9643E-3 8.78737E-3 8.79242E-3 8.59046E-3 8.80986E-3 8.81059E-3 9.03103E-3 9.03252E-3 9.25545E-3 9.48304E-3 9.70999E-3 9.94773E-3 9.92519E-3 1.01639E-2 1.01655E-2 1.03831E-2 1.06248E-2 1.08686E-2 1.11159E-2 1.13661E-2 1.16189E-2 1.18504E-2 1.21078E-2 1.21094E-2 1.23676E-2 1.26298E-2 1.28943E-2 1.3161E-2 1.34026E-2 1.34034E-2 1.36728E-2 1.39478E-2 1.42218E-2 1.44975E-2 1.44985E-2 -9999 -9999 -9999 -9999 -9999 -9999 -9999 -9999 -9999 -9999 -9999 -9999 -9999 -9999 -9999 -9999 -9999 -9999 -9999 -9999 -9999 -9999 -9999 -9999 -9999 -9999
8.78654E-3 9.01982E-3 8.80843E-3 8.81059E-3 9.03103E-3 9.03177E-3 9.23696E-3 9.46403E-3 9.4648E-3 9.69428E-3 9.92753E-3 9.9291E-3 1.01435E-2 1.03822E-2 1.0624E-2 1.08686E-2 1.11159E-2 1.11176E-2 1.13432E-2 1.15954E-2 1.18503E-2 1.21077E-2 1.23676E-2 1.26042E-2 1.26058E-2 1.2869E-2 1.3137E-2 1.34053E-2 1.36757E-2 1.36774E-2 1.39478E-2 1.21643E-2 1.23958E-2 1.2626E-2 1.26519E-2 -9999 -9999 -9999 -9999 -9999 -9999 -9999 -9999 -9999 -9999 -9999 -9999 -9999 -9999 -9999 -9999 -9999 -9999 -9999 -9999 -9999 -9999 -9999 -9999 -9999 -9999
9.01678E-3 9.02883E-3 9.03177E-3 9.03252E-3 9.23696E-3 9.23841E-3 9.46403E-3 9.69421E-3 9.69576E-3 9.92753E-3 1.01435E-2 1.03822E-2 1.03838E-2 1.06239E-2 1.08685E-2 1.11159E-2 1.13432E-2 1.15954E-2 1.1597E-2 1.18511E-2 1.21077E-2 1.23425E-2 1.26041E-2 1.28708E-2 1.3137E-2 1.34053E-2 1.15096E-2 1.17362E-2 1.19633E-2 1.21668E-2 1.21682E-2 1.23958E-2 1.26259E-2 1.28565E-2 -9999 -9999 -9999 -9999 -9999 -9999 -9999 -9999 -9999 -9999 -9999 -9999 -9999 -9999 -9999 -9999 -9999 -9999 -9999 -9999 -9999 -9999 -9999 -9999 -9999 -9999 -9999
9.01073E-3 9.2369E-3 9.23765E-3 9.46403E-3 9.46473E-3 9.69421E-3 9.69499E-3 9.90759E-3 1.01434E-2 1.01442E-2 1.03822E-2 1.06239E-2 1.08466E-2 1.08482E-2 1.10943E-2 1.13431E-2 1.15953E-2 1.18502E-2 1.20831E-2 1.23424E-2 1.23441E-2 1.26067E-2 1.28707E-2 1.12839E-2 1.15105E-2 1.17123E-2 1.19388E-2 1.19395E-2 1.21666E-2 1.23957E-2 1.26259E-2 1.26275E-2 1.28308E-2 1.28572E-2 -9999 -9999 -9999 -9999 -9999 -9999 -9999 -9999 -9999 -9999 -9999 -9999 -9999 -9999 -9999 -9999 -9999 -9999 -9999 -9999 -9999 -9999 -9999 -9999 -9999 -9999 -9999
9.23907E-3 9.46625E-3 9.46701E-3 9.69422E-3 9.67551E-3 9.90752E-3 9.90909E-3 1.01433E-2 1.03822E-2 1.03838E-2 1.06025E-2 1.08465E-2 1.10934E-2 1.1343E-2 1.15953E-2 1.15962E-2 1.18262E-2 1.2083E-2 1.2345E-2 1.26067E-2 1.28707E-2 1.10402E-2 1.12632E-2 1.14869E-2 1.17121E-2 1.19387E-2 1.21666E-2 1.21681E-2 1.23711E-2 1.25999E-2 1.28306E-2 1.30623E-2 1.30631E-2 -9999 -9999 -9999 -9999 -9999 -9999 -9999 -9999 -9999 -9999 -9999 -9999 -9999 -9999 -9999 -9999 -9999 -9999 -9999 -9999 -9999 -9999 -9999 -9999 -9999 -9999 -9999 -9999
8.18153E-3 8.37794E-3 8.3786E-3 9.91221E-3 9.91059E-3 1.01457E-2 1.03822E-2 1.0362E-2 1.06024E-2 1.08465E-2 1.08473E-2 1.10934E-2 1.1343E-2 1.15718E-2 1.18261E-2 1.1827E-2 1.20856E-2 1.2345E-2 1.08182E-2 1.1041E-2 1.12632E-2 1.14869E-2 1.14884E-2 1.17121E-2 1.19142E-2 1.21416E-2 1.23702E-2 1.25999E-2 1.28306E-2 1.28314E-2 1.30379E-2 1.32698E-2 1.32948E-2 -9999 -9999 -9999 -9999 -9999 -9999 -9999 -9999 -9999 -9999 -9999 -9999 -9999 -9999 -9999 -9999 -9999 -9999 -9999 -9999 -9999 -9999 -9999 -9999 -9999 -9999 -9999 -9999
8.37789E-3 8.57478E-3 8.57544E-3 8.77407E-3 8.75701E-3 8.95751E-3 1.06072E-2 1.06056E-2 1.08465E-2 1.10934E-2 1.10725E-2 1.13199E-2 1.15717E-2 1.18261E-2 1.20856E-2 1.20865E-2 1.05993E-2 1.08204E-2 1.1041E-2 1.12631E-2 1.14869E-2 1.16881E-2 1.19141E-2 1.19156E-2 1.21415E-2 1.23701E-2 1.25999E-2 1.28067E-2 1.30378E-2 1.30394E-2 1.40597E-2 1.43001E-2 -9999 -9999 -9999 -9999 -9999 -9999 -9999 -9999 -9999 -9999 -9999 -9999 -9999 -9999 -9999 -9999 -9999 -9999 -9999 -9999 -9999 -9999 -9999 -9999 -9999 -9999 -9999 -9999 -9999
8.56144E-3 8.75629E-3 8.75695E-3 8.95745E-3 8.95812E-3 9.16097E-3 9.3477E-3 9.34833E-3 1.10758E-2 1.13225E-2 1.15742E-2 1.15759E-2 1.18287E-2 1.20856E-2 1.05993E-2 1.0603E-2 1.08204E-2 1.10409E-2 1.12631E-2 1.14633E-2 1.1688E-2 1.1914E-2 1.21415E-2 1.23701E-2 1.23479E-2 1.25763E-2 1.28066E-2 1.38218E-2 1.40623E-2 1.43008E-2 1.43016E-2 1.43009E-2 -9999 -9999 -9999 -9999 -9999 -9999 -9999 -9999 -9999 -9999 -9999 -9999 -9999 -9999 -9999 -9999 -9999 -9999 -9999 -9999 -9999 -9999 -9999 -9999 -9999 -9999 -9999 -9999 -9999
9.3938E-3 8.96162E-3 8.95813E-3 9.14236E-3 9.14298E-3 9.34764E-3 9.55517E-3 9.5558E-3 9.76475E-3 9.97647E-3 1.01694E-2 1.03845E-2 1.03852E-2 1.06015E-2 1.08204E-2 1.10409E-2 1.10424E-2 1.124E-2 1.14632E-2 1.1688E-2 1.1914E-2 1.21164E-2 1.2347E-2 1.25763E-2 1.33485E-2 1.3587E-2 1.38244E-2 1.40623E-2 1.42711E-2 1.45093E-2 1.45101E-2 -9999 -9999 -9999 -9999 -9999 -9999 -9999 -9999 -9999 -9999 -9999 -9999 -9999 -9999 -9999 -9999 -9999 -9999 -9999 -9999 -9999 -9999 -9999 -9999 -9999 -9999 -9999 -9999 -9999 -9999
9.58464E-3 9.7967E-3 9.1472E-3 9.34978E-3 9.34827E-3 9.5551E-3 9.76475E-3 9.74551E-3 9.95603E-3 1.01693E-2 1.03844E-2 1.06015E-2 1.0603E-2 1.07981E-2 1.10182E-2 1.12399E-2 1.14632E-2 1.14646E-2 1.16879E-2 1.1914E-2 1.21189E-2 1.2347E-2 1.33477E-2 1.3587E-2 1.35886E-2 1.37957E-2 1.40331E-2 1.4271E-2 1.45093E-2 1.47471E-2 1.4748E-2 -9999 -9999 -9999 -9999 -9999 -9999 -9999 -9999 -9999 -9999 -9999 -9999 -9999 -9999 -9999 -9999 -9999 -9999 -9999 -9999 -9999 -9999 -9999 -9999 -9999 -9999 -9999 -9999 -9999 -9999
9.80115E-3 1.00109E-2 1.00116E-2 1.02273E-2 9.54061E-3 9.74475E-3 9.95603E-3 9.95738E-3 1.01692E-2 1.03844E-2 1.05797E-2 1.07981E-2 1.10181E-2 1.10188E-2 1.12398E-2 1.14631E-2 1.16879E-2 1.18895E-2 1.18901E-2 1.21188E-2 1.31118E-2 1.33503E-2 1.3587E-2 1.37957E-2 1.40331E-2 1.40339E-2 1.42709E-2 1.45092E-2 1.47478E-2 1.47514E-2 1.47786E-2 -9999 -9999 -9999 -9999 -9999 -9999 -9999 -9999 -9999 -9999 -9999 -9999 -9999 -9999 -9999 -9999 -9999 -9999 -9999 -9999 -9999 -9999 -9999 -9999 -9999 -9999 -9999 -9999 -9999 -9999
1.06992E-2 1.02102E-2 1.0207E-2 1.04243E-2 1.0425E-2 9.9604E-3 1.01715E-2 1.03624E-2 1.03638E-2 1.05797E-2 1.0798E-2 1.10181E-2 1.12167E-2 1.12173E-2 1.14394E-2 1.16637E-2 1.18893E-2 1.21187E-2 1.21195E-2 1.31118E-2 1.33226E-2 1.35587E-2 1.37955E-2 1.40331E-2 1.42709E-2 1.42725E-2 1.4479E-2 1.47197E-2 1.49579E-2 1.58126E-2 -9999 -9999 -9999 -9999 -9999 -9999 -9999 -9999 -9999 -9999 -9999 -9999 -9999 -9999 -9999 -9999 -9999 -9999 -9999 -9999 -9999 -9999 -9999 -9999 -9999 -9999 -9999 -9999 -9999 -9999 -9999
1.09265E-2 1.09248E-2 1.04266E-2 1.06441E-2 1.06448E-2 1.08435E-2 1.10666E-2 1.0369E-2 1.05797E-2 1.0798E-2 1.09954E-2 1.12166E-2 1.14394E-2 1.14402E-2 1.16636E-2 1.18917E-2 1.20936E-2 1.30845E-2 1.30887E-2 1.33225E-2 1.35586E-2 1.37955E-2 1.40038E-2 1.42708E-2 1.4479E-2 1.47197E-2 1.47205E-2 1.58118E-2 1.60573E-2 1.60574E-2 -9999 -9999 -9999 -9999 -9999 -9999 -9999 -9999 -9999 -9999 -9999 -9999 -9999 -9999 -9999 -9999 -9999 -9999 -9999 -9999 -9999 -9999 -9999 -9999 -9999 -9999 -9999 -9999 -9999 -9999 -9999
1.11558E-2 1.11516E-2 1.06488E-2 1.08428E-2 1.08442E-2 1.10666E-2 1.12913E-2 1.1494E-2 1.08033E-2 1.09977E-2 1.12166E-2 1.14393E-2 1.16653E-2 1.16668E-2 1.18671E-2 1.285E-2 1.30871E-2 1.33224E-2 1.35586E-2 1.35594E-2 1.37668E-2 1.40037E-2 1.42411E-2 1.44816E-2 1.47196E-2 1.58117E-2 1.58155E-2 1.60573E-2 1.62646E-2 -9999 -9999 -9999 -9999 -9999 -9999 -9999 -9999 -9999 -9999 -9999 -9999 -9999 -9999 -9999 -9999 -9999 -9999 -9999 -9999 -9999 -9999 -9999 -9999 -9999 -9999 -9999 -9999 -9999 -9999 -9999 -9999
1.2143E-2 1.13593E-2 1.1586E-2 1.08497E-2 1.10666E-2 1.12913E-2 1.1494E-2 1.17207E-2 1.17222E-2 1.19504E-2 1.14441E-2 1.16419E-2 1.23849E-2 1.26191E-2 1.28525E-2 1.3087E-2 1.33224E-2 1.35304E-2 1.37667E-2 1.37683E-2 1.40036E-2 1.42437E-2 1.44816E-2 1.55362E-2 1.57814E-2 1.60228E-2 1.60244E-2 1.62653E-2 1.62653E-2 -9999 -9999 -9999 -9999 -9999 -9999 -9999 -9999 -9999 -9999 -9999 -9999 -9999 -9999 -9999 -9999 -9999 -9999 -9999 -9999 -9999 -9999 -9999 -9999 -9999 -9999 -9999 -9999 -9999 -9999 -9999 -9999
1.23817E-2 1.15918E-2 1.18175E-2 1.2025E-2 1.12969E-2 1.1494E-2 1.17207E-2 1.17222E-2 1.19256E-2 1.21555E-2 1.23867E-2 1.26183E-2 1.26199E-2 1.28525E-2 1.30598E-2 1.32946E-2 1.35303E-2 1.37666E-2 1.40036E-2 1.42402E-2 1.42147E-2 1.52935E-2 1.5539E-2 1.57813E-2 1.60235E-2 1.60243E-2 1.62652E-2 1.65064E-2 -9999 -9999 -9999 -9999 -9999 -9999 -9999 -9999 -9999 -9999 -9999 -9999 -9999 -9999 -9999 -9999 -9999 -9999 -9999 -9999 -9999 -9999 -9999 -9999 -9999 -9999 -9999 -9999 -9999 -9999 -9999 -9999 -9999
1.25978E-2 1.25938E-2 1.20283E-2 1.20264E-2 1.22597E-2 1.17264E-2 1.17222E-2 1.19504E-2 1.21556E-2 1.23867E-2 1.2619E-2 1.26206E-2 1.28525E-2 1.30598E-2 1.32946E-2 1.35303E-2 1.37666E-2 1.39742E-2 1.42103E-2 1.42146E-2 1.52935E-2 1.55389E-2 1.57813E-2 1.59898E-2 1.62309E-2 1.62317E-2 1.64746E-2 1.97365E-2 -9999 -9999 -9999 -9999 -9999 -9999 -9999 -9999 -9999 -9999 -9999 -9999 -9999 -9999 -9999 -9999 -9999 -9999 -9999 -9999 -9999 -9999 -9999 -9999 -9999 -9999 -9999 -9999 -9999 -9999 -9999 -9999 -9999
1.34506E-2 1.28367E-2 1.22643E-2 1.22351E-2 1.24692E-2 1.27056E-2 1.19314E-2 1.21555E-2 1.23866E-2 1.2619E-2 1.2825E-2 1.30589E-2 1.30603E-2 1.32945E-2 1.35302E-2 1.37666E-2 1.39742E-2 1.42138E-2 1.42145E-2 1.52934E-2 1.55389E-2 1.57481E-2 1.59897E-2 1.62309E-2 1.64715E-2 1.64753E-2 2.08142E-2 2.0862E-2 -9999 -9999 -9999 -9999 -9999 -9999 -9999 -9999 -9999 -9999 -9999 -9999 -9999 -9999 -9999 -9999 -9999 -9999 -9999 -9999 -9999 -9999 -9999 -9999 -9999 -9999 -9999 -9999 -9999 -9999 -9999 -9999 -9999
1.37001E-2 1.3052E-2 1.30778E-2 1.2472E-2 1.27056E-2 1.2943E-2 1.29438E-2 1.23892E-2 1.25927E-2 1.28256E-2 1.28264E-2 1.30596E-2 1.32666E-2 1.35018E-2 1.37377E-2 1.39741E-2 1.42137E-2 1.52934E-2 1.5265E-2 1.55061E-2 1.5748E-2 1.59897E-2 1.62308E-2 1.64745E-2 1.96955E-2 2.07711E-2 2.10587E-2 -9999 -9999 -9999 -9999 -9999 -9999 -9999 -9999 -9999 -9999 -9999 -9999 -9999 -9999 -9999 -9999 -9999 -9999 -9999 -9999 -9999 -9999 -9999 -9999 -9999 -9999 -9999 -9999 -9999 -9999 -9999 -9999 -9999 -9999
1.39285E-2 1.32977E-2 1.35362E-2 1.27116E-2 1.2943E-2 1.31533E-2 1.31548E-2 1.25978E-2 1.28256E-2 1.30596E-2 1.30604E-2 1.32666E-2 1.35018E-2 1.37377E-2 1.39767E-2 1.42137E-2 1.52604E-2 1.55053E-2 1.55069E-2 1.57479E-2 1.59895E-2 1.62308E-2 1.64396E-2 2.07701E-2 2.10578E-2 2.10597E-2 2.13412E-2 -9999 -9999 -9999 -9999 -9999 -9999 -9999 -9999 -9999 -9999 -9999 -9999 -9999 -9999 -9999 -9999 -9999 -9999 -9999 -9999 -9999 -9999 -9999 -9999 -9999 -9999 -9999 -9999 -9999 -9999 -9999 -9999 -9999 -9999
