day_2/Results/Podomys_floridanus/projections/PaleoClim/-15000/RUN_2.asc
ncols         385
nrows         252
xllcorner     -91.50013924285
yllcorner     25.49986064915003
cellsize      0.041666666500000005
NODATA_value  -9999
[rows 54 to 80 of 252, columns 122 to 182 of 385]
7.28319E-4 1.3896E-4 6.17353E-5 4.65933E-5 5.91419E-5 4.64809E-5 1.27399E-4 1.07774E-4 1.6517E-4 9.21956E-5 1.04907E-4 1.81794E-4 2.22552E-4 1.83596E-4 1.16039E-4 8.74284E-5 1.47148E-5 8.92006E-4 1.15024E-4 7.25921E-5 1.67959E-5 1.11719E-4 2.6588E-4 1.06487E-4 1.87785E-4 2.23317E-4 2.31043E-4 1.22487E-4 1.05498E-4 1.13469E-4 3.77229E-5 6.50891E-5 9.47613E-5 4.43665E-4 2.22944E-4 1.22349E-4 1.2199E-4 9.2726E-5 1.02681E-4 5.8488E-5 1.34874E-4 9.57904E-5 1.35998E-4 6.51277E-4 6.11312E-4 5.68089E-4 9.4314E-5 4.5583E-5 9.65548E-5 1.04855E-4 5.4633E-5 8.1371E-5 1.6706E-4 2.76196E-4 8.22223E-5 7.68995E-5 7.0519E-4 7.20366E-5 8.61061E-5 5.85441E-4 1.69377E-4
9.57947E-5 7.05357E-5 1.18342E-4 1.28431E-4 7.45717E-5 1.28362E-4 1.09271E-4 1.32805E-4 8.26275E-5 4.10044E-5 1.19435E-4 1.18101E-4 1.03227E-4 1.38945E-4 6.40017E-5 2.37066E-5 2.29686E-5 9.54286E-4 7.37083E-5 3.73234E-5 1.0575E-4 2.41268E-4 1.11259E-4 1.21659E-4 3.67419E-4 2.43933E-4 1.39553E-4 2.11924E-4 1.40069E-4 7.09365E-5 4.30791E-5 1.12588E-4 1.23231E-4 6.95441E-4 1.42442E-4 9.92357E-5 5.49207E-4 1.12384E-4 1.05486E-4 5.67413E-5 9.65473E-5 3.20273E-4 7.35586E-4 6.74026E-4 1.36454E-4 8.47443E-5 9.30179E-5 1.0296E-4 6.48589E-4 6.39549E-4 6.4065E-4 6.99994E-4 3.17519E-4 3.56589E-4 2.41245E-4 4.43862E-5 8.75216E-5 5.07931E-4 7.28286E-4 5.48783E-4 4.979E-4
3.03775E-5 6.78507E-5 1.30867E-4 1.29733E-4 1.05906E-4 9.7451E-5 8.7802E-5 9.84676E-5 8.07847E-5 6.65914E-5 1.90733E-5 6.18429E-5 5.8187E-5 1.25503E-4 5.8868E-5 4.17237E-5 1.87396E-4 7.50653E-4 1.0385E-4 1.55886E-4 1.55753E-4 2.88498E-4 1.27867E-4 3.70899E-4 2.76702E-4 1.45252E-4 4.74176E-5 7.73438E-5 9.95412E-5 1.503E-4 1.34389E-4 1.36259E-4 4.00156E-4 1.92184E-4 1.41924E-4 1.30572E-4 6.5094E-4 7.10423E-4 6.30456E-4 5.40769E-4 5.12814E-4 6.30221E-4 8.70034E-4 7.22717E-4 6.06885E-4 7.29304E-4 1.07055E-4 1.25578E-4 5.4917E-4 5.9888E-4 7.32871E-4 4.08624E-4 6.12577E-4 7.93214E-4 7.14803E-4 2.49815E-4 7.41926E-5 7.74831E-5 2.21867E-4 7.14253E-4 6.17526E-4
3.02327E-5 5.99238E-5 1.14174E-4 5.32815E-5 5.80619E-5 1.14321E-4 1.19167E-4 7.76918E-5 4.17697E-5 1.24999E-4 7.52029E-5 1.19946E-4 2.96787E-5 9.46523E-5 8.22071E-4 1.056E-3 2.1384E-4 6.29909E-5 8.09916E-5 2.67668E-4 1.44972E-4 2.42857E-4 3.75292E-4 4.2514E-4 2.25072E-4 5.59713E-5 5.21958E-5 1.82273E-4 1.59879E-4 8.14411E-5 2.00811E-4 2.5094E-4 2.18009E-4 1.04964E-4 1.18183E-4 4.3466E-5 5.8858E-5 1.37716E-4 6.03191E-4 8.29802E-4 8.11015E-4 1.56675E-4 8.29687E-4 8.38082E-4 2.03649E-4 1.78341E-4 9.36888E-5 4.05719E-4 5.31396E-4 8.59265E-5 4.74041E-4 3.93983E-4 2.85084E-4 3.54371E-4 1.08874E-4 5.93917E-4 3.55787E-4 9.48856E-5 8.18595E-5 7.46947E-4 7.18099E-4
3.49929E-5 6.47093E-5 5.30173E-5 8.19842E-5 7.581E-5 1.05159E-4 8.36135E-5 6.99117E-5 2.65056E-4 1.51888E-4 8.66717E-5 1.66765E-4 2.16243E-4 6.15081E-4 2.86545E-4 3.87251E-4 2.61159E-4 1.49721E-4 2.22693E-4 6.79203E-4 3.09585E-4 2.53783E-4 1.78509E-4 1.74887E-4 2.16249E-4 2.01727E-4 1.57323E-4 3.34012E-4 1.70459E-4 1.33586E-4 5.21538E-4 1.78059E-4 1.35181E-4 6.16626E-5 5.09088E-4 1.15184E-4 9.1326E-5 6.17231E-4 7.71461E-4 1.38976E-4 1.24261E-4 1.25328E-4 1.8915E-4 1.50483E-4 5.32536E-4 8.44562E-4 6.20567E-4 4.92457E-4 6.0308E-4 3.11828E-4 6.00943E-4 7.37782E-4 6.52727E-4 5.91778E-4 3.24955E-4 5.50266E-4 6.65351E-4 9.79375E-5 1.08447E-4 3.8036E-4 6.62647E-4
9.73979E-5 5.99311E-5 5.88209E-5 1.16802E-4 9.73282E-5 7.85734E-5 6.98158E-5 1.13259E-4 1.72158E-4 3.02594E-4 1.26005E-4 1.56373E-4 1.00973E-4 8.68529E-5 8.03217E-5 2.0946E-4 1.99473E-4 1.59596E-4 9.03519E-4 3.42379E-4 1.26394E-4 9.46572E-5 3.88679E-5 9.95589E-5 1.39086E-4 9.59325E-4 2.27156E-4 3.22261E-4 3.20193E-4 2.54613E-4 9.78081E-4 2.07908E-4 1.26954E-4 7.05893E-5 7.50981E-5 4.70894E-4 6.34457E-4 7.78692E-4 8.04124E-4 5.37028E-4 1.15833E-4 7.96792E-5 1.88647E-4 6.49613E-4 6.35269E-4 5.27521E-4 6.80333E-4 7.41016E-4 6.04356E-4 2.83116E-4 6.01502E-4 8.98141E-4 5.29746E-4 8.03364E-4 7.86168E-4 7.76002E-4 7.96347E-4 5.95197E-4 5.42418E-4 3.72907E-4 6.20336E-4
1.32125E-4 7.84171E-5 1.07999E-4 9.94066E-5 9.19515E-5 7.95566E-5 7.93947E-5 2.4184E-5 8.47615E-5 3.01113E-4 1.93007E-4 1.64294E-4 9.62176E-5 1.16772E-4 7.97419E-6 1.59195E-4 9.53642E-5 6.7549E-4 2.74739E-4 2.09199E-4 9.06406E-5 7.49884E-5 8.09043E-5 1.95623E-4 2.27408E-4 9.60841E-4 4.23931E-4 4.10738E-4 3.25155E-4 2.47314E-4 3.29375E-4 1.05097E-4 1.06821E-4 5.86781E-4 1.30595E-4 1.61559E-4 1.08545E-3 1.1204E-3 8.74262E-4 8.76236E-4 2.00855E-4 1.1503E-4 6.79309E-4 5.93325E-4 5.39077E-4 1.01343E-3 4.46618E-4 7.64782E-4 7.90191E-4 9.49434E-5 6.28626E-4 9.33819E-4 9.47595E-4 6.34376E-4 8.49645E-4 1.02775E-3 6.01817E-4 1.05706E-3 8.17282E-4 7.07307E-4 7.50543E-4
1.38108E-4 1.23939E-4 1.18194E-4 1.11265E-4 1.44548E-4 3.30906E-5 5.12127E-5 1.05952E-4 7.90118E-5 1.50189E-4 1.41998E-4 1.07866E-4 1.50476E-4 6.25033E-5 1.71526E-5 7.96133E-4 1.70565E-4 1.92363E-4 7.69602E-4 4.05217E-4 1.02558E-4 1.32897E-4 1.20974E-4 3.14398E-4 3.73619E-4 3.63219E-4 2.93631E-4 1.21174E-4 2.20312E-4 1.46133E-4 6.02008E-5 1.09768E-4 3.65085E-4 7.81458E-4 8.36526E-4 8.64865E-4 9.57194E-4 2.43242E-4 1.63202E-4 2.02225E-4 2.19916E-4 7.61811E-4 7.44221E-4 6.65358E-4 1.21963E-4 5.85109E-4 5.53468E-4 5.19613E-4 1.00047E-3 3.21033E-4 7.52944E-5 4.14881E-4 7.56924E-4 8.28592E-4 7.19229E-4 6.9816E-4 8.5656E-4 6.47211E-4 8.45926E-4 5.42531E-4 7.14792E-4
1.34827E-4 1.76798E-4 1.38206E-4 1.09283E-4 7.80563E-5 6.93573E-5 1.5183E-4 1.40304E-4 1.13026E-4 8.43243E-5 5.30718E-5 6.04055E-5 2.72959E-5 2.48626E-5 1.0469E-4 7.90132E-5 1.33069E-4 1.36182E-4 1.3581E-4 2.87927E-4 1.54991E-4 2.54087E-4 3.17168E-4 6.31414E-4 4.11878E-4 3.04422E-4 1.72249E-4 1.57335E-4 2.14571E-4 8.26829E-4 1.58054E-4 1.10703E-4 7.25378E-4 1.02491E-3 1.20175E-4 8.82438E-4 2.0085E-4 1.62377E-4 1.33261E-4 2.67983E-4 1.01789E-3 2.11597E-4 1.20676E-3 9.92953E-4 9.44931E-4 7.79914E-4 4.56683E-4 1.09939E-4 8.94271E-4 3.18115E-4 3.15421E-4 3.50075E-4 2.77044E-4 3.12679E-4 4.10444E-4 7.42244E-4 8.01259E-4 7.39069E-4 6.21096E-4 8.3901E-4 4.96849E-4
1.53016E-4 1.74598E-4 1.23425E-4 1.2429E-4 1.6351E-4 1.65986E-4 1.38851E-4 1.11715E-4 9.38487E-5 1.48645E-4 5.19798E-5 3.88212E-5 1.37413E-4 1.40762E-4 6.16328E-5 1.17044E-4 1.58469E-4 1.68727E-4 2.13072E-4 2.77577E-4 2.02505E-4 5.12608E-4 4.1807E-4 3.45015E-4 3.43206E-4 2.05686E-4 5.33072E-5 2.69432E-4 2.08899E-4 1.38839E-4 2.09683E-4 7.6912E-4 1.07515E-3 1.42508E-4 1.69381E-4 1.97315E-4 7.03538E-4 1.47846E-4 8.45094E-5 2.25992E-4 1.60628E-3 9.8682E-4 2.66702E-4 1.46928E-3 1.2504E-3 1.07638E-3 1.40757E-4 5.82899E-4 1.10152E-3 5.59522E-4 1.08747E-4 8.32986E-4 5.85013E-4 2.568E-4 5.78997E-4 4.22003E-4 7.39268E-4 5.97351E-4 9.65273E-4 1.06682E-3 6.23653E-4
1.13643E-4 1.40131E-4 1.67577E-4 1.18234E-4 1.35579E-4 2.01496E-4 2.02508E-4 8.01323E-5 1.43708E-5 8.41073E-5 7.04239E-5 4.02266E-5 1.86316E-5 1.69153E-5 1.03183E-4 1.53333E-4 1.20411E-4 1.05373E-4 2.1106E-4 4.25147E-4 3.79219E-4 2.59891E-4 5.79089E-4 3.24928E-4 3.10147E-4 1.80323E-4 5.86165E-5 1.56259E-4 1.89521E-4 6.24105E-4 2.22184E-4 9.71691E-4 3.96369E-4 2.05411E-4 1.69243E-4 7.90113E-4 1.00854E-3 2.78038E-4 1.08202E-4 1.65355E-4 1.14348E-3 1.22836E-3 2.05545E-4 2.41437E-4 1.12509E-3 7.59914E-4 7.68033E-4 7.80799E-4 9.95815E-4 6.90173E-4 2.53347E-4 7.10956E-4 6.47395E-4 6.00668E-4 8.90116E-4 8.90367E-4 5.44651E-4 6.68921E-4 7.75795E-4 9.49522E-4 9.65499E-4
1.30842E-4 1.99356E-4 5.6897E-4 1.56124E-4 1.80568E-4 1.8509E-4 2.09461E-4 1.04306E-4 3.10267E-5 7.60151E-5 2.98724E-5 1.64258E-5 4.60899E-5 5.75127E-5 1.01492E-4 1.39743E-4 1.59012E-4 2.2363E-4 3.71838E-4 6.03511E-4 1.93489E-4 1.44242E-4 2.84239E-4 2.58242E-4 1.51545E-4 6.74178E-5 8.06348E-5 1.43796E-4 9.85861E-4 1.22597E-3 1.3545E-3 7.12192E-4 1.71026E-4 2.53092E-4 2.4906E-4 1.03583E-3 3.18356E-4 3.46339E-4 2.52201E-4 1.36476E-4 1.11455E-3 1.2497E-3 8.85035E-4 1.294E-4 7.53435E-4 1.1645E-3 6.86914E-4 9.36063E-4 9.48046E-4 8.59829E-4 2.85849E-4 6.67995E-4 9.94771E-4 1.13181E-3 8.09074E-4 5.46187E-4 9.23145E-4 6.70809E-4 7.474E-4 6.73927E-4 6.08131E-4
2.01291E-4 4.00208E-5 8.90902E-4 7.06889E-4 3.56431E-4 2.64887E-4 2.02747E-4 1.44219E-4 3.03333E-5 9.57235E-5 4.10182E-5 6.7078E-5 3.20744E-5 7.41193E-5 3.47738E-5 8.02801E-5 1.36509E-4 1.10068E-3 9.86283E-4 4.83287E-4 2.94119E-4 6.29115E-4 2.65254E-4 2.62307E-4 7.19781E-5 1.55767E-4 2.6337E-4 2.52597E-4 2.24745E-4 2.57568E-4 3.23E-4 1.39098E-3 2.96363E-4 6.26926E-4 4.00533E-4 3.68633E-4 3.2724E-4 3.52588E-4 3.1382E-4 2.14739E-4 3.87593E-4 1.84797E-3 1.48962E-3 1.09295E-3 2.37892E-4 1.29377E-3 8.50219E-4 1.13477E-3 9.94409E-4 2.64985E-4 1.40739E-4 3.22859E-4 5.51654E-4 9.02542E-4 8.4356E-4 9.1075E-4 7.51552E-4 6.8582E-4 9.60053E-4 6.13298E-4 6.92283E-4
1.79789E-4 9.04889E-5 1.02889E-4 5.78193E-4 2.17241E-4 2.33645E-4 1.63416E-4 8.53822E-5 3.69419E-5 9.84791E-5 3.01916E-5 1.41125E-4 4.28428E-5 9.14543E-5 2.34032E-4 1.7412E-4 2.27231E-4 1.5536E-4 1.36392E-4 3.19278E-4 5.55165E-4 1.90511E-4 1.72238E-4 1.04488E-4 3.09743E-4 4.35155E-4 2.80741E-4 3.1219E-4 3.37944E-4 2.55871E-4 3.03732E-4 4.04949E-4 1.52691E-3 4.62281E-4 2.21789E-4 2.91174E-4 3.93747E-4 3.56153E-4 2.28726E-4 1.38753E-4 2.75845E-4 1.00381E-3 1.82107E-3 1.81604E-3 1.09346E-3 8.35443E-4 1.18064E-3 7.98926E-4 4.25616E-4 1.11716E-4 5.30923E-4 8.00931E-4 8.05924E-4 6.92222E-4 8.95848E-4 5.44555E-4 6.11169E-4 1.1568E-3 6.91559E-4 7.631E-4 1.0586E-3
7.52425E-4 2.35511E-4 1.95856E-4 2.39293E-4 1.85526E-4 1.1536E-4 3.51939E-5 9.11137E-5 1.07558E-4 1.04859E-4 4.60902E-5 1.09239E-4 6.693E-5 1.62156E-4 2.53527E-4 9.12523E-5 4.75915E-5 6.99108E-5 1.3598E-4 3.20714E-4 4.96353E-4 3.7764E-4 3.7554E-4 5.79678E-4 5.30964E-4 2.92626E-4 3.44445E-4 4.65043E-4 4.46498E-4 2.00767E-4 2.7958E-4 3.60005E-4 1.3201E-3 3.80273E-4 4.53412E-4 5.09756E-4 3.70754E-4 3.20056E-4 3.21817E-4 2.60843E-4 1.10402E-3 2.76415E-4 2.14534E-4 9.44319E-4 1.4545E-3 1.32047E-3 2.11406E-4 7.08548E-4 2.68109E-4 6.80276E-4 5.39661E-4 7.91325E-4 7.41464E-4 7.44299E-4 8.94213E-4 9.33411E-4 1.15063E-3 8.04672E-4 9.29702E-4 1.04337E-3 7.86326E-4
3.11403E-4 2.34056E-4 1.28456E-4 1.71693E-4 2.1793E-4 1.91553E-4 1.04648E-4 1.04468E-4 1.75712E-4 5.29621E-5 7.94783E-5 5.96473E-4 2.42828E-4 1.79712E-4 1.67451E-4 3.83643E-5 9.11767E-5 1.94747E-4 1.76002E-4 2.54885E-4 4.66622E-4 6.29775E-4 6.56931E-4 4.44223E-4 3.90555E-4 3.08524E-4 4.25438E-4 5.61639E-4 5.20935E-4 3.21698E-4 3.73649E-4 5.28887E-4 4.21728E-4 5.30562E-4 4.24666E-4 4.61062E-4 1.45874E-3 1.65031E-3 3.30564E-4 3.02953E-4 1.3399E-3 1.4208E-3 1.14818E-3 8.17093E-4 7.70947E-4 1.30204E-3 9.83699E-4 7.09718E-4 7.11795E-4 9.47626E-4 6.14002E-4 1.13479E-3 1.02328E-3 7.53405E-4 7.10192E-4 8.80674E-4 1.4662E-3 1.26797E-3 9.06555E-4 1.0013E-3 9.17979E-4
2.60193E-4 1.65959E-4 1.52602E-4 2.96668E-4 2.25764E-4 3.49504E-5 9.70939E-5 2.02787E-4 1.36465E-4 6.63654E-5 8.5727E-5 1.1927E-4 1.95252E-4 1.91504E-4 9.55453E-5 6.82983E-5 1.74961E-4 2.79164E-4 1.35917E-4 2.90855E-4 5.82056E-4 5.91971E-4 6.04222E-4 5.92048E-4 7.1678E-4 4.42715E-4 4.01107E-4 4.24853E-4 4.65605E-4 3.67728E-4 1.68703E-3 7.47531E-4 5.51908E-4 4.00231E-4 5.28111E-4 4.27032E-4 3.60416E-4 1.74367E-3 4.13638E-4 3.35971E-4 1.50577E-3 1.23354E-3 1.31719E-3 1.37513E-3 1.0062E-3 1.09494E-3 2.40508E-4 1.06952E-3 1.36227E-3 8.07407E-4 1.04579E-3 9.9303E-4 9.98735E-4 9.58499E-4 7.84488E-4 1.05626E-3 1.04465E-3 1.27299E-3 1.29027E-3 1.19889E-3 8.19208E-4
1.89011E-4 2.5348E-4 2.37624E-4 2.42276E-4 8.10373E-5 1.18148E-4 2.33297E-4 1.24559E-4 1.49466E-4 7.96331E-5 1.36319E-4 1.21653E-4 2.29236E-4 1.72733E-4 1.18205E-4 8.89808E-5 2.18375E-4 3.28974E-4 2.00044E-4 4.99441E-4 4.91256E-4 5.31443E-4 4.51176E-4 7.23425E-4 6.66084E-4 2.92181E-4 4.28373E-4 4.73602E-4 1.52107E-3 7.45566E-4 5.86449E-4 4.06223E-4 4.83975E-4 4.92757E-4 4.84518E-4 4.39942E-4 3.03432E-4 3.29706E-4 2.93974E-4 2.36134E-4 3.42137E-4 1.41446E-3 1.55406E-3 1.31856E-3 1.3428E-3 1.38973E-3 1.53312E-3 1.80005E-3 3.54925E-4 9.46028E-4 9.54919E-4 9.15109E-4 1.44255E-3 9.17316E-4 9.71151E-4 1.03557E-3 8.37714E-4 8.33358E-4 7.57325E-4 1.23886E-3 1.20005E-3
1.35792E-4 1.99195E-4 2.30152E-4 1.61061E-4 2.30264E-4 1.92619E-4 3.33046E-4 2.4553E-4 1.49117E-4 1.32531E-4 1.9721E-4 1.60175E-4 1.03911E-4 2.06647E-4 1.82522E-4 2.51982E-4 3.84607E-4 4.09428E-4 4.49237E-4 5.68345E-4 7.19747E-4 5.0756E-4 5.63454E-4 5.01812E-4 2.57302E-4 3.9676E-4 4.09097E-4 3.29532E-4 4.84176E-4 8.39827E-4 3.90213E-4 4.5031E-4 7.44127E-4 6.69631E-4 5.60782E-4 3.56685E-4 1.50839E-3 5.6739E-4 5.10515E-4 5.09204E-4 3.23804E-4 1.3787E-3 1.22767E-3 1.26533E-3 1.67892E-3 2.55614E-3 2.15222E-3 1.021E-4 6.83479E-4 1.95117E-4 9.93972E-4 1.62134E-3 1.3006E-3 1.11439E-3 1.37093E-3 9.50463E-4 8.98821E-4 1.04004E-3 6.86727E-4 8.33618E-4 1.54622E-3
2.99727E-4 3.20018E-4 1.04561E-4 8.37018E-4 3.27485E-4 4.02501E-4 3.17972E-4 1.65508E-4 9.08575E-5 1.16174E-4 1.18595E-4 7.93102E-5 1.26559E-4 3.05585E-4 2.32047E-4 2.67614E-4 1.98498E-4 4.2717E-4 3.28851E-4 3.70714E-4 4.18425E-4 7.449E-4 6.82695E-4 5.0393E-4 2.57276E-4 5.21277E-4 1.83419E-3 6.6444E-4 5.00088E-4 1.69848E-3 7.0145E-4 7.36745E-4 4.11199E-4 7.33892E-4 5.07917E-4 7.20324E-4 1.82325E-3 1.92722E-3 2.31327E-3 6.50036E-4 3.81356E-4 1.75595E-3 1.87564E-3 1.77729E-3 1.10194E-3 6.31623E-4 7.164E-4 2.58887E-4 6.64037E-4 1.17917E-3 1.31756E-3 1.44938E-3 1.53993E-3 1.56727E-3 1.74233E-3 1.41168E-3 1.18892E-3 1.15511E-3 7.84685E-4 7.82741E-4 1.40095E-3
3.82568E-4 2.53226E-4 1.08309E-3 4.65691E-4 2.06754E-4 1.4837E-4 1.18701E-4 1.53734E-4 9.09788E-5 1.42557E-4 4.54547E-4 1.53842E-4 1.41756E-4 2.97371E-4 2.00523E-4 1.76848E-4 1.20777E-4 1.35364E-4 4.02952E-4 3.85067E-4 3.70264E-4 6.68023E-4 5.92705E-4 6.64466E-4 3.71468E-4 2.05229E-3 6.16952E-4 7.2633E-4 6.73133E-4 2.47856E-3 8.75096E-4 4.82543E-4 6.79909E-4 9.32829E-4 6.29065E-4 8.17109E-4 6.04655E-4 1.98407E-3 2.48661E-3 2.79164E-3 1.36738E-3 2.21855E-3 1.652E-3 1.10392E-3 1.80163E-4 9.95981E-4 6.30579E-4 9.9505E-4 8.9833E-4 1.48319E-3 7.24731E-4 1.58904E-3 1.49702E-3 2.15745E-3 1.85413E-3 1.56441E-3 1.45054E-3 1.63111E-3 1.66185E-3 8.76244E-4 1.14582E-3
2.24926E-3 7.02653E-4 2.21475E-3 5.65988E-4 3.37176E-4 3.42319E-4 2.95813E-4 1.35128E-4 1.61641E-4 1.53844E-4 9.07706E-5 1.968E-4 6.66615E-4 3.23816E-4 3.81581E-4 2.52816E-4 2.08169E-4 4.63204E-4 5.22536E-4 5.35483E-4 2.90133E-4 3.71013E-4 5.34862E-4 4.35722E-4 3.29123E-4 4.45234E-4 3.71858E-4 4.0708E-4 4.85007E-4 2.22523E-3 6.56532E-4 6.34583E-4 5.32654E-4 5.75397E-4 5.20746E-4 4.07153E-4 4.80564E-4 4.7531E-4 3.9243E-4 1.66593E-4 8.91659E-5 5.36937E-5 7.33315E-4 7.75936E-4 8.2475E-4 6.40535E-4 7.65261E-4 1.23914E-3 1.26039E-3 1.94655E-3 5.17738E-4 1.961E-3 2.51487E-3 2.62171E-3 2.08446E-3 2.10746E-3 1.67399E-3 8.50243E-4 1.28544E-3 1.36838E-3 2.3616E-3
3.29844E-4 3.26761E-4 3.2649E-4 1.75143E-4 3.03214E-4 3.37083E-4 2.69287E-4 1.18323E-4 4.52594E-4 5.69887E-4 2.29537E-4 1.17266E-4 8.82192E-4 3.32392E-4 3.72514E-4 2.4839E-4 2.66715E-4 2.55463E-4 3.42206E-4 3.813E-4 4.23544E-4 6.32718E-4 5.46155E-4 2.90625E-4 5.22176E-4 4.78701E-4 1.90738E-3 1.90542E-3 2.12012E-3 1.92377E-3 2.24537E-3 8.46524E-4 7.13004E-4 8.39333E-4 5.74784E-4 6.60398E-4 5.97518E-4 3.32986E-4 2.86889E-4 1.39169E-3 3.60577E-4 5.6127E-4 1.20865E-3 8.29796E-4 6.45779E-4 7.89835E-4 7.08587E-4 1.08961E-3 1.34923E-3 1.97661E-3 1.68656E-3 1.8627E-3 2.81294E-3 2.78661E-3 2.77297E-3 3.04194E-3 1.95319E-3 1.51334E-3 9.32526E-4 1.12118E-3 1.25516E-3
3.07757E-3 4.18079E-4 3.26559E-4 6.76635E-4 5.72133E-4 4.65517E-4 3.77992E-4 1.18262E-4 2.52926E-4 8.21056E-4 8.24248E-4 1.03791E-4 7.50384E-4 2.63218E-4 3.77678E-4 2.38259E-4 2.10559E-4 3.28229E-4 5.02757E-4 5.22908E-4 4.67072E-4 3.47913E-4 3.52138E-4 4.09338E-4 1.28067E-3 1.29658E-3 6.22753E-4 8.12722E-4 7.40696E-4 2.10092E-3 2.62975E-3 7.11764E-4 5.62972E-4 8.58979E-4 6.28031E-4 4.05776E-4 3.00248E-4 1.18989E-3 2.42911E-4 1.18813E-3 2.92752E-4 2.13288E-4 6.18496E-4 9.01833E-4 7.45704E-4 7.34395E-4 1.5355E-3 1.96949E-3 1.50192E-3 9.93691E-4 1.77461E-3 2.43423E-3 2.56012E-3 2.49254E-3 2.75958E-3 2.89592E-3 3.37505E-3 2.09679E-3 1.73073E-3 1.68425E-3 9.54964E-4
6.68011E-4 1.97133E-3 4.10213E-4 4.31003E-4 5.38468E-4 4.36438E-4 2.86149E-4 1.03707E-4 1.02389E-3 1.02054E-3 9.49961E-4 7.57869E-4 2.9607E-4 7.524E-4 4.11493E-4 3.61854E-4 5.17885E-4 5.76026E-4 4.21685E-4 2.6236E-4 3.62863E-4 4.65372E-4 4.76049E-4 3.7761E-4 3.67998E-4 1.26993E-3 1.89771E-3 3.75367E-4 3.61576E-4 5.80969E-4 2.13951E-3 2.25218E-3 5.20505E-4 2.97954E-4 3.04406E-4 1.22101E-3 1.48324E-3 1.82542E-3 1.99977E-3 1.85796E-3 1.51862E-3 4.08013E-4 1.24105E-3 1.351E-3 1.63607E-3 2.11484E-3 1.89137E-3 9.66851E-4 1.54639E-3 1.26366E-3 1.49651E-3 1.63217E-3 1.3683E-3 1.77353E-3 2.81736E-3 2.96861E-3 2.69852E-3 3.48647E-3 3.24543E-3 1.91069E-3 1.07624E-3
2.66992E-3 2.37233E-3 4.36865E-4 5.61514E-4 6.23986E-4 6.25738E-4 5.68455E-4 3.58191E-4 1.74573E-4 1.52915E-4 1.62764E-4 1.89269E-4 3.35121E-4 4.42806E-4 4.57185E-4 3.32879E-4 2.54839E-4 2.52764E-4 1.95466E-4 3.14281E-4 5.51204E-4 4.76156E-4 3.43663E-4 4.16274E-4 5.30818E-4 4.05896E-4 5.80479E-4 2.00287E-3 2.60098E-3 2.19113E-3 2.40659E-3 2.9492E-3 4.09956E-4 1.91263E-3 2.43156E-3 2.38692E-3 2.34236E-3 2.57609E-3 1.73233E-3 1.71161E-3 1.38252E-3 2.96652E-4 1.14513E-3 1.69593E-3 1.85102E-3 1.65116E-3 1.3362E-3 1.63835E-3 1.08817E-3 1.72071E-3 1.05341E-3 1.25433E-3 8.06701E-4 1.23473E-3 1.43404E-3 3.65013E-3 3.58468E-3 2.61814E-3 4.96524E-3 2.64162E-3 1.07117E-3
8.16351E-4 3.40123E-3 2.48114E-3 6.71671E-4 6.84673E-4 7.80318E-4 6.45686E-4 5.40796E-4 5.54618E-4 3.04349E-4 2.11318E-4 2.93237E-4 1.01515E-3 1.48802E-3 6.37251E-4 7.39816E-4 5.125E-4 4.88391E-4 3.86695E-4 4.99312E-4 5.13497E-4 4.62847E-4 6.87686E-4 5.88585E-4 3.44151E-4 3.97036E-4 5.70579E-4 5.79031E-4 4.8758E-4 5.77552E-4 1.85765E-3 2.56476E-3 1.84512E-3 6.19911E-4 1.77681E-3 2.40526E-3 1.99395E-3 1.78161E-3 1.92778E-3 1.51207E-3 5.89459E-4 3.3253E-4 2.92491E-4 6.63764E-4 4.25171E-4 2.72203E-4 9.75151E-4 9.72014E-4 1.13658E-3 8.51475E-4 1.07403E-3 1.13592E-3 8.89917E-4 1.71109E-3 2.25524E-3 1.33714E-3 2.30023E-3 4.67049E-3 4.69984E-3 3.05966E-3 1.72608E-3
