day_2/Results/Podomys_floridanus/projections/PaleoClim/-15000/RUN_0.asc
ncols         385
nrows         252
xllcorner     -91.50013924285
yllcorner     25.49986064915003
cellsize      0.041666666500000005
NODATA_value  -9999
[rows 0 to 26 of 252, columns 122 to 182 of 385]
1.14432E-6 5.0693E-7 2.93474E-7 2.23752E-7 2.55846E-7 2.02412E-7 2.01952E-7 8.66523E-7 1.30548E-6 1.49951E-6 1.30785E-6 1.49815E-6 4.43138E-7 5.03943E-7 6.61866E-7 7.58522E-7 4.06045E-6 4.43543E-7 6.6007E-7 9.93061E-7 1.30546E-6 9.98497E-7 5.07621E-7 9.95791E-7 2.24478E-6 9.95778E-7 5.77263E-7 2.92936E-7 3.35105E-7 5.03938E-7 5.77793E-7 8.69288E-7 1.96408E-6 1.72006E-6 7.63022E-7 7.606E-7 4.42536E-7 1.95519E-6 2.56206E-6 1.13962E-6 2.94671E-7 8.68109E-7 1.49476E-6 1.49611E-6 1.50087E-6 6.67613E-7 9.97155E-7 5.80166E-7 1.49748E-6 1.49884E-6 9.98047E-7 7.63018E-7 1.96679E-6 2.95767E-6 2.25398E-6 2.25396E-6 1.72084E-6 1.31321E-6 2.25912E-6 3.4004E-6 4.46402E-6
1.49884E-6 1.14484E-6 5.80958E-7 8.69297E-7 7.5818E-7 5.77004E-7 2.9267E-7 1.29659E-6 8.67306E-7 1.49269E-6 8.72451E-7 1.14224E-6 1.14328E-6 5.06699E-7 7.5887E-7 7.6025E-7 1.71538E-6 1.14692E-6 3.87027E-7 5.04633E-7 7.56802E-7 1.30606E-6 1.96944E-6 1.49817E-6 8.68893E-7 3.35715E-7 2.55029E-7 2.92936E-7 4.40327E-7 6.63075E-7 6.63078E-7 1.1412E-6 1.71538E-6 1.71927E-6 1.72162E-6 1.50499E-6 1.50158E-6 8.68902E-7 1.84152E-7 2.55263E-7 8.65346E-7 1.49203E-6 8.70866E-7 6.63977E-7 1.70993E-6 7.0042E-6 1.72241E-6 1.1464E-6 2.25501E-6 1.14902E-6 9.98968E-7 2.95229E-6 2.95766E-6 1.96676E-6 1.00031E-6 1.30904E-6 1.7185E-6 2.58196E-6 9.22441E-6 1.21043E-5 5.8523E-6
1.31083E-6 1.71615E-6 1.49747E-6 1.14535E-6 5.07162E-7 2.94543E-7 2.23145E-7 3.3389E-7 2.5526E-7 5.7543E-7 1.29718E-6 1.49133E-6 1.49677E-6 9.98497E-7 1.14224E-6 1.30785E-6 1.96587E-6 5.34267E-6 1.50362E-6 8.72065E-7 5.05318E-7 1.13964E-6 2.58078E-6 7.63371E-7 3.85095E-7 2.55727E-7 2.02213E-7 6.60063E-7 8.70477E-7 1.4968E-6 9.98957E-7 1.49476E-6 1.31082E-6 1.7146E-6 2.57842E-6 3.38801E-6 1.96319E-6 3.85439E-7 4.40923E-7 5.03714E-7 6.60663E-7 5.06233E-7 7.58872E-7 1.14276E-6 8.71671E-7 2.2509E-6 1.50021E-6 2.24681E-6 4.82651E-6 5.52381E-6 1.71926E-6 2.25294E-6 1.30844E-6 7.62321E-7 1.50157E-6 1.72242E-6 1.97395E-6 1.97664E-6 1.20768E-5 4.47211E-6 3.39731E-6
1.31322E-6 1.30964E-6 7.60943E-7 1.96319E-6 1.31142E-6 1.71772E-6 3.87905E-7 2.03138E-7 2.5678E-7 3.85624E-7 2.02874E-7 2.92941E-7 7.57491E-7 1.14224E-6 1.30964E-6 1.1438E-6 1.4968E-6 1.96854E-6 1.72084E-6 1.14432E-6 5.82013E-7 1.31084E-6 2.59021E-6 1.32041E-6 5.09017E-7 3.87029E-7 3.86327E-7 8.70489E-7 1.4907E-6 1.30368E-6 1.30545E-6 7.59208E-7 1.71224E-6 9.97594E-7 1.30073E-6 1.71534E-6 3.87023E-7 2.56544E-7 9.94882E-7 4.42136E-7 4.41129E-7 1.30666E-6 1.1438E-6 1.96766E-6 1.31322E-6 2.25603E-6 1.00123E-6 7.58528E-7 1.13498E-6 7.58167E-7 8.67703E-7 1.49542E-6 6.66396E-7 1.71383E-6 8.02025E-6 3.39747E-6 3.89185E-6 8.34519E-6 1.05577E-5 1.21104E-5 2.27355E-6
1.97124E-6 1.50293E-6 9.98961E-7 1.7146E-6 1.50361E-6 1.71929E-6 1.97304E-6 1.71851E-6 2.57492E-6 2.25191E-6 9.98497E-7 8.69684E-7 1.14068E-6 1.71381E-6 1.71693E-6 1.50156E-6 1.00032E-6 1.96767E-6 1.97484E-6 1.31621E-6 2.57847E-6 4.43766E-6 1.38088E-5 1.81775E-5 3.40966E-6 3.38035E-6 2.58192E-6 2.58781E-6 3.88083E-7 3.36637E-7 5.77798E-7 5.03484E-7 1.13498E-6 7.61624E-7 2.55963E-7 1.13446E-6 9.97589E-7 9.96689E-7 2.24069E-6 8.74831E-7 9.98056E-7 2.25091E-6 1.50566E-6 2.25106E-6 2.25603E-6 2.95765E-6 1.72329E-6 5.08547E-7 2.57247E-7 3.85272E-7 5.05092E-7 9.98048E-7 1.96421E-6 1.72093E-6 2.95917E-6 3.39131E-6 9.20402E-6 1.05672E-5 7.0558E-6 1.20672E-5 1.38795E-5
1.72242E-6 1.97304E-6 1.31382E-6 1.30845E-6 2.57491E-6 1.97751E-6 7.01388E-6 1.31501E-6 8.70879E-7 8.70081E-7 7.60595E-7 7.59216E-7 9.96234E-7 9.98503E-7 1.1438E-6 1.7185E-6 1.97304E-6 2.58785E-6 3.88987E-6 7.29798E-6 1.73185E-6 1.31622E-6 1.50022E-6 3.38341E-6 3.405E-6 6.67014E-7 9.94429E-7 2.57607E-6 1.50293E-6 1.30964E-6 9.93524E-7 2.94003E-7 3.86319E-7 1.49478E-6 2.56895E-7 6.61865E-7 1.13965E-6 9.94877E-7 5.06923E-7 1.95696E-6 1.71937E-6 1.96599E-6 2.94843E-6 1.71692E-6 1.71692E-6 1.72162E-6 2.57861E-6 1.96966E-6 1.71867E-6 1.71945E-6 1.14444E-6 4.81172E-6 1.96339E-6 2.57516E-6 6.99221E-6 2.58208E-6 2.95092E-6 1.05245E-5 1.81465E-5 3.90779E-6 1.81797E-5
2.589E-6 7.02659E-6 2.59491E-6 1.14693E-6 1.1381E-6 9.14079E-6 2.96301E-6 1.96855E-6 8.72852E-7 9.97596E-7 1.30964E-6 8.74051E-7 1.14329E-6 1.71772E-6 1.97035E-6 2.26116E-6 3.40039E-6 3.38652E-6 3.89159E-6 5.84432E-6 5.84165E-6 5.09958E-6 1.72632E-6 1.96945E-6 1.20603E-5 1.15006E-6 7.60253E-7 1.71459E-6 1.49952E-6 1.30547E-6 2.94539E-7 5.07157E-7 3.36659E-6 1.96319E-6 3.86843E-7 1.49271E-6 9.98957E-7 5.08313E-7 1.30549E-6 9.98499E-7 1.96429E-6 1.49824E-6 9.97587E-7 6.62471E-7 1.14067E-6 2.57158E-6 1.72004E-6 2.24695E-6 3.68192E-6 6.09298E-6 2.24907E-6 1.49761E-6 7.61321E-7 1.3014E-6 1.49414E-6 1.30969E-6 7.6371E-7 2.94712E-6 9.20402E-6 1.21105E-5 2.08054E-5
2.57257E-6 7.99421E-6 9.15327E-6 1.72159E-6 3.86847E-7 8.65351E-7 1.49338E-6 9.98041E-7 1.14327E-6 1.50157E-6 1.97215E-6 2.58785E-6 1.97574E-6 1.97395E-6 2.26323E-6 3.88282E-6 5.85227E-6 1.15425E-6 3.36964E-6 3.39107E-6 1.97752E-6 1.71695E-6 1.96586E-6 1.96944E-6 3.38956E-6 1.72555E-6 8.72069E-7 1.7107E-6 1.14119E-6 5.06003E-7 6.6579E-7 1.04902E-5 1.31083E-6 3.86142E-7 7.57144E-7 6.50491E-6 6.53748E-6 6.09862E-6 1.50035E-6 1.30797E-6 2.56476E-6 1.00036E-6 8.70132E-7 5.06698E-7 1.30133E-6 1.14223E-6 1.30793E-6 8.72456E-7 1.95628E-6 8.70469E-7 8.69728E-7 9.95883E-7 1.30446E-6 5.06949E-7 6.63412E-7 1.71089E-6 2.95526E-6 2.26437E-6 3.40194E-6 1.37714E-5 4.45175E-6
5.78583E-7 5.78842E-7 3.84744E-7 9.93968E-7 8.7127E-7 4.41531E-7 6.61868E-7 9.96688E-7 1.71616E-6 2.58548E-6 3.39266E-6 3.39574E-6 3.39574E-6 3.40192E-6 5.09732E-6 2.58666E-6 1.05378E-5 5.0996E-6 7.61288E-7 1.70447E-6 3.37566E-6 1.00304E-6 1.14172E-6 1.71771E-6 2.57961E-6 2.58547E-6 1.00169E-6 7.58528E-7 5.78316E-7 6.66091E-7 9.14522E-6 2.95093E-6 5.06921E-7 6.60663E-7 7.56108E-7 5.0554E-7 6.5138E-6 1.95894E-6 1.30861E-6 1.49431E-6 7.59975E-7 1.49563E-6 1.14131E-6 1.30554E-6 5.79108E-7 9.95776E-7 1.49552E-6 1.49687E-6 8.70524E-7 5.06002E-7 1.13614E-6 3.09199E-6 1.30686E-6 1.30509E-6 1.96077E-6 1.71944E-6 2.95796E-6 5.07482E-6 6.66732E-6 8.79618E-7 1.31263E-6
4.42134E-7 9.95331E-7 5.06469E-7 1.1412E-6 1.30964E-6 6.65492E-7 8.69297E-7 1.49815E-6 1.7185E-6 2.95363E-6 2.58782E-6 2.59136E-6 2.59374E-6 4.45996E-6 2.59139E-6 1.14901E-6 2.96575E-6 1.97935E-6 2.96157E-7 2.9361E-7 8.64568E-7 1.96139E-6 1.14535E-6 1.96052E-6 1.49678E-6 1.96585E-6 1.71148E-6 5.06461E-7 5.8148E-7 9.14611E-6 1.71616E-6 4.41524E-7 4.40123E-7 4.38527E-7 2.93201E-7 3.77957E-6 1.13873E-6 8.70192E-7 1.70789E-6 1.49498E-6 9.98175E-7 2.56367E-6 1.1429E-6 8.67758E-7 5.0554E-7 1.3014E-6 1.14022E-6 9.94477E-7 8.67755E-7 8.68581E-7 8.67829E-7 3.08085E-6 4.05374E-6 1.49906E-6 1.49907E-6 2.58112E-6 3.86737E-6 1.3132E-6 8.75636E-7 3.3727E-6 4.4437E-6
8.69685E-7 1.49542E-6 9.99408E-7 1.95696E-6 1.71224E-6 1.49609E-6 9.9804E-7 1.71615E-6 1.71772E-6 1.50088E-6 2.25603E-6 3.88456E-6 5.11353E-6 5.8603E-6 2.26736E-6 2.96036E-6 1.5847E-5 5.12984E-6 2.25503E-6 1.14171E-6 4.42329E-7 1.13602E-6 1.4961E-6 7.61977E-7 5.7806E-7 1.29895E-6 3.85263E-7 2.89477E-6 9.15061E-6 2.58432E-6 3.85793E-7 3.34344E-7 5.02332E-7 1.84092E-7 5.03484E-7 8.66625E-7 1.13826E-6 1.70711E-6 1.7071E-6 1.30447E-6 2.23595E-6 1.1403E-6 1.30031E-6 4.41946E-7 6.60101E-7 7.56151E-7 7.55805E-7 5.75984E-7 5.04188E-7 9.90948E-7 9.94098E-7 8.68239E-7 4.04272E-6 2.573E-6 3.3763E-6 4.44238E-6 1.15058E-6 1.14641E-6 4.45185E-6 1.31383E-6 1.49001E-6
5.07623E-7 9.96697E-7 1.50021E-6 5.08084E-7 4.41734E-7 5.77536E-7 9.95779E-7 1.71615E-6 1.31202E-6 1.50089E-6 2.57844E-6 2.96034E-6 5.83632E-6 5.86292E-6 2.96576E-6 2.26013E-6 4.43566E-6 1.58469E-5 6.7096E-7 5.03948E-7 8.66127E-7 5.79367E-7 8.67318E-7 1.30606E-6 5.06006E-7 2.92141E-7 1.68194E-6 2.24479E-6 3.85817E-6 9.9622E-7 2.56423E-7 1.83376E-7 1.2754E-6 3.30548E-6 9.92337E-7 8.68628E-7 1.49025E-6 1.48958E-6 7.59665E-7 9.89176E-7 5.78363E-7 7.55525E-7 4.40765E-7 7.55525E-7 5.03758E-7 3.83885E-7 2.92685E-7 2.23456E-7 5.75514E-7 7.569E-7 9.92323E-7 1.30095E-6 1.49567E-6 2.24924E-6 2.25122E-6 3.87803E-6 2.58432E-6 3.38493E-6 7.65138E-6 1.15319E-6 2.24468E-7
1.96868E-6 1.96945E-6 2.25603E-6 1.72163E-6 1.31083E-6 6.66703E-7 1.30786E-6 1.71616E-6 1.96855E-6 1.96945E-6 1.50293E-6 1.96499E-6 2.94289E-6 5.80448E-6 1.50086E-6 2.24678E-6 1.31022E-6 1.47239E-5 2.96302E-6 3.39556E-7 4.40332E-7 8.66529E-7 5.7648E-7 4.95496E-6 2.88557E-6 1.67324E-7 1.9528E-6 2.5726E-6 3.8544E-7 2.23139E-7 1.66977E-6 1.28121E-6 5.76749E-7 7.42223E-6 1.13878E-6 1.48888E-6 1.70165E-6 8.66659E-7 1.48348E-6 3.84959E-7 7.5349E-7 5.76304E-7 7.55193E-7 7.55193E-7 4.3918E-7 3.83913E-7 4.39991E-7 7.559E-7 9.90522E-7 9.90064E-7 9.8961E-7 9.95466E-7 2.56021E-6 3.86756E-6 1.97315E-6 3.88278E-6 1.1464E-6 1.30192E-6 5.33287E-6 2.96438E-6 5.83872E-7
1.72007E-6 1.71693E-6 1.96676E-6 1.96497E-6 1.50019E-6 2.57843E-6 1.97124E-6 1.31142E-6 1.7146E-6 1.71771E-6 1.96945E-6 1.14536E-6 4.40329E-7 5.75689E-7 4.39721E-7 7.56793E-7 9.9623E-7 1.1412E-6 2.24375E-6 2.25293E-6 7.61631E-7 5.75958E-7 2.02146E-7 2.1831E-6 1.67965E-6 4.97762E-6 2.93407E-6 5.77791E-7 2.02145E-7 1.45633E-6 1.46098E-6 5.67904E-6 7.5658E-7 3.30299E-6 1.29916E-6 1.29739E-6 5.77092E-7 5.74219E-7 3.34696E-7 5.01733E-7 6.57775E-7 5.75523E-7 6.57773E-7 5.02415E-7 3.35153E-7 7.54178E-7 1.48416E-6 1.4882E-6 5.77598E-7 3.84091E-7 3.35911E-7 1.95462E-6 9.99064E-7 2.57288E-6 1.97035E-6 2.95496E-6 1.00168E-6 2.92941E-7 1.69442E-6 6.05902E-6 2.57836E-6
1.50156E-6 1.14223E-6 1.30428E-6 8.70074E-7 1.14119E-6 1.49611E-6 1.71381E-6 1.49815E-6 9.97137E-7 1.30606E-6 1.96675E-6 1.50088E-6 2.24364E-7 2.55727E-7 2.92142E-7 5.75169E-7 1.13653E-6 9.95321E-7 6.61565E-7 1.1324E-6 7.60232E-7 1.83497E-7 1.66185E-7 8.28612E-7 4.32751E-6 2.93547E-6 7.58526E-7 1.37333E-7 1.65916E-7 1.11035E-6 1.91883E-6 1.21181E-5 2.88997E-6 1.48415E-6 1.70161E-6 5.77348E-7 8.64296E-7 3.35008E-7 4.37601E-7 6.56273E-7 5.74469E-7 5.74736E-7 3.82709E-7 5.01503E-7 7.53478E-7 1.29561E-6 7.55884E-7 5.04473E-7 4.40396E-7 6.61071E-7 1.49027E-6 3.85532E-6 1.72473E-6 1.96856E-6 1.5002E-6 1.49272E-6 1.49337E-6 1.83376E-7 1.50556E-7 1.51096E-7 7.54396E-7
9.96233E-7 8.72057E-7 5.0555E-7 6.61568E-7 1.1386E-6 8.7087E-7 7.59904E-7 8.70478E-7 7.61289E-7 8.72067E-7 1.71851E-6 1.31442E-6 3.87556E-7 6.64589E-7 2.94279E-7 2.93074E-7 5.02797E-7 5.77265E-7 3.36327E-7 1.66025E-7 8.57109E-7 1.376E-7 1.00563E-6 6.87429E-7 1.69867E-6 1.70464E-6 1.84031E-7 1.6651E-7 8.30774E-7 1.27366E-6 4.32757E-6 4.94691E-6 6.48214E-6 9.90959E-7 7.54507E-7 9.89136E-7 1.29559E-6 6.59542E-7 5.74199E-7 4.38181E-7 5.72635E-7 5.73152E-7 5.01039E-7 6.57448E-7 8.6153E-7 6.60454E-7 5.02428E-7 1.12591E-6 3.08917E-6 1.71255E-6 2.23705E-6 2.24296E-6 1.97121E-6 1.71694E-6 1.14535E-6 3.38478E-7 3.84049E-7 6.92207E-8 1.11769E-7 5.00042E-7 7.59203E-7
6.65189E-7 1.70694E-6 6.64578E-7 6.63676E-7 7.58526E-7 9.9578E-7 9.98044E-7 1.30903E-6 1.71538E-6 2.25499E-6 2.96322E-6 3.39903E-6 1.97665E-6 3.39267E-6 9.97151E-7 6.60059E-7 3.83514E-7 2.51215E-6 6.62766E-7 9.33331E-8 9.2397E-8 1.44708E-6 8.3428E-7 7.41249E-6 2.55447E-6 1.84212E-7 9.16701E-7 2.19208E-6 1.66826E-6 2.19403E-6 4.94019E-6 4.32232E-6 1.13204E-6 8.60767E-7 6.58354E-7 1.12844E-6 6.58057E-7 4.3044E-6 6.58345E-7 8.60678E-7 4.38165E-7 4.35996E-7 4.37579E-7 8.60324E-7 5.76022E-7 1.47402E-6 5.02356E-7 1.02985E-7 3.05587E-6 2.23289E-6 6.65175E-7 5.05546E-7 1.94189E-6 9.95302E-7 1.71068E-6 2.23966E-6 5.05998E-7 2.90199E-8 3.16695E-8 2.51914E-7 1.29717E-6
1.96169E-6 6.63974E-7 7.59549E-7 1.30495E-6 7.61972E-7 9.96295E-7 1.49824E-6 1.71556E-6 1.14379E-6 1.96408E-6 3.86165E-6 1.05194E-5 2.95495E-6 3.37261E-6 3.36783E-7 1.83375E-7 1.829E-7 1.66521E-6 5.65793E-6 2.56774E-7 6.30383E-8 6.18348E-7 4.94658E-6 2.22793E-6 4.39124E-7 9.16095E-7 2.87378E-6 2.87773E-6 6.87208E-7 1.91275E-6 5.62307E-6 5.66101E-6 8.61501E-7 2.02059E-7 5.70317E-7 2.18838E-6 1.91124E-6 8.59159E-7 7.5172E-7 7.52025E-7 7.51003E-7 2.54934E-7 7.49642E-7 7.53737E-7 1.29373E-6 2.23746E-7 1.02886E-7 6.55689E-7 8.66182E-7 2.55378E-7 7.54382E-7 8.64162E-7 1.25149E-7 3.31474E-7 6.55861E-7 2.55605E-7 3.3313E-7 4.27706E-8 3.49455E-8 1.35471E-7 4.34151E-7
1.71169E-6 5.06486E-7 1.14027E-6 1.14235E-6 1.49491E-6 1.4983E-6 1.96785E-6 1.72024E-6 1.14594E-6 1.30904E-6 5.80693E-7 1.4873E-6 5.76999E-7 3.85086E-7 1.84273E-7 2.02019E-7 1.50902E-7 1.82722E-7 1.66748E-6 4.40122E-7 1.0232E-7 9.17886E-7 5.25198E-6 5.76746E-7 7.6678E-8 9.08691E-7 2.85681E-6 1.28352E-6 2.19732E-6 3.28802E-6 1.4605E-6 6.43176E-6 4.38165E-7 7.51037E-7 2.22164E-7 3.26999E-6 5.6377E-6 5.74437E-7 4.36576E-7 3.74381E-6 2.50087E-6 8.5984E-7 8.61406E-7 1.47986E-6 9.81133E-7 2.03059E-7 9.88287E-7 6.62556E-7 4.41932E-7 1.3738E-7 3.82474E-7 1.6727E-7 6.57677E-7 7.67787E-8 1.02485E-7 2.01428E-7 1.1283E-7 6.95585E-8 3.85859E-8 4.2604E-8 5.72774E-8
6.64062E-7 7.59316E-7 2.56719E-6 1.96083E-6 1.14186E-6 1.71248E-6 2.95401E-6 2.9621E-6 2.58937E-6 1.50781E-6 1.14485E-6 2.94543E-7 1.66837E-7 3.27855E-6 6.53149E-6 3.87906E-7 2.02743E-7 1.37113E-7 1.26559E-6 3.30391E-6 7.71045E-8 1.8091E-5 1.48354E-6 1.02652E-7 1.12609E-7 7.62565E-8 6.18146E-7 5.63828E-6 6.49373E-6 5.64289E-6 6.46939E-6 6.58292E-7 5.03062E-7 6.52679E-7 1.00747E-6 2.85844E-6 8.5912E-7 5.72609E-7 1.8999E-6 2.49631E-6 3.27401E-6 9.84444E-7 9.83619E-7 8.54917E-7 6.34273E-8 2.85481E-6 4.01703E-6 1.13774E-6 1.13512E-6 2.94137E-7 4.40126E-7 1.3031E-6 3.86847E-7 1.51837E-7 8.65357E-7 2.55846E-7 1.83734E-7 4.35946E-7 4.73791E-8 1.66133E-7 1.29602E-6
2.24105E-6 2.24412E-6 2.94739E-6 1.0009E-6 1.30743E-6 1.71328E-6 3.37011E-6 2.21053E-5 6.01559E-5 1.0487E-5 1.71847E-6 7.66138E-7 5.77807E-7 2.23344E-7 9.72889E-6 1.28381E-5 7.63352E-7 2.91745E-7 5.65502E-7 6.4615E-6 3.79567E-6 3.33481E-6 1.84273E-7 8.43905E-8 2.0195E-7 8.46115E-8 6.85208E-7 4.29105E-6 1.11192E-5 2.87784E-6 6.44889E-6 8.59846E-7 1.11183E-5 1.51032E-7 2.49079E-6 5.6377E-6 4.99877E-7 1.4538E-6 1.00077E-6 3.73E-6 4.29191E-6 9.84437E-7 3.82156E-7 6.32639E-8 2.90601E-7 9.85156E-7 7.55155E-7 5.736E-7 2.9094E-7 5.03696E-7 7.58522E-7 9.93072E-7 1.13705E-6 1.30309E-6 1.30724E-6 2.034E-7 5.75699E-7 1.02887E-7 3.34043E-7 1.13705E-6 5.75698E-7
1.4916E-6 1.30448E-6 1.12024E-5 2.57768E-6 2.58239E-6 1.7179E-6 1.1412E-6 9.93967E-7 1.118E-5 3.31899E-6 2.52822E-6 5.96926E-5 4.45966E-7 2.55383E-7 2.89607E-6 4.9958E-6 1.31096E-6 9.35161E-8 2.50876E-6 4.96489E-6 3.34522E-6 7.59325E-7 1.67651E-7 2.01822E-7 4.91776E-6 2.52849E-6 6.47611E-6 7.43106E-6 8.46938E-6 9.90781E-7 9.881E-7 1.90684E-6 1.10687E-5 1.11656E-6 4.28278E-6 5.61948E-6 2.01168E-7 2.85162E-6 2.21734E-7 2.486E-6 7.4818E-7 7.49539E-7 4.37347E-7 2.22665E-7 1.1244E-6 3.84601E-7 2.23649E-7 7.64306E-8 6.29147E-8 6.52604E-7 9.89896E-7 4.38721E-7 3.33429E-7 3.84209E-7 8.64168E-7 8.66519E-7 5.77525E-7 3.8474E-7 6.60964E-7 9.95327E-7 1.24947E-7
1.3039E-6 1.14035E-6 1.96174E-6 3.37631E-6 5.05208E-6 1.49958E-6 5.828E-7 3.84924E-7 3.84393E-7 2.87643E-6 6.54043E-6 7.46851E-6 1.96953E-6 2.24162E-7 1.91125E-5 5.19945E-5 4.54494E-5 2.97752E-7 6.49117E-6 4.40122E-6 1.96514E-6 7.58305E-7 1.69938E-6 2.94807E-7 1.92243E-6 9.72159E-6 1.11844E-5 1.45885E-5 4.33138E-6 9.70536E-6 1.48716E-6 3.34527E-7 4.89011E-6 3.76251E-6 3.74894E-6 1.66151E-6 1.4511E-6 4.89639E-6 4.36497E-7 4.99329E-7 4.36103E-7 4.98463E-7 6.53852E-7 3.82531E-7 3.3391E-7 3.80736E-7 5.76726E-7 8.49414E-8 1.83081E-7 1.66566E-7 2.01231E-7 1.1239E-7 9.2666E-8 5.71257E-7 2.93334E-7 2.93338E-7 3.34349E-7 5.02105E-7 6.59458E-7 9.93959E-7 2.9254E-7
1.95283E-6 2.23802E-6 3.36252E-6 2.95272E-6 6.68827E-7 5.06243E-7 2.94442E-6 5.8281E-7 5.77536E-7 1.68273E-6 3.46679E-5 6.69128E-7 2.94075E-6 2.24876E-7 2.20606E-6 2.03072E-7 2.21106E-6 5.19627E-5 5.96536E-5 1.22773E-5 4.39557E-6 8.7257E-7 4.42928E-7 3.31017E-6 7.45606E-6 1.11007E-5 5.96735E-5 7.43732E-6 1.11528E-5 1.27642E-5 4.73026E-6 5.7676E-7 1.45317E-6 4.90341E-6 2.18022E-6 1.45176E-6 3.26931E-6 3.25721E-6 2.49577E-6 8.5768E-7 7.49483E-7 3.80928E-7 2.22767E-7 2.91649E-7 1.66349E-7 6.26906E-8 2.49503E-6 4.32791E-6 5.78349E-7 5.04398E-7 1.1305E-7 5.71286E-8 1.23614E-7 1.83196E-7 4.38329E-7 8.66523E-7 2.24158E-7 2.21541E-7 2.53753E-7 6.59451E-7 1.37558E-7
1.13879E-6 6.64005E-7 7.58181E-7 9.7474E-6 2.95263E-6 6.52865E-6 2.57514E-6 1.50428E-6 5.07622E-7 5.68383E-6 6.54379E-6 1.47199E-5 2.95543E-6 1.92937E-6 1.46131E-5 6.55335E-6 6.83026E-5 1.61162E-5 1.95458E-6 1.92098E-5 6.67935E-7 6.51156E-6 8.59533E-6 8.5956E-6 2.50345E-5 1.70262E-6 6.76138E-5 5.68326E-6 4.53078E-5 1.27804E-5 9.70087E-6 1.29706E-6 2.19015E-6 3.75041E-6 1.4517E-6 2.85401E-6 6.42101E-6 1.26823E-6 4.89055E-6 1.12379E-6 5.71727E-7 2.90591E-7 6.54785E-7 4.38574E-7 1.83316E-7 2.89915E-8 2.17516E-6 3.30699E-6 6.59812E-7 5.03505E-7 1.6689E-7 1.36889E-7 1.24177E-7 4.34755E-7 3.82292E-7 5.75685E-7 5.04164E-7 6.98306E-8 9.26078E-8 4.94632E-7 3.32968E-7
1.49429E-6 1.13979E-6 6.61569E-7 3.85965E-7 1.27918E-5 3.88965E-7 1.95637E-6 1.95897E-6 6.55235E-6 4.37706E-6 1.28267E-5 1.92711E-5 3.85849E-6 3.39251E-7 9.75686E-6 2.88946E-5 3.79637E-5 6.64869E-6 3.88792E-7 3.3085E-6 9.75667E-6 6.5411E-6 8.99622E-5 1.1735E-4 2.55237E-6 4.54051E-5 1.27886E-5 8.53489E-6 2.19241E-5 1.27688E-5 3.77064E-6 7.37608E-6 4.31535E-6 5.61613E-6 2.18191E-6 5.6206E-6 3.26727E-6 2.48851E-6 2.72517E-6 6.55037E-7 3.32667E-7 1.82618E-7 3.32566E-7 2.01359E-7 1.49824E-7 3.46927E-7 3.75899E-6 4.97084E-6 2.9374E-7 3.34823E-7 3.83539E-7 2.02476E-7 2.01951E-7 8.44733E-8 1.23775E-7 2.89888E-7 4.39117E-7 3.83344E-7 1.66456E-7 2.90387E-8 6.23858E-8
2.24093E-6 9.91848E-7 2.93868E-7 5.66634E-6 1.12227E-5 2.9461E-6 2.56368E-6 5.79364E-7 8.51625E-6 5.94791E-5 1.12073E-5 1.12224E-5 1.28309E-5 8.57527E-6 3.77884E-5 4.34637E-5 7.56456E-6 6.67062E-6 1.00811E-6 1.30973E-6 3.80544E-6 8.61077E-6 1.75645E-4 7.64062E-7 6.51963E-6 5.95458E-5 8.55827E-6 2.51624E-5 2.51484E-5 9.73529E-6 6.48015E-6 4.91387E-6 9.69983E-6 2.49943E-6 2.85376E-6 8.42754E-6 2.49305E-6 3.73332E-6 2.72236E-6 1.81628E-6 4.36293E-7 1.65826E-7 1.49727E-7 7.60814E-8 1.29856E-7 9.01918E-7 5.59639E-6 4.32151E-6 1.91794E-6 2.19105E-6 4.38572E-7 4.39944E-7 2.92806E-7 2.54567E-7 1.24015E-7 1.02484E-7 3.80569E-7 2.23342E-7 1.83496E-7 1.24299E-7 3.88498E-8
