day_2/Results/Podomys_floridanus/projections/PaleoClim/-15000/RUN_1.asc
ncols         385
nrows         252
xllcorner     -91.50013924285
yllcorner     25.49986064915003
cellsize      0.041666666500000005
NODATA_value  -9999
[rows 54 to 80 of 252, columns 122 to 182 of 385]
7.33825E-4 1.46657E-4 5.86882E-5 4.36907E-5 5.61654E-5 4.30314E-5 1.53034E-4 1.08388E-4 2.00503E-4 6.64764E-5 7.63443E-5 1.89758E-4 2.43542E-4 1.92279E-4 8.7733E-5 6.20474E-5 1.44016E-5 8.263E-4 8.2669E-5 4.97116E-5 1.08864E-5 1.2493E-4 3.178E-4 1.04765E-4 2.16222E-4 1.94011E-4 1.96989E-4 9.34334E-5 8.10811E-5 9.05176E-5 2.72724E-5 6.67248E-5 1.07233E-4 4.3506E-4 3.04405E-4 1.29721E-4 1.39285E-4 9.69087E-5 1.0973E-4 5.71452E-5 1.74914E-4 1.0501E-4 1.73802E-4 6.80319E-4 6.07068E-4 5.46071E-4 7.34093E-5 3.30056E-5 1.04644E-4 1.30926E-4 4.17716E-5 9.95962E-5 1.12767E-4 2.4318E-4 9.85025E-5 7.92053E-5 6.12201E-4 8.92257E-5 8.92864E-5 5.8526E-4 2.54008E-4
9.78393E-5 6.73547E-5 1.23998E-4 1.54003E-4 7.23043E-5 1.52566E-4 1.08168E-4 9.13923E-5 5.8053E-5 2.68085E-5 1.14585E-4 1.14479E-4 9.94835E-5 1.44409E-4 4.25391E-5 1.59322E-5 2.22963E-5 1.02778E-3 4.9276E-5 2.47511E-5 1.03375E-4 2.81393E-4 8.14299E-5 1.19792E-4 5.19143E-4 2.02014E-4 1.06958E-4 2.48239E-4 1.15933E-4 5.34197E-5 3.11765E-5 1.25466E-4 1.40895E-4 7.20806E-4 1.15413E-4 1.00053E-4 5.49138E-4 1.2341E-4 1.09837E-4 5.61444E-5 1.04533E-4 2.85934E-4 7.72224E-4 6.82272E-4 1.21671E-4 6.42423E-5 7.23325E-5 1.06955E-4 6.78159E-4 6.70718E-4 5.4905E-4 6.17216E-4 2.79403E-4 3.1826E-4 1.50036E-4 3.19257E-5 8.96224E-5 4.67856E-4 6.18357E-4 5.19779E-4 5.37121E-4
2.84754E-5 6.50877E-5 1.39408E-4 1.53309E-4 1.06579E-4 9.49288E-5 5.52137E-5 6.28575E-5 5.33698E-5 4.21102E-5 1.18285E-5 4.39765E-5 4.00659E-5 1.2908E-4 4.05125E-5 2.76818E-5 2.08153E-4 5.15911E-4 7.18827E-5 1.54681E-4 1.54507E-4 3.25675E-4 9.34279E-5 5.18398E-4 2.30006E-4 1.0824E-4 3.25592E-5 7.76966E-5 1.01466E-4 1.66464E-4 1.45597E-4 1.46551E-4 3.00304E-4 1.64998E-4 1.49249E-4 1.42262E-4 6.4001E-4 7.17825E-4 6.25094E-4 5.31498E-4 4.79384E-4 6.10734E-4 8.95942E-4 7.04646E-4 5.59541E-4 7.1109E-4 8.35805E-5 1.37168E-4 5.37718E-4 6.00153E-4 7.65479E-4 3.66436E-4 5.97322E-4 6.95738E-4 6.09186E-4 1.50387E-4 5.45631E-5 7.78904E-5 1.45664E-4 2.94514E-4 6.88917E-4
2.79834E-5 5.60395E-5 1.19093E-4 4.85342E-5 5.4119E-5 1.31765E-4 7.92191E-5 4.78598E-5 2.64701E-5 8.15182E-5 5.13523E-5 8.71705E-5 1.84252E-5 9.50495E-5 8.05161E-4 1.05896E-3 1.69978E-4 4.17701E-5 7.72581E-5 3.12535E-4 1.06272E-4 2.57721E-4 5.16726E-4 5.96475E-4 1.78956E-4 3.76263E-5 3.63068E-5 2.11624E-4 1.30676E-4 6.02943E-5 2.64552E-4 3.4289E-4 2.1191E-4 7.86254E-5 1.26003E-4 3.04733E-5 5.68961E-5 1.74474E-4 6.03226E-4 8.69255E-4 8.01774E-4 1.40085E-4 8.15257E-4 8.19452E-4 2.5918E-4 2.27248E-4 8.14998E-5 3.67369E-4 5.22463E-4 8.9881E-5 4.57951E-4 3.57939E-4 1.93124E-4 3.12345E-4 1.29202E-4 5.8065E-4 2.21938E-4 7.8866E-5 7.8736E-5 7.46738E-4 8.55124E-4
3.20247E-5 6.18966E-5 4.79703E-5 7.9773E-5 7.11468E-5 1.03826E-4 5.31667E-5 6.33743E-5 1.71072E-4 1.03051E-4 5.45294E-5 1.16966E-4 2.63577E-4 4.41991E-4 3.17712E-4 4.64973E-4 2.86338E-4 1.50853E-4 2.46003E-4 5.12656E-4 2.5589E-4 2.02624E-4 1.78928E-4 1.91778E-4 2.45729E-4 2.20713E-4 1.55375E-4 4.53357E-4 1.33874E-4 1.32473E-4 3.90863E-4 1.46599E-4 1.02647E-4 5.8252E-5 4.85072E-4 1.22019E-4 9.3706E-5 6.04479E-4 7.78587E-4 1.20959E-4 9.52889E-5 9.62635E-5 2.06393E-4 1.60238E-4 3.85837E-4 8.82519E-4 6.07688E-4 4.67294E-4 5.94484E-4 1.95829E-4 5.93194E-4 7.57645E-4 6.58311E-4 5.77432E-4 2.76094E-4 5.1512E-4 6.53316E-4 7.10149E-5 8.99863E-5 2.51545E-4 6.46072E-4
9.36395E-5 3.62871E-5 5.40794E-5 1.32001E-4 6.12329E-5 7.22769E-5 6.32842E-5 1.07966E-4 1.99724E-4 1.96987E-4 8.14896E-5 1.05156E-4 6.93557E-5 6.0732E-5 7.70886E-5 2.26695E-4 2.18861E-4 1.68159E-4 9.29906E-4 2.90038E-4 8.5717E-5 6.48906E-5 2.5193E-5 1.00651E-4 1.45692E-4 9.56849E-4 2.30014E-4 3.65961E-4 3.65073E-4 2.81034E-4 9.65548E-4 1.68635E-4 1.28353E-4 5.11332E-5 7.35611E-5 4.24519E-4 6.09003E-4 7.7669E-4 7.87926E-4 3.44159E-4 8.54855E-5 5.71881E-5 2.06084E-4 6.19184E-4 6.13245E-4 4.82533E-4 6.79024E-4 7.58973E-4 5.92009E-4 1.73171E-4 5.88899E-4 7.91973E-4 3.76981E-4 3.36827E-4 7.68948E-4 7.58386E-4 3.30622E-4 3.48639E-4 3.08391E-4 3.10455E-4 5.98983E-4
1.50526E-4 4.74267E-5 1.04328E-4 6.18379E-5 5.51475E-5 4.79353E-5 7.25249E-5 1.49045E-5 8.08203E-5 1.96189E-4 2.28078E-4 1.17023E-4 6.37381E-5 8.23836E-5 5.29163E-6 1.83283E-4 9.76057E-5 6.42909E-4 3.14742E-4 1.56714E-4 5.80913E-5 4.95209E-5 7.76557E-5 2.13999E-4 2.46911E-4 7.53452E-4 4.8587E-4 4.77332E-4 3.67546E-4 2.78947E-4 4.4646E-4 1.00638E-4 1.08788E-4 5.50289E-4 1.36984E-4 1.962E-4 1.13191E-3 1.14982E-3 8.18251E-4 8.18271E-4 1.80914E-4 8.52375E-5 6.31894E-4 5.45862E-4 3.85118E-4 9.09906E-4 2.90566E-4 7.68726E-4 3.36942E-4 7.96939E-5 5.99403E-4 9.76792E-4 9.85858E-4 5.96145E-4 8.59859E-4 8.96699E-4 4.25313E-4 8.94969E-4 3.31851E-4 6.57414E-4 6.00584E-4
1.36821E-4 7.8989E-5 7.18811E-5 6.98778E-5 9.21029E-5 2.01547E-5 3.09683E-5 6.88038E-5 7.19987E-5 1.54798E-4 1.40594E-4 7.67138E-5 1.13689E-4 4.23294E-5 1.67631E-5 8.11823E-4 1.87458E-4 2.12313E-4 5.80763E-4 4.71697E-4 6.57068E-5 9.343E-5 1.16133E-4 3.59165E-4 3.21977E-4 2.96191E-4 2.31228E-4 1.1708E-4 2.44351E-4 1.48372E-4 4.05751E-5 1.09911E-4 2.54914E-4 7.71123E-4 7.94121E-4 8.08347E-4 9.14261E-4 2.65381E-4 1.24477E-4 2.09923E-4 2.36102E-4 7.14688E-4 7.09157E-4 6.18184E-4 1.04574E-4 5.38058E-4 3.7117E-4 4.71027E-4 8.9216E-4 1.95781E-4 5.45353E-5 2.8736E-4 7.58174E-4 8.49443E-4 6.81196E-4 6.67606E-4 8.50953E-4 5.92046E-4 6.90339E-4 3.66314E-4 6.825E-4
1.49457E-4 1.16711E-4 8.29344E-5 6.36094E-5 4.36993E-5 6.22023E-5 1.01194E-4 9.10286E-5 7.10077E-5 5.77496E-5 3.48114E-5 4.04778E-5 1.80626E-5 1.61817E-5 1.10303E-4 7.63559E-5 1.41594E-4 1.32414E-4 1.31345E-4 3.16169E-4 1.0703E-4 2.5589E-4 3.31332E-4 7.77857E-4 3.3692E-4 2.35164E-4 1.23898E-4 1.54415E-4 2.3984E-4 8.13378E-4 1.62801E-4 1.08379E-4 6.88541E-4 4.9E-4 1.10871E-4 8.12576E-4 2.07867E-4 1.24152E-4 9.75891E-5 3.01667E-4 1.02701E-3 2.5834E-4 1.28387E-3 1.00915E-3 6.02945E-4 7.65964E-4 2.88591E-4 8.15821E-5 7.8338E-4 1.937E-4 1.92245E-4 2.18528E-4 1.67988E-4 1.91377E-4 3.55925E-4 7.34384E-4 3.28536E-4 5.97499E-4 5.7218E-4 6.77886E-4 3.23242E-4
1.69784E-4 1.29022E-4 7.22953E-5 7.83386E-5 1.03969E-4 1.04849E-4 8.38119E-5 7.05589E-5 6.53383E-5 1.45677E-4 3.47793E-5 2.62734E-5 1.43007E-4 1.4583E-4 5.82229E-5 1.23372E-4 1.6473E-4 1.68326E-4 2.17824E-4 2.85969E-4 1.95871E-4 5.9936E-4 3.34341E-4 2.63684E-4 2.64854E-4 1.43652E-4 3.34385E-5 3.1044E-4 2.33837E-4 1.41735E-4 2.58249E-4 7.02715E-4 1.02757E-3 9.93742E-5 1.62699E-4 2.0284E-4 4.12058E-4 1.0926E-4 5.74637E-5 2.36393E-4 1.52352E-3 6.15288E-4 3.32935E-4 1.62911E-3 5.59543E-4 1.11596E-3 1.19028E-4 5.29194E-4 6.11439E-4 3.67838E-4 9.02666E-5 8.44541E-4 2.56914E-4 1.18253E-4 3.43382E-4 2.34986E-4 7.27501E-4 4.13244E-4 9.49642E-4 8.84786E-4 4.18925E-4
1.03777E-4 1.33692E-4 1.04541E-4 7.03505E-5 8.15632E-5 1.33906E-4 1.26126E-4 4.85614E-5 8.9143E-6 8.28863E-5 5.0466E-5 3.73742E-5 1.1833E-5 1.58474E-5 1.07292E-4 1.61158E-4 1.14085E-4 9.84993E-5 2.13772E-4 4.68234E-4 2.92744E-4 2.56494E-4 6.85881E-4 2.37204E-4 2.33396E-4 1.2478E-4 3.72679E-5 1.63546E-4 2.05336E-4 4.36253E-4 2.32145E-4 9.07035E-4 3.27843E-4 1.36654E-4 1.61572E-4 7.05165E-4 6.09758E-4 1.97131E-4 7.48363E-5 1.60885E-4 1.15024E-3 1.279E-3 1.79059E-4 2.62144E-4 1.14205E-3 5.53161E-4 4.61367E-4 7.54037E-4 5.36174E-4 4.05877E-4 1.17216E-4 6.72087E-4 4.71659E-4 4.22293E-4 3.70493E-4 2.26518E-4 3.04394E-4 3.90066E-4 7.33325E-4 7.68488E-4 9.40421E-4
1.1983E-4 2.21997E-4 4.69116E-4 1.70639E-4 1.08157E-4 1.10231E-4 1.28008E-4 6.41667E-5 1.99692E-5 5.19268E-5 1.8402E-5 1.01858E-5 4.26625E-5 3.93217E-5 9.71028E-5 1.41532E-4 1.61507E-4 2.37782E-4 4.0454E-4 4.55954E-4 1.25557E-4 9.38087E-5 2.04263E-4 1.82423E-4 9.7743E-5 4.24138E-5 7.49571E-5 1.42595E-4 9.24699E-4 1.17917E-3 1.32514E-3 4.91013E-4 1.06617E-4 2.61745E-4 2.91509E-4 6.12312E-4 2.24963E-4 2.85375E-4 1.74242E-4 9.665E-5 1.05142E-3 1.29005E-3 5.3309E-4 9.4484E-5 6.89533E-4 1.01934E-3 4.0221E-4 7.82299E-4 5.84469E-4 5.20297E-4 1.33989E-4 6.03569E-4 4.26547E-4 9.99205E-4 3.27835E-4 3.67908E-4 5.64897E-4 3.8798E-4 4.37541E-4 3.86309E-4 3.37921E-4
1.22823E-4 3.50226E-5 7.88515E-4 6.10723E-4 2.21295E-4 1.76478E-4 1.25274E-4 9.27367E-5 2.77144E-5 6.65184E-5 2.61979E-5 4.47169E-5 1.99922E-5 5.05479E-5 2.08064E-5 7.41284E-5 1.27728E-4 1.05025E-3 7.28243E-4 5.29348E-4 2.87681E-4 4.59963E-4 1.81931E-4 1.81935E-4 4.31796E-5 1.4694E-4 2.72531E-4 2.47582E-4 2.15328E-4 2.65823E-4 3.42409E-4 1.33014E-3 2.00332E-4 4.24007E-4 3.2441E-4 2.60014E-4 2.27853E-4 2.54809E-4 2.24987E-4 1.61319E-4 4.91386E-4 1.71671E-3 1.32645E-3 6.8169E-4 1.88881E-4 1.14473E-3 5.14968E-4 7.34981E-4 5.9668E-4 2.14081E-4 1.1783E-4 1.93155E-4 5.07942E-4 7.68817E-4 8.32781E-4 3.71117E-4 3.26286E-4 3.89818E-4 9.2952E-4 4.08525E-4 2.83642E-4
9.99144E-5 4.99215E-5 9.22843E-5 4.7506E-4 2.50767E-4 1.55041E-4 1.05462E-4 5.76269E-5 2.31275E-5 6.68842E-5 2.70459E-5 1.68237E-4 2.63718E-5 8.32371E-5 1.57503E-4 1.18289E-4 2.18855E-4 1.46534E-4 1.26756E-4 3.45435E-4 3.996E-4 1.22811E-4 1.09052E-4 6.34382E-5 2.08273E-4 3.05394E-4 2.79147E-4 3.14467E-4 2.31161E-4 2.43189E-4 3.07678E-4 4.93807E-4 1.49011E-3 3.32475E-4 1.38447E-4 1.9805E-4 3.22058E-4 2.54061E-4 1.52875E-4 9.65594E-5 2.97008E-4 7.23486E-4 1.68987E-3 1.67977E-3 6.71261E-4 7.66306E-4 7.47926E-4 4.61865E-4 1.8697E-4 8.02897E-5 3.04513E-4 4.99987E-4 4.97357E-4 6.49268E-4 3.68145E-4 3.64193E-4 4.11858E-4 5.98577E-4 3.85213E-4 4.34694E-4 8.51805E-4
6.18E-4 2.30545E-4 1.83667E-4 2.37337E-4 1.1946E-4 6.62899E-5 2.07286E-5 8.29882E-5 1.04297E-4 6.32752E-5 4.10049E-5 6.88251E-5 3.73988E-5 1.04262E-4 1.62101E-4 5.48445E-5 2.76632E-5 6.33678E-5 1.25498E-4 3.40605E-4 3.48545E-4 2.43517E-4 2.42708E-4 4.04066E-4 5.43629E-4 2.82222E-4 3.52843E-4 5.08224E-4 3.05082E-4 1.86329E-4 2.71881E-4 4.29553E-4 1.18282E-3 2.60164E-4 3.68751E-4 4.20907E-4 2.57254E-4 2.24039E-4 2.24198E-4 1.75515E-4 1.03223E-3 1.95493E-4 2.24912E-4 8.80813E-4 1.28622E-3 8.47346E-4 1.62945E-4 4.00429E-4 2.13603E-4 3.96693E-4 3.048E-4 3.23852E-4 4.43523E-4 4.39889E-4 3.65098E-4 5.683E-4 5.9608E-4 5.80601E-4 4.07459E-4 2.51371E-4 4.34853E-4
2.02221E-4 1.42465E-4 7.36412E-5 1.06472E-4 1.38917E-4 1.21668E-4 9.52025E-5 9.44395E-5 1.17096E-4 4.69565E-5 7.09908E-5 5.20209E-4 1.55671E-4 1.07894E-4 9.70831E-5 2.12278E-5 8.18501E-5 1.2193E-4 1.62918E-4 2.42626E-4 5.04632E-4 4.47465E-4 4.56277E-4 2.81443E-4 2.47201E-4 1.89507E-4 4.50511E-4 7.19509E-4 6.3868E-4 2.05936E-4 3.87152E-4 3.79299E-4 4.42599E-4 3.79357E-4 2.93459E-4 3.29113E-4 1.33794E-3 1.02233E-3 2.27418E-4 3.0526E-4 1.30865E-3 1.44323E-3 1.12117E-3 4.64059E-4 6.82054E-4 8.39958E-4 5.84589E-4 4.01647E-4 4.02089E-4 5.78689E-4 3.47832E-4 6.01119E-4 6.39504E-4 4.42878E-4 5.14062E-4 6.5908E-4 1.27354E-3 5.32662E-4 6.62684E-4 7.43428E-4 6.56869E-4
1.59173E-4 9.62405E-5 1.40137E-4 2.00782E-4 1.41022E-4 3.11471E-5 9.04837E-5 1.34151E-4 8.18915E-5 3.69044E-5 7.83916E-5 1.13743E-4 2.18907E-4 1.10168E-4 5.06888E-5 3.70563E-5 1.59768E-4 1.7933E-4 1.2201E-4 2.74573E-4 7.24586E-4 3.99373E-4 4.05784E-4 4.02674E-4 5.13435E-4 2.80713E-4 4.02824E-4 4.43877E-4 5.00777E-4 3.55845E-4 1.53349E-3 5.56567E-4 3.83752E-4 2.64048E-4 3.78558E-4 2.96376E-4 3.54501E-4 1.70804E-3 2.92199E-4 3.45863E-4 1.47878E-3 1.15867E-3 1.28019E-3 1.39983E-3 5.87611E-4 6.5915E-4 1.85533E-4 6.51832E-4 8.50644E-4 4.57438E-4 1.06353E-3 4.13809E-4 2.52032E-4 5.73557E-4 4.50983E-4 6.47781E-4 6.40693E-4 2.52396E-4 6.68345E-4 7.25267E-4 5.74963E-4
1.08714E-4 1.57248E-4 2.31295E-4 1.44679E-4 4.42075E-5 1.06317E-4 1.52699E-4 7.21309E-5 9.08429E-5 6.96073E-5 1.30885E-4 1.14045E-4 1.48797E-4 9.64835E-5 6.44553E-5 4.83685E-5 2.03966E-4 2.06023E-4 1.81739E-4 5.11853E-4 3.13722E-4 5.31148E-4 2.81068E-4 7.72332E-4 6.93815E-4 2.7594E-4 4.44951E-4 5.03879E-4 1.07313E-3 6.18803E-4 3.94173E-4 2.63657E-4 3.34109E-4 3.36944E-4 3.3687E-4 2.97826E-4 2.00577E-4 2.2513E-4 1.97562E-4 1.52781E-4 4.19166E-4 1.42779E-3 1.59992E-3 1.27092E-3 1.13222E-3 8.54593E-4 9.65203E-4 1.12731E-3 2.51916E-4 8.74392E-4 9.44223E-4 5.62326E-4 7.71584E-4 5.20253E-4 5.76974E-4 6.36982E-4 3.64076E-4 3.60633E-4 3.16989E-4 7.31245E-4 7.19804E-4
1.21028E-4 1.80913E-4 1.38996E-4 9.42708E-5 1.39284E-4 1.785E-4 2.23969E-4 1.55108E-4 1.36377E-4 1.19421E-4 1.94467E-4 1.51183E-4 9.06222E-5 1.95739E-4 1.05332E-4 2.33673E-4 3.84827E-4 4.00257E-4 4.51179E-4 5.87421E-4 5.05865E-4 3.1622E-4 3.60824E-4 3.18878E-4 2.4026E-4 3.97557E-4 4.0066E-4 3.10342E-4 5.00999E-4 7.00329E-4 2.37931E-4 2.96435E-4 5.50229E-4 4.86475E-4 3.86438E-4 2.31909E-4 8.91938E-4 4.71283E-4 4.18731E-4 3.72907E-4 3.38061E-4 1.30603E-3 1.14759E-3 1.24735E-3 1.46285E-3 1.47929E-3 1.42159E-3 6.54851E-5 3.9039E-4 1.29468E-4 5.14512E-4 8.73082E-4 7.65832E-4 6.59632E-4 8.40665E-4 5.6277E-4 2.18166E-4 5.17902E-4 2.80124E-4 3.51974E-4 9.39171E-4
1.79464E-4 2.01552E-4 9.12105E-5 6.89684E-4 3.70658E-4 4.79721E-4 3.68668E-4 9.46529E-5 7.93018E-5 1.03069E-4 1.04143E-4 6.78452E-5 1.14079E-4 1.94057E-4 1.36424E-4 1.58589E-4 1.78947E-4 4.35939E-4 3.09638E-4 3.53294E-4 4.0394E-4 8.33924E-4 4.5746E-4 3.1738E-4 2.38539E-4 5.65206E-4 1.71092E-3 8.15309E-4 5.05631E-4 7.93923E-4 4.93214E-4 5.07267E-4 2.63407E-4 6.13716E-4 3.41884E-4 6.08718E-4 1.72044E-3 1.89455E-3 1.48512E-3 5.43236E-4 3.91684E-4 1.82878E-3 2.02272E-3 1.83871E-3 1.00729E-3 2.7485E-4 3.16592E-4 1.70872E-4 3.79853E-4 7.24804E-4 8.24717E-4 8.62431E-4 9.58282E-4 9.67228E-4 1.08786E-3 8.45633E-4 7.23254E-4 2.84067E-4 3.19388E-4 3.16524E-4 6.47467E-4
2.4031E-4 1.41321E-4 8.95256E-4 2.98538E-4 1.12603E-4 8.25301E-5 1.04244E-4 1.37113E-4 7.88456E-5 1.31395E-4 2.76636E-4 1.35247E-4 1.29255E-4 1.77273E-4 1.09196E-4 9.58818E-5 6.35778E-5 1.18914E-4 2.59901E-4 2.35888E-4 3.52821E-4 7.32761E-4 5.99659E-4 4.51042E-4 3.54095E-4 1.94288E-3 6.55018E-4 9.15928E-4 7.31203E-4 1.49407E-3 6.31829E-4 3.03973E-4 4.84748E-4 7.08206E-4 4.37081E-4 6.96015E-4 4.32643E-4 1.93068E-3 2.70285E-3 3.07801E-3 1.02887E-3 2.38551E-3 1.65814E-3 6.61983E-4 1.1456E-4 5.77025E-4 3.4344E-4 5.73429E-4 5.02515E-4 8.63714E-4 3.09041E-4 9.64082E-4 8.69168E-4 1.39034E-3 1.11102E-3 9.50669E-4 3.65248E-4 4.13345E-4 8.56958E-4 3.57562E-4 5.24528E-4
1.96514E-3 7.32871E-4 2.10543E-3 4.07195E-4 2.03456E-4 2.06379E-4 1.7844E-4 1.18697E-4 1.49627E-4 1.35249E-4 7.75281E-5 2.10573E-4 5.19448E-4 2.03714E-4 2.30789E-4 1.4081E-4 1.19051E-4 5.39681E-4 3.39962E-4 3.46569E-4 1.65173E-4 3.536E-4 3.46507E-4 2.71912E-4 3.0992E-4 4.45969E-4 3.51954E-4 3.93221E-4 4.94173E-4 2.13034E-3 4.39112E-4 4.31814E-4 3.43647E-4 3.84895E-4 3.42648E-4 2.64127E-4 3.32861E-4 3.30948E-4 2.63417E-4 1.12088E-4 5.72109E-5 3.33134E-5 6.60084E-4 6.73081E-4 7.42013E-4 3.42923E-4 7.05519E-4 7.29422E-4 7.29756E-4 1.12497E-3 4.01154E-4 1.21071E-3 1.5863E-3 1.63102E-3 1.2576E-3 1.26357E-3 8.58529E-4 3.52148E-4 5.75911E-4 6.15395E-4 1.24987E-3
3.01736E-4 2.98663E-4 2.98398E-4 1.53068E-4 1.77623E-4 2.03373E-4 1.56892E-4 1.02405E-4 2.74584E-4 4.47282E-4 1.38702E-4 9.94642E-5 7.38951E-4 3.61348E-4 2.34899E-4 1.38509E-4 1.55878E-4 2.31655E-4 2.04844E-4 2.32803E-4 2.64118E-4 4.33342E-4 3.49797E-4 2.68534E-4 5.56573E-4 4.9553E-4 1.35754E-3 1.70122E-3 1.92996E-3 1.35438E-3 1.29999E-3 6.85812E-4 4.88138E-4 6.88867E-4 3.84901E-4 4.78379E-4 4.2617E-4 2.2279E-4 1.91931E-4 8.51531E-4 2.47598E-4 2.3833E-4 1.19725E-3 4.51946E-4 3.43908E-4 4.33582E-4 6.20699E-4 6.2633E-4 6.59461E-4 1.24938E-3 9.59272E-4 4.83921E-4 1.83997E-3 1.83216E-3 1.77874E-3 2.00678E-3 1.12104E-3 7.52066E-4 3.93654E-4 5.14661E-4 5.81139E-4
3.04176E-3 3.86215E-4 2.96247E-4 4.08112E-4 4.05678E-4 3.01815E-4 2.36348E-4 1.01602E-4 2.77122E-4 6.63084E-4 6.58874E-4 8.72568E-5 5.81902E-4 1.64484E-4 2.34175E-4 1.25813E-4 1.18907E-4 1.99241E-4 3.31065E-4 3.37039E-4 2.96286E-4 2.08225E-4 2.09219E-4 3.96388E-4 9.01237E-4 9.01978E-4 6.48158E-4 1.02454E-3 9.09486E-4 1.90509E-3 1.69296E-3 4.84466E-4 3.74669E-4 6.19398E-4 4.29099E-4 2.61508E-4 1.93255E-4 6.67899E-4 1.50165E-4 6.671E-4 1.91135E-4 1.31557E-4 5.10751E-4 4.99277E-4 3.8879E-4 3.85882E-4 9.171E-4 1.2007E-3 1.2147E-3 4.17256E-4 1.08317E-3 1.30154E-3 1.61739E-3 1.49167E-3 1.80845E-3 8.01596E-4 1.9088E-3 1.24145E-3 1.0419E-3 8.46367E-4 4.09548E-4
6.53501E-4 1.67006E-3 3.78668E-4 4.68406E-4 3.62055E-4 2.71053E-4 1.64696E-4 8.78377E-5 8.53854E-4 8.47888E-4 7.5907E-4 5.80658E-4 3.14545E-4 4.58923E-4 2.61627E-4 3.35297E-4 6.04447E-4 3.88563E-4 2.61153E-4 1.53819E-4 2.25685E-4 2.95711E-4 2.98709E-4 2.31829E-4 3.46726E-4 8.90459E-4 1.34465E-3 2.30153E-4 3.39145E-4 6.91141E-4 2.06053E-3 1.33924E-3 3.31552E-4 1.75307E-4 1.91337E-4 6.65019E-4 8.50404E-4 1.09343E-3 1.2213E-3 1.10194E-3 8.59398E-4 3.09663E-4 1.18453E-3 1.08937E-3 6.70576E-4 1.80931E-3 1.13371E-3 5.04101E-4 7.80504E-4 5.42903E-4 5.85754E-4 7.99777E-4 6.32813E-4 8.32024E-4 1.81169E-3 1.87234E-3 1.61251E-3 2.35365E-3 2.05137E-3 9.98195E-4 4.63564E-4
2.42118E-3 2.10957E-3 4.65353E-4 3.62895E-4 4.1165E-4 4.15913E-4 3.71097E-4 2.11721E-4 1.50289E-4 1.30475E-4 1.43983E-4 1.65614E-4 3.56704E-4 2.8065E-4 2.74455E-4 1.89415E-4 1.39157E-4 1.3857E-4 1.06126E-4 1.93636E-4 3.67348E-4 2.96653E-4 2.03923E-4 2.59966E-4 3.39341E-4 3.88978E-4 6.96102E-4 1.86313E-3 2.62795E-3 2.08353E-3 2.33038E-3 1.9714E-3 2.59794E-4 1.13619E-3 1.48377E-3 1.42068E-3 1.40785E-3 1.60209E-3 9.79855E-4 9.72972E-4 6.02643E-4 1.88952E-4 1.04497E-3 1.39667E-3 1.08088E-3 9.47642E-4 1.20454E-3 6.64102E-4 7.46276E-4 9.5992E-4 9.17086E-4 7.3578E-4 3.21333E-4 5.53029E-4 6.40529E-4 1.07042E-3 2.36532E-3 1.34517E-3 3.46227E-3 1.64359E-3 4.63294E-4
8.23753E-4 3.35738E-3 2.28578E-3 4.49792E-4 4.56979E-4 5.28826E-4 4.18631E-4 3.56851E-4 3.60973E-4 1.87063E-4 1.87023E-4 3.07347E-4 8.25303E-4 6.53222E-4 4.48601E-4 5.1983E-4 3.12807E-4 3.0604E-4 2.35211E-4 3.33706E-4 3.38431E-4 3.01088E-4 5.47524E-4 3.79158E-4 2.02279E-4 2.52007E-4 6.83349E-4 6.89159E-4 4.87177E-4 6.83519E-4 1.63981E-3 1.10601E-3 8.16337E-4 4.76475E-4 1.00897E-3 1.46391E-3 1.15972E-3 7.78185E-4 1.10945E-3 8.50261E-4 2.3468E-4 2.11756E-4 2.07026E-4 2.65387E-4 3.07988E-4 1.65406E-4 3.99226E-4 5.03864E-4 6.27721E-4 3.47974E-4 5.66155E-4 6.45545E-4 3.63254E-4 8.69807E-4 1.45195E-3 6.14876E-4 1.15292E-3 2.85582E-3 2.88334E-3 2.03347E-3 7.85427E-4
