day_2/Results/Podomys_floridanus/projections/PaleoClim/-15000/RUN_2.asc
ncols         385
nrows         252
xllcorner     -91.50013924285
yllcorner     25.49986064915003
cellsize      0.041666666500000005
NODATA_value  -9999
[rows 162 to 188 of 252, columns 183 to 243 of 385]
3.33953E-2 3.36959E-2 3.46515E-2 3.46136E-2 3.63322E-2 3.62188E-2 3.7561E-2 3.77497E-2 3.87544E-2 3.15918E-2 3.13071E-2 1.91487E-2 1.91817E-2 1.91512E-2 1.90818E-2 1.90608E-2 1.90373E-2 1.87869E-2 1.84229E-2 1.87028E-2 3.161E-2 1.92776E-2 3.9372E-2 3.95424E-2 3.95418E-2 3.76035E-2 1.79144E-2 1.80285E-2 1.80053E-2 3.60703E-2 1.7409E-2 3.65642E-2 3.316E-2 2.59252E-2 1.60902E-2 1.61508E-2 1.60099E-2 3.29366E-2 2.7054E-2 2.52237E-2 1.26434E-2 1.91853E-2 1.17889E-2 1.21394E-2 1.20136E-2 1.27098E-2 1.26296E-2 1.37281E-2 1.43112E-2 2.83718E-2 2.8811E-2 2.27166E-2 2.3382E-2 2.85929E-2 1.50147E-2 1.52722E-2 1.54174E-2 3.02286E-2 3.07581E-2 2.99311E-2 1.48596E-2
3.35256E-2 3.53795E-2 3.53899E-2 3.62621E-2 3.66733E-2 3.68721E-2 3.78459E-2 3.80057E-2 3.16321E-2 3.14721E-2 1.93845E-2 1.94578E-2 1.94897E-2 1.93111E-2 1.94483E-2 1.9244E-2 1.88742E-2 1.89737E-2 1.86729E-2 1.89989E-2 1.94901E-2 1.95867E-2 3.16333E-2 3.96492E-2 3.93164E-2 3.92865E-2 3.81536E-2 1.81728E-2 1.81518E-2 1.78211E-2 1.77651E-2 3.66565E-2 3.52432E-2 3.20905E-2 1.67647E-2 3.24041E-2 3.03293E-2 1.54554E-2 2.87817E-2 2.22034E-2 1.28449E-2 1.22958E-2 2.44292E-2 1.97388E-2 1.27785E-2 2.10273E-2 2.63872E-2 1.38577E-2 1.46794E-2 2.89387E-2 2.82734E-2 2.20084E-2 1.43187E-2 1.46213E-2 1.49302E-2 1.50719E-2 2.65944E-2 3.28091E-2 3.25164E-2 2.53257E-2 2.52024E-2
3.53384E-2 3.53193E-2 3.65482E-2 3.69158E-2 3.68268E-2 3.81751E-2 3.83838E-2 3.16759E-2 3.18567E-2 3.20031E-2 3.18136E-2 1.96192E-2 1.96806E-2 1.96842E-2 1.95023E-2 1.96215E-2 1.92589E-2 1.89513E-2 1.91571E-2 1.92299E-2 1.92308E-2 1.85971E-2 1.89674E-2 1.8931E-2 1.88662E-2 1.87558E-2 4.02701E-2 3.04038E-2 1.79807E-2 1.79608E-2 1.78337E-2 2.90244E-2 3.69922E-2 3.48715E-2 2.8312E-2 3.57506E-2 3.45169E-2 3.17787E-2 2.41449E-2 1.3916E-2 1.34267E-2 2.47873E-2 2.54769E-2 1.32003E-2 1.33482E-2 1.44506E-2 1.4438E-2 2.8445E-2 1.45274E-2 1.53642E-2 3.05633E-2 3.07611E-2 3.07908E-2 3.15954E-2 3.21634E-2 3.17881E-2 1.62498E-2 3.46047E-2 2.72438E-2 1.6788E-2 1.61174E-2
3.58304E-2 3.69149E-2 3.73003E-2 3.71629E-2 3.85764E-2 3.85322E-2 3.9814E-2 4.01585E-2 3.21741E-2 3.21588E-2 1.99182E-2 1.97873E-2 1.98419E-2 1.99137E-2 1.98608E-2 1.9598E-2 1.9598E-2 1.94374E-2 1.93357E-2 1.93611E-2 1.93921E-2 1.91284E-2 1.91521E-2 1.90458E-2 1.89568E-2 1.91345E-2 3.14731E-2 4.05907E-2 1.83801E-2 1.79394E-2 1.78749E-2 3.76789E-2 3.70506E-2 3.71925E-2 3.59583E-2 1.69453E-2 3.5041E-2 3.24378E-2 1.57667E-2 1.53965E-2 1.52134E-2 2.72533E-2 2.18547E-2 1.35842E-2 1.32813E-2 1.36702E-2 1.44673E-2 1.47218E-2 1.52238E-2 2.5764E-2 3.17406E-2 2.53933E-2 1.57143E-2 1.60039E-2 1.64799E-2 2.74749E-2 2.7126E-2 1.69832E-2 1.74473E-2 3.79538E-2 3.33985E-2
3.71555E-2 3.76242E-2 3.74088E-2 3.89102E-2 3.88657E-2 3.91508E-2 4.01578E-2 3.2413E-2 3.26038E-2 3.25185E-2 2.01082E-2 2.0183E-2 1.99952E-2 2.00487E-2 1.98893E-2 2.005E-2 1.98889E-2 1.95447E-2 1.95733E-2 1.94672E-2 1.93931E-2 1.94222E-2 1.93716E-2 1.92825E-2 1.91191E-2 1.91642E-2 1.91088E-2 3.92119E-2 3.97373E-2 1.82315E-2 3.04154E-2 3.76186E-2 1.79767E-2 1.78126E-2 1.7754E-2 1.73233E-2 2.84556E-2 3.58585E-2 3.23463E-2 1.60005E-2 2.56045E-2 1.48017E-2 2.19312E-2 2.19759E-2 1.39058E-2 1.41495E-2 1.49986E-2 2.3865E-2 1.61217E-2 1.62164E-2 2.60946E-2 1.64069E-2 3.24998E-2 1.6394E-2 2.63296E-2 1.69666E-2 1.69735E-2 2.65031E-2 1.71096E-2 3.93241E-2 7.9348E-2
3.79147E-2 3.76942E-2 3.92458E-2 3.91997E-2 3.94363E-2 3.25645E-2 3.27771E-2 3.26495E-2 3.28695E-2 3.27839E-2 2.02794E-2 2.03468E-2 2.0185E-2 2.0298E-2 2.03502E-2 2.01608E-2 1.99026E-2 2.00581E-2 1.97623E-2 1.9575E-2 1.96004E-2 1.95257E-2 1.95552E-2 1.95559E-2 1.91114E-2 1.91312E-2 1.88945E-2 1.94602E-2 3.99195E-2 3.12032E-2 1.81907E-2 1.76482E-2 3.80093E-2 3.80667E-2 2.9292E-2 1.76007E-2 2.90544E-2 1.76707E-2 1.75526E-2 1.75749E-2 2.69967E-2 1.55979E-2 1.57393E-2 1.47544E-2 1.46787E-2 1.51984E-2 1.53361E-2 1.55927E-2 1.5912E-2 1.70362E-2 2.7501E-2 1.75505E-2 3.61477E-2 1.75467E-2 3.63188E-2 3.50381E-2 1.77744E-2 2.99119E-2 3.60414E-2 4.02233E-2 4.29038E-2
3.85596E-2 3.85133E-2 3.94822E-2 3.94371E-2 4.11833E-2 4.11905E-2 3.30894E-2 3.33259E-2 3.32379E-2 3.32587E-2 2.04027E-2 2.05463E-2 2.05992E-2 2.04344E-2 2.03096E-2 2.05546E-2 2.0362E-2 2.02242E-2 2.01388E-2 2.00479E-2 1.99197E-2 1.97896E-2 1.97933E-2 1.94788E-2 1.95039E-2 1.94755E-2 1.91326E-2 1.90991E-2 4.06483E-2 3.16857E-2 1.87528E-2 1.83126E-2 4.02037E-2 3.81203E-2 3.72993E-2 2.95386E-2 1.76994E-2 1.7961E-2 1.7516E-2 1.73743E-2 2.81036E-2 1.61192E-2 1.61211E-2 1.56806E-2 1.52244E-2 1.50652E-2 1.55749E-2 1.5707E-2 1.63444E-2 1.72581E-2 1.79848E-2 1.82377E-2 3.05151E-2 1.76451E-2 1.86297E-2 3.81676E-2 1.85981E-2 1.88144E-2 3.05382E-2 4.22758E-2 4.2678E-2
3.92337E-2 4.03157E-2 4.02383E-2 3.3131E-2 3.30463E-2 3.33701E-2 3.3593E-2 3.35513E-2 3.3349E-2 3.36288E-2 2.08236E-2 2.06849E-2 2.05732E-2 2.06449E-2 2.07241E-2 2.06129E-2 2.06406E-2 2.06319E-2 2.04367E-2 2.02148E-2 2.02482E-2 2.00294E-2 1.99384E-2 1.98487E-2 1.97695E-2 1.96112E-2 1.95292E-2 1.92891E-2 1.95403E-2 4.03795E-2 1.93055E-2 1.79886E-2 3.99361E-2 3.91194E-2 3.00096E-2 3.01223E-2 1.75691E-2 1.7684E-2 2.93039E-2 1.76096E-2 2.9222E-2 2.83423E-2 1.73519E-2 1.65986E-2 1.57887E-2 1.62952E-2 1.64837E-2 2.69028E-2 1.64246E-2 1.75121E-2 1.80224E-2 1.76971E-2 1.81215E-2 3.01914E-2 1.83272E-2 1.86389E-2 1.88861E-2 1.9109E-2 1.96179E-2 4.28185E-2 4.44423E-2
3.93992E-2 4.05188E-2 4.09208E-2 3.37721E-2 3.37757E-2 3.35968E-2 3.34382E-2 3.40323E-2 3.39445E-2 3.38987E-2 2.1028E-2 2.10798E-2 2.09239E-2 2.08383E-2 2.09534E-2 2.10021E-2 2.08605E-2 2.06469E-2 2.07563E-2 2.07167E-2 2.05192E-2 2.03615E-2 2.03412E-2 2.0237E-2 1.99982E-2 1.99453E-2 1.98101E-2 1.96751E-2 1.91728E-2 1.91263E-2 1.91183E-2 1.82185E-2 3.0845E-2 3.0881E-2 3.82695E-2 3.78132E-2 1.75258E-2 1.75426E-2 1.81676E-2 1.80672E-2 1.73682E-2 1.76999E-2 1.73071E-2 1.75037E-2 1.66132E-2 1.67667E-2 1.66207E-2 2.72159E-2 1.68631E-2 1.71656E-2 1.71886E-2 1.81568E-2 1.80735E-2 1.80407E-2 1.77843E-2 1.81295E-2 1.89654E-2 1.98417E-2 4.4617E-2 4.44048E-2 4.67401E-2
3.31436E-2 4.12626E-2 4.12667E-2 3.40419E-2 3.43084E-2 3.41717E-2 3.4127E-2 3.43016E-2 3.45438E-2 2.12245E-2 2.1095E-2 2.10373E-2 2.13779E-2 2.12629E-2 2.11481E-2 2.10171E-2 2.11601E-2 2.1092E-2 2.10049E-2 2.08327E-2 2.08835E-2 2.08832E-2 2.05587E-2 2.04547E-2 2.04333E-2 2.02708E-2 2.00012E-2 2.00824E-2 2.01646E-2 1.94071E-2 1.95924E-2 1.8728E-2 3.97271E-2 1.82307E-2 4.0204E-2 3.07405E-2 1.84399E-2 1.76185E-2 1.75918E-2 1.81206E-2 1.805E-2 1.7742E-2 1.79559E-2 1.75299E-2 1.76438E-2 1.73374E-2 1.75481E-2 1.6867E-2 1.68727E-2 1.78523E-2 1.80996E-2 1.72315E-2 1.79902E-2 2.99174E-2 1.87652E-2 1.92701E-2 1.96253E-2 1.99443E-2 4.49636E-2 4.47804E-2 4.54295E-2
3.37893E-2 3.37248E-2 3.46239E-2 3.45351E-2 3.45343E-2 3.43505E-2 3.47316E-2 3.44764E-2 2.12097E-2 2.1317E-2 2.14965E-2 2.13803E-2 2.13224E-2 2.12641E-2 2.15302E-2 2.14146E-2 2.1326E-2 2.14403E-2 2.13225E-2 2.12626E-2 2.11752E-2 2.10293E-2 2.08699E-2 2.09099E-2 2.07758E-2 2.04909E-2 2.04521E-2 2.02327E-2 2.03587E-2 1.9783E-2 1.96438E-2 1.89664E-2 4.01244E-2 1.87948E-2 3.93315E-2 3.06784E-2 3.81068E-2 1.83709E-2 1.82198E-2 1.79525E-2 1.79822E-2 1.76948E-2 1.78348E-2 1.77156E-2 1.75978E-2 1.72461E-2 1.74789E-2 1.67633E-2 1.71639E-2 1.77759E-2 1.80119E-2 1.78223E-2 1.8227E-2 1.95894E-2 3.06041E-2 1.88727E-2 1.98515E-2 4.50036E-2 4.54971E-2 4.51022E-2 4.577E-2
3.37289E-2 3.39124E-2 3.51412E-2 3.52396E-2 3.50998E-2 3.50267E-2 3.49792E-2 3.52262E-2 2.16161E-2 2.15569E-2 2.16636E-2 2.1589E-2 2.17395E-2 2.16811E-2 2.15918E-2 2.19051E-2 2.17555E-2 2.15909E-2 2.14713E-2 2.13527E-2 2.14942E-2 2.14054E-2 2.14648E-2 2.13313E-2 2.09983E-2 2.09203E-2 2.08132E-2 2.07042E-2 2.02225E-2 2.03866E-2 4.15617E-2 1.92552E-2 3.202E-2 1.87685E-2 3.10014E-2 3.94851E-2 1.87918E-2 1.85605E-2 1.79808E-2 1.81471E-2 1.81596E-2 1.81957E-2 1.75068E-2 1.74564E-2 1.78118E-2 1.78138E-2 1.79988E-2 1.76974E-2 1.73478E-2 1.69157E-2 1.80022E-2 1.82284E-2 1.81547E-2 1.83821E-2 2.01147E-2 3.21826E-2 1.98142E-2 4.4938E-2 4.45545E-2 4.69075E-2 4.81276E-2
3.43347E-2 3.53181E-2 3.53215E-2 3.52959E-2 3.56888E-2 3.56901E-2 3.55951E-2 3.58922E-2 2.19974E-2 2.19366E-2 2.18303E-2 2.17709E-2 2.1907E-2 2.20583E-2 2.19685E-2 2.18773E-2 2.17707E-2 2.20524E-2 2.19318E-2 2.18405E-2 2.17497E-2 2.17192E-2 2.18158E-2 2.15556E-2 2.14209E-2 2.11797E-2 2.10122E-2 2.07061E-2 2.05387E-2 2.00956E-2 2.06128E-2 1.96443E-2 1.9613E-2 1.92076E-2 3.95179E-2 4.03919E-2 3.8994E-2 1.84517E-2 1.82278E-2 1.8557E-2 3.07253E-2 1.8309E-2 1.7772E-2 1.80334E-2 1.80575E-2 1.80985E-2 1.77225E-2 1.79619E-2 1.76244E-2 1.70731E-2 1.78417E-2 1.83795E-2 1.87134E-2 1.89856E-2 1.94322E-2 2.01925E-2 2.00662E-2 4.40152E-2 4.45567E-2 4.61868E-2 4.76971E-2
3.47817E-2 3.57151E-2 3.57681E-2 3.58169E-2 3.58652E-2 3.58656E-2 3.62147E-2 3.60929E-2 3.59941E-2 2.20897E-2 2.19985E-2 2.21505E-2 2.22877E-2 2.21492E-2 2.23316E-2 2.22088E-2 2.21474E-2 2.20856E-2 2.22027E-2 2.22277E-2 2.22586E-2 2.22284E-2 2.19719E-2 2.18061E-2 2.16696E-2 2.15331E-2 2.11943E-2 2.107E-2 2.07582E-2 2.02308E-2 4.25837E-2 1.99458E-2 3.27007E-2 3.1755E-2 3.18612E-2 1.92893E-2 3.96512E-2 3.13285E-2 3.09237E-2 1.82283E-2 1.86242E-2 1.79425E-2 1.84571E-2 1.85547E-2 1.88767E-2 1.8089E-2 1.82333E-2 1.80104E-2 1.79757E-2 1.78892E-2 1.75943E-2 1.81704E-2 1.83843E-2 1.84647E-2 1.84415E-2 1.99578E-2 2.01839E-2 4.41501E-2 4.49397E-2 4.54905E-2 4.73026E-2
2.19642E-2 2.20562E-2 2.23632E-2 3.63896E-2 3.63145E-2 3.64133E-2 3.63643E-2 3.6767E-2 2.25689E-2 2.25376E-2 2.23825E-2 2.23202E-2 2.24568E-2 2.23639E-2 2.24684E-2 2.2469E-2 2.25897E-2 2.24957E-2 2.24171E-2 2.2323E-2 2.22604E-2 4.9606E-2 4.96067E-2 4.9176E-2 2.19295E-2 2.18227E-2 2.16548E-2 2.10283E-2 2.08798E-2 2.10256E-2 4.42957E-2 1.98689E-2 1.99381E-2 4.08013E-2 4.10247E-2 3.99728E-2 4.06388E-2 3.99912E-2 1.91592E-2 1.86048E-2 1.85779E-2 1.86024E-2 1.85606E-2 1.83854E-2 1.85334E-2 1.84355E-2 1.82596E-2 1.789E-2 1.80947E-2 1.81208E-2 1.81068E-2 3.65426E-2 1.8617E-2 1.84667E-2 4.12291E-2 4.15217E-2 4.46424E-2 4.66392E-2 4.68983E-2 4.72815E-2 4.79277E-2
2.22556E-2 2.23776E-2 2.24394E-2 2.27042E-2 2.27375E-2 3.69919E-2 3.69927E-2 2.27379E-2 2.29911E-2 2.29917E-2 2.28489E-2 2.27849E-2 2.2627E-2 2.25635E-2 2.27485E-2 2.2805E-2 2.27099E-2 2.26784E-2 5.03875E-2 5.01798E-2 5.01107E-2 5.01107E-2 4.97989E-2 4.95062E-2 4.93829E-2 4.90853E-2 4.86477E-2 2.14577E-2 2.10788E-2 2.12257E-2 4.51025E-2 2.052E-2 1.99715E-2 4.32404E-2 4.1225E-2 4.11722E-2 3.21335E-2 3.14585E-2 4.01953E-2 1.9399E-2 1.90413E-2 1.92239E-2 1.89116E-2 1.88588E-2 1.85131E-2 1.85877E-2 1.83506E-2 1.84007E-2 1.84482E-2 1.86376E-2 1.82687E-2 3.66136E-2 1.77123E-2 1.8317E-2 4.02719E-2 4.22241E-2 4.45084E-2 4.50481E-2 4.56372E-2 4.73447E-2 4.82904E-2
2.26675E-2 2.26527E-2 2.26849E-2 2.27477E-2 2.30962E-2 2.30976E-2 3.75989E-2 2.31144E-2 3.75489E-2 2.30824E-2 2.32738E-2 2.3177E-2 2.30481E-2 2.29348E-2 2.28699E-2 5.07405E-2 5.06729E-2 5.09646E-2 5.07538E-2 5.06123E-2 5.09074E-2 5.098E-2 5.10528E-2 5.06899E-2 5.03223E-2 5.00214E-2 4.90517E-2 4.82794E-2 2.11998E-2 2.14654E-2 4.48344E-2 2.05486E-2 3.38358E-2 3.31844E-2 4.19242E-2 4.28588E-2 4.01844E-2 4.07657E-2 4.08007E-2 3.98216E-2 1.90433E-2 3.16503E-2 1.90446E-2 1.89381E-2 1.89122E-2 1.88968E-2 1.87299E-2 1.89885E-2 1.88333E-2 1.85951E-2 1.79726E-2 4.00376E-2 1.78073E-2 1.82739E-2 4.22865E-2 4.46439E-2 4.60696E-2 4.60356E-2 4.59619E-2 4.75823E-2 4.94711E-2
2.25993E-2 2.26931E-2 2.30395E-2 2.30736E-2 2.31212E-2 2.31856E-2 2.32503E-2 2.35422E-2 2.35443E-2 3.82426E-2 2.34787E-2 2.33634E-2 5.16787E-2 5.16076E-2 5.11816E-2 5.13926E-2 5.18063E-2 5.15198E-2 5.12677E-2 5.1055E-2 5.09831E-2 5.11965E-2 5.16766E-2 5.17532E-2 5.13819E-2 5.06058E-2 4.98602E-2 4.86849E-2 4.78093E-2 2.17107E-2 4.55168E-2 2.12705E-2 4.2945E-2 3.37937E-2 2.00495E-2 4.29377E-2 4.25822E-2 3.21048E-2 4.08019E-2 4.00428E-2 1.94675E-2 1.94662E-2 4.02362E-2 3.15719E-2 3.1697E-2 1.94148E-2 1.87983E-2 1.90406E-2 1.92762E-2 1.86244E-2 1.83787E-2 3.25897E-2 1.8705E-2 1.90382E-2 4.3545E-2 4.45222E-2 4.46941E-2 4.6765E-2 4.59596E-2 4.81181E-2 4.97523E-2
2.29504E-2 2.30146E-2 2.30791E-2 2.33823E-2 2.34488E-2 2.34827E-2 2.35484E-2 2.35818E-2 5.26631E-2 5.26292E-2 5.25579E-2 5.24856E-2 5.21955E-2 5.20503E-2 5.21785E-2 5.2105E-2 5.18524E-2 5.17073E-2 5.1563E-2 5.20454E-2 5.19753E-2 5.21209E-2 5.2085E-2 5.28708E-2 5.18664E-2 5.14926E-2 5.02365E-2 4.97206E-2 4.8615E-2 8.0112E-2 4.56718E-2 2.13124E-2 4.35747E-2 3.41041E-2 3.36088E-2 4.28644E-2 4.45955E-2 4.45211E-2 4.21355E-2 4.19168E-2 3.22107E-2 3.22299E-2 4.05068E-2 4.01021E-2 3.99396E-2 4.0129E-2 3.21389E-2 1.9386E-2 1.91193E-2 1.92828E-2 1.91633E-2 1.88222E-2 1.97364E-2 2.09063E-2 4.41031E-2 4.46762E-2 4.5612E-2 7.54685E-2 4.65869E-2 4.833E-2 4.91444E-2
2.3189E-2 2.32548E-2 2.33862E-2 2.3452E-2 2.35178E-2 5.24476E-2 5.2486E-2 5.2706E-2 5.26347E-2 5.28535E-2 5.3284E-2 5.34337E-2 5.32505E-2 5.31752E-2 5.28063E-2 5.23656E-2 5.27085E-2 5.26376E-2 5.2563E-2 5.25625E-2 5.28684E-2 5.29439E-2 5.30941E-2 5.35448E-2 5.31762E-2 5.27241E-2 5.1195E-2 5.03062E-2 4.90779E-2 1.01844E-1 7.97341E-2 4.46304E-2 4.48488E-2 4.43036E-2 3.44836E-2 2.04149E-2 4.37493E-2 4.33921E-2 4.5194E-2 4.29913E-2 4.17743E-2 4.1277E-2 1.97152E-2 3.24986E-2 4.08461E-2 3.24578E-2 1.97658E-2 1.93331E-2 1.93593E-2 1.93242E-2 1.94951E-2 1.9707E-2 1.97994E-2 4.43416E-2 4.45627E-2 4.49621E-2 4.53014E-2 4.78143E-2 4.74161E-2 4.96779E-2 5.12757E-2
2.32237E-2 2.32889E-2 5.20832E-2 5.21582E-2 5.22685E-2 5.24142E-2 5.26326E-2 5.32061E-2 5.34304E-2 5.35819E-2 5.35454E-2 5.3545E-2 5.42055E-2 5.39807E-2 5.38288E-2 5.35296E-2 5.32283E-2 5.37266E-2 5.34645E-2 5.33882E-2 5.33898E-2 5.33897E-2 5.36155E-2 5.36997E-2 5.42069E-2 5.33284E-2 5.23484E-2 5.14074E-2 5.08701E-2 1.01994E-1 1.01177E-1 4.56149E-2 4.56265E-2 4.49304E-2 4.34623E-2 4.27416E-2 4.35706E-2 4.34418E-2 1.79484E-2 4.40604E-2 4.24265E-2 4.24759E-2 4.12223E-2 3.27436E-2 4.20439E-2 4.09171E-2 1.97779E-2 1.95159E-2 1.97874E-2 1.96032E-2 2.02663E-2 1.99642E-2 4.48363E-2 4.49037E-2 4.53509E-2 4.60215E-2 4.76048E-2 4.74313E-2 4.84613E-2 4.94001E-2 5.14912E-2
5.17911E-2 5.19371E-2 5.2154E-2 5.22627E-2 5.30478E-2 5.3273E-2 5.33501E-2 5.35737E-2 5.36115E-2 5.42715E-2 5.45037E-2 5.44272E-2 5.45052E-2 5.44293E-2 5.42766E-2 5.47127E-2 5.41372E-2 5.39857E-2 5.39086E-2 5.38323E-2 5.44121E-2 5.43789E-2 5.43776E-2 5.43936E-2 5.46265E-2 5.42515E-2 5.29525E-2 5.18247E-2 8.4687E-2 1.0263E-1 1.0221E-1 9.98781E-2 4.5694E-2 4.56426E-2 4.4342E-2 3.43925E-2 4.38706E-2 4.24465E-2 4.71317E-2 4.44763E-2 4.30228E-2 4.20802E-2 4.22451E-2 4.10229E-2 4.1669E-2 4.13664E-2 2.00428E-2 2.0158E-2 2.00715E-2 1.96823E-2 2.02703E-2 4.44958E-2 4.47798E-2 4.53232E-2 4.61516E-2 4.70899E-2 4.78436E-2 4.87479E-2 4.90977E-2 4.98027E-2 5.24815E-2
5.18551E-2 5.25194E-2 5.27416E-2 5.28917E-2 5.30398E-2 5.33366E-2 5.40271E-2 5.41828E-2 5.43363E-2 5.45654E-2 5.51602E-2 5.47983E-2 5.54726E-2 5.54384E-2 5.52827E-2 5.52043E-2 5.42195E-2 5.49369E-2 5.47077E-2 5.46308E-2 5.45141E-2 5.54138E-2 5.50492E-2 5.53633E-2 5.58408E-2 5.54599E-2 5.38743E-2 5.30718E-2 8.59912E-2 1.06071E-1 1.03405E-1 1.01305E-1 1.01412E-1 1.01722E-1 4.477E-2 4.48347E-2 4.39483E-2 4.29295E-2 4.44644E-2 4.62652E-2 4.59836E-2 4.45224E-2 4.28413E-2 4.20152E-2 4.21739E-2 4.22839E-2 4.26499E-2 2.04431E-2 2.03836E-2 2.02473E-2 4.39733E-2 4.53389E-2 4.60387E-2 4.7334E-2 4.73417E-2 4.68415E-2 4.76182E-2 4.86685E-2 5.07627E-2 5.15635E-2 5.38635E-2
5.23601E-2 5.25799E-2 5.27273E-2 5.35155E-2 5.36336E-2 5.38601E-2 5.40123E-2 5.46718E-2 5.50602E-2 5.51804E-2 5.53756E-2 5.54936E-2 5.55733E-2 5.62578E-2 5.62612E-2 5.61826E-2 5.55751E-2 5.50642E-2 5.53397E-2 5.571E-2 5.53941E-2 5.51051E-2 5.60174E-2 5.63852E-2 5.69571E-2 5.5624E-2 5.44533E-2 5.42603E-2 8.62392E-2 1.06127E-1 1.04452E-1 8.26092E-2 1.01567E-1 1.00596E-1 9.87835E-2 9.98607E-2 4.42859E-2 4.587E-2 4.47473E-2 4.89109E-2 4.56817E-2 4.46748E-2 4.43964E-2 4.24361E-2 4.36732E-2 2.07098E-2 3.37105E-2 4.55003E-2 4.5371E-2 4.59074E-2 4.52843E-2 4.56457E-2 4.495E-2 7.8288E-2 4.8244E-2 4.73437E-2 4.95555E-2 4.87385E-2 5.16236E-2 5.04493E-2 5.2622E-2
5.30457E-2 5.31962E-2 5.33087E-2 5.34594E-2 5.43355E-2 5.45709E-2 5.48021E-2 5.48813E-2 5.50755E-2 5.5829E-2 5.60716E-2 5.61505E-2 5.65513E-2 5.64725E-2 5.67932E-2 5.70493E-2 5.70522E-2 5.68077E-2 5.59551E-2 5.63592E-2 5.60747E-2 5.5955E-2 5.61955E-2 5.66821E-2 5.76693E-2 5.63334E-2 5.49578E-2 9.00621E-2 8.73806E-2 8.56172E-2 1.07139E-1 5.08223E-2 5.0174E-2 1.00793E-1 1.00704E-1 9.81133E-2 9.70732E-2 9.98738E-2 9.89548E-2 4.57753E-2 4.47121E-2 9.68209E-2 4.47009E-2 4.37251E-2 4.27675E-2 7.50648E-2 7.47524E-2 4.61704E-2 4.54706E-2 4.54124E-2 4.61604E-2 4.62899E-2 4.62284E-2 4.86854E-2 4.75394E-2 4.81639E-2 5.05563E-2 5.03354E-2 5.10001E-2 5.05729E-2 5.19952E-2
5.38854E-2 5.38484E-2 5.39265E-2 5.42326E-2 5.43856E-2 5.52005E-2 5.5166E-2 5.55603E-2 5.57197E-2 5.59579E-2 5.68034E-2 5.6439E-2 5.71726E-2 5.70959E-2 5.73404E-2 5.75047E-2 5.81311E-2 5.75958E-2 5.69798E-2 5.64898E-2 5.69301E-2 5.70135E-2 5.70959E-2 5.75108E-2 9.43756E-2 5.61539E-2 1.13809E-1 5.57162E-2 8.82405E-2 5.31782E-2 5.24717E-2 5.16205E-2 5.02471E-2 8.14075E-2 1.00117E-1 7.97324E-2 7.93167E-2 9.93961E-2 9.99626E-2 9.78812E-2 9.70899E-2 9.59217E-2 9.69586E-2 9.61527E-2 9.60401E-2 9.46285E-2 7.5178E-2 7.5166E-2 4.65658E-2 7.62042E-2 4.74222E-2 4.68237E-2 4.6414E-2 4.86701E-2 4.89239E-2 4.93864E-2 5.00163E-2 5.20541E-2 5.19385E-2 5.09569E-2 5.36971E-2
5.36621E-2 5.38903E-2 5.46158E-2 5.51193E-2 5.48962E-2 5.51284E-2 5.53644E-2 5.6276E-2 5.65218E-2 5.67655E-2 5.6728E-2 5.70521E-2 5.72981E-2 5.79192E-2 5.81732E-2 5.82578E-2 5.82174E-2 5.86454E-2 5.83111E-2 5.79715E-2 5.73078E-2 5.73041E-2 5.73044E-2 5.80487E-2 5.90324E-2 5.69822E-2 5.76076E-2 5.57164E-2 8.91895E-2 5.34151E-2 5.29462E-2 5.23013E-2 5.12544E-2 5.05648E-2 8.15808E-2 8.03948E-2 4.91754E-2 7.94125E-2 9.86142E-2 9.7792E-2 9.70205E-2 9.86907E-2 9.93645E-2 7.592E-2 9.9651E-2 1.00772E-1 9.71091E-2 7.64243E-2 7.72531E-2 9.69575E-2 4.64404E-2 4.76637E-2 4.66218E-2 4.90063E-2 5.04824E-2 5.06762E-2 5.10153E-2 5.08034E-2 5.32362E-2 5.41211E-2 5.3136E-2
