day_2/Results/Podomys_floridanus/projections/PaleoClim/-15000/RUN_1.asc
ncols         385
nrows         252
xllcorner     -91.50013924285
yllcorner     25.49986064915003
cellsize      0.041666666500000005
NODATA_value  -9999
[rows 216 to 242 of 252, columns 183 to 243 of 385]
8.15032E-2 8.08625E-2 8.12408E-2 8.1356E-2 8.17072E-2 4.42165E-1 4.42392E-1 4.44187E-1 4.45908E-1 4.83568E-1 4.84057E-1 4.86379E-1 4.86883E-1 4.82718E-1 4.84551E-1 4.87152E-1 4.87673E-1 4.88432E-1 4.8475E-1 4.87618E-1 4.89172E-1 4.91225E-1 4.90921E-1 4.89361E-1 4.92206E-1 4.94296E-1 4.96636E-1 4.99253E-1 5.09999E-1 5.12116E-1 5.1372E-1 5.17079E-1 5.10898E-1 5.10344E-1 5.74513E-1 5.66142E-1 5.72457E-1 5.69636E-1 5.65202E-1 5.56973E-1 4.91963E-1 4.99852E-1 4.94256E-1 4.95413E-1 4.90529E-1 4.75445E-1 4.80275E-1 4.78715E-1 4.76861E-1 4.77014E-1 4.75582E-1 4.60247E-1 4.6668E-1 4.62295E-1 4.65425E-1 4.79122E-1 4.72126E-1 4.69292E-1 4.74381E-1 4.72107E-1 4.75678E-1
8.09029E-2 8.09572E-2 8.16771E-2 8.18532E-2 4.42526E-1 4.43987E-1 4.447E-1 4.45992E-1 4.84151E-1 4.85692E-1 4.86702E-1 4.8645E-1 4.83589E-1 4.84598E-1 4.86406E-1 4.86413E-1 4.87435E-1 4.85081E-1 4.86361E-1 4.87376E-1 4.8918E-1 4.86836E-1 4.88645E-1 4.89159E-1 4.91228E-1 4.93557E-1 5.04471E-1 5.06581E-1 5.09498E-1 5.12555E-1 5.14709E-1 5.09595E-1 5.74536E-1 5.74247E-1 5.66418E-1 5.67654E-1 5.67351E-1 5.69571E-1 5.70066E-1 5.67722E-1 5.58329E-1 5.54749E-1 5.49222E-1 5.46138E-1 5.42355E-1 4.82077E-1 4.79803E-1 4.77483E-1 4.81026E-1 4.8293E-1 4.79574E-1 4.76625E-1 4.76144E-1 4.77948E-1 4.75404E-1 4.74665E-1 4.7877E-1 4.75703E-1 4.75709E-1 4.77664E-1 4.78678E-1
8.09878E-2 8.13942E-2 4.42127E-1 4.44305E-1 4.44071E-1 4.44061E-1 4.82384E-1 4.85468E-1 4.85731E-1 4.85976E-1 4.83615E-1 4.831E-1 4.83868E-1 4.84621E-1 4.8326E-1 4.8352E-1 4.84544E-1 4.8506E-1 4.87911E-1 4.83719E-1 4.85251E-1 4.86548E-1 5.02778E-1 5.04643E-1 5.05212E-1 5.01845E-1 5.03939E-1 5.07737E-1 5.09889E-1 5.05324E-1 5.70892E-1 5.72857E-1 5.73956E-1 5.68228E-1 5.6765E-1 5.69943E-1 5.61554E-1 5.62427E-1 5.61596E-1 5.59143E-1 5.58186E-1 5.56659E-1 5.52081E-1 5.49446E-1 5.45832E-1 5.45931E-1 5.43835E-1 4.79807E-1 4.79555E-1 4.77987E-1 4.74829E-1 4.82553E-1 4.72057E-1 4.75342E-1 4.78883E-1 4.78368E-1 4.80469E-1 4.79478E-1 4.84352E-1 4.81262E-1 5.34455E-1
8.1473E-2 8.15283E-2 4.44354E-1 4.44599E-1 4.44344E-1 4.83962E-1 4.84464E-1 4.85727E-1 4.85721E-1 4.83096E-1 4.83601E-1 4.83858E-1 4.8616E-1 4.82699E-1 4.8294E-1 4.85792E-1 4.86308E-1 4.86826E-1 4.82624E-1 4.97715E-1 4.99281E-1 5.00869E-1 4.96734E-1 5.0019E-1 5.01791E-1 5.03178E-1 5.05048E-1 5.00499E-1 5.66931E-1 5.68623E-1 5.70575E-1 5.73475E-1 5.67891E-1 5.67598E-1 5.67017E-1 5.61261E-1 5.62763E-1 5.63028E-1 5.63241E-1 5.61027E-1 5.58149E-1 5.56921E-1 5.45652E-1 5.39387E-1 5.39864E-1 5.51373E-1 5.46195E-1 5.44366E-1 5.42785E-1 5.42535E-1 5.40331E-1 5.38095E-1 5.41654E-1 5.36124E-1 5.35798E-1 4.72019E-1 4.82759E-1 4.7858E-1 8.23948E-1 5.42818E-1 5.37872E-1
8.15974E-2 4.43401E-1 4.43631E-1 4.46287E-1 4.8422E-1 4.84462E-1 4.86506E-1 4.86498E-1 4.8331E-1 4.83556E-1 4.85333E-1 4.85603E-1 4.81168E-1 4.82851E-1 4.82168E-1 4.85677E-1 4.95518E-1 4.96034E-1 4.96809E-1 4.9786E-1 4.92953E-1 4.95842E-1 4.97437E-1 4.99292E-1 5.01391E-1 4.96335E-1 5.62536E-1 5.63796E-1 5.65743E-1 5.70002E-1 5.71694E-1 5.6556E-1 5.66936E-1 5.68436E-1 5.61448E-1 5.61702E-1 5.62655E-1 5.56476E-1 5.54332E-1 5.53821E-1 5.52717E-1 5.5186E-1 5.48811E-1 5.39889E-1 5.45193E-1 5.44845E-1 5.43082E-1 5.41032E-1 5.39217E-1 5.38197E-1 5.3563E-1 5.36298E-1 5.41635E-1 5.42211E-1 5.31757E-1 5.37705E-1 5.37869E-1 5.42784E-1 5.41708E-1 5.42427E-1 5.31709E-1
4.43631E-1 4.45578E-1 4.4509E-1 4.83208E-1 4.84925E-1 4.86443E-1 4.86454E-1 4.82039E-1 4.85251E-1 4.86018E-1 4.80312E-1 4.82848E-1 4.82857E-1 4.84765E-1 4.79808E-1 4.94572E-1 4.95102E-1 4.95873E-1 4.92021E-1 4.92797E-1 4.94112E-1 4.95673E-1 5.60435E-1 5.62661E-1 5.57955E-1 5.59876E-1 5.62077E-1 5.65106E-1 5.66788E-1 5.61779E-1 5.62881E-1 5.66589E-1 5.67731E-1 5.61301E-1 5.63344E-1 5.62791E-1 5.6277E-1 5.57546E-1 5.59201E-1 5.54971E-1 5.51282E-1 5.50157E-1 5.43673E-1 5.38588E-1 5.46505E-1 5.49362E-1 5.47167E-1 5.44852E-1 5.42124E-1 5.42532E-1 5.42609E-1 5.38494E-1 5.37678E-1 5.41252E-1 5.35467E-1 5.36257E-1 5.3591E-1 5.35902E-1 5.36187E-1 5.34545E-1 5.37171E-1
-9999 4.4602E-1 4.85196E-1 4.85695E-1 4.87128E-1 4.81697E-1 4.83456E-1 4.84217E-1 4.8537E-1 4.81957E-1 4.82465E-1 4.82708E-1 4.82964E-1 3.78801E-1 3.79248E-1 3.81248E-1 3.81482E-1 3.77054E-1 3.77935E-1 4.33722E-1 4.34449E-1 4.29763E-1 4.31225E-1 4.32709E-1 4.36424E-1 4.37939E-1 4.33714E-1 4.35439E-1 5.58792E-1 5.62488E-1 5.64441E-1 5.58585E-1 5.61453E-1 5.6287E-1 5.62295E-1 5.62855E-1 5.57346E-1 5.57308E-1 5.52076E-1 5.50074E-1 5.47038E-1 5.42893E-1 5.36553E-1 5.43988E-1 5.43185E-1 5.43279E-1 5.42514E-1 5.40741E-1 5.40931E-1 5.46927E-1 5.44874E-1 5.3324E-1 5.39385E-1 5.41416E-1 5.41156E-1 5.377E-1 5.38076E-1 5.36158E-1 5.39458E-1 5.39399E-1 5.4112E-1
-9999 4.85352E-1 4.85611E-1 4.85854E-1 4.83084E-1 4.83081E-1 4.83574E-1 4.80409E-1 3.6889E-1 3.69554E-1 3.82218E-1 3.78135E-1 3.77903E-1 3.79275E-1 3.81046E-1 3.76178E-1 3.76608E-1 4.32507E-1 4.32988E-1 4.33733E-1 4.28314E-1 4.30495E-1 4.32715E-1 4.34457E-1 4.29019E-1 4.32233E-1 4.34238E-1 4.3598E-1 4.3774E-1 4.3899E-1 4.348E-1 4.3705E-1 4.37821E-1 4.38812E-1 4.33873E-1 4.34114E-1 4.34366E-1 4.29161E-1 4.31224E-1 5.50368E-1 5.45082E-1 5.49876E-1 5.42975E-1 5.39889E-1 5.4653E-1 5.44017E-1 5.44669E-1 5.46662E-1 5.41708E-1 5.3608E-1 5.38746E-1 5.35169E-1 5.36063E-1 5.4355E-1 5.42801E-1 5.4251E-1 5.41153E-1 5.43628E-1 5.43611E-1 5.43057E-1 5.42224E-1
-9999 -9999 4.86513E-1 4.83088E-1 3.70741E-1 3.72243E-1 3.67814E-1 3.68236E-1 3.69588E-1 3.81575E-1 3.77718E-1 3.79024E-1 2.8376E-1 2.83946E-1 2.79841E-1 3.25106E-1 3.25504E-1 3.2632E-1 3.21847E-1 3.23232E-1 3.24039E-1 3.24655E-1 3.2256E-1 3.23215E-1 3.24043E-1 3.2569E-1 3.27122E-1 3.2489E-1 3.26124E-1 3.27374E-1 4.34044E-1 4.36032E-1 4.38867E-1 4.33374E-1 4.33107E-1 4.34903E-1 4.34661E-1 4.28162E-1 4.30462E-1 4.307E-1 5.48694E-1 5.47294E-1 5.4887E-1 5.41103E-1 5.43809E-1 5.43416E-1 5.43001E-1 5.3584E-1 5.41727E-1 5.41945E-1 5.44979E-1 5.42661E-1 5.39179E-1 5.39717E-1 5.40659E-1 5.36967E-1 5.40712E-1 5.38524E-1 5.39347E-1 5.39076E-1 5.38521E-1
-9999 -9999 3.74309E-1 3.71168E-1 3.72501E-1 3.68288E-1 3.80234E-1 3.80452E-1 2.84918E-1 2.81625E-1 2.82853E-1 2.83212E-1 3.24673E-1 3.24865E-1 3.24665E-1 3.25257E-1 3.2157E-1 3.21968E-1 3.21973E-1 3.23506E-1 3.20236E-1 3.21038E-1 3.22065E-1 3.22559E-1 3.24987E-1 3.26445E-1 3.22775E-1 3.24412E-1 3.25433E-1 3.26889E-1 3.2864E-1 3.24527E-1 3.2555E-1 3.27238E-1 3.27878E-1 3.22714E-1 3.23977E-1 4.29191E-1 4.3044E-1 4.23711E-1 4.22697E-1 5.38766E-1 5.53296E-1 5.45052E-1 5.46707E-1 5.4815E-1 5.4546E-1 5.37492E-1 5.38421E-1 5.38734E-1 5.47791E-1 5.45109E-1 5.42393E-1 5.41132E-1 5.42518E-1 5.41238E-1 5.42327E-1 5.41013E-1 5.40738E-1 5.41573E-1 5.41849E-1
-9999 -9999 3.69907E-1 3.7162E-1 2.74228E-1 2.84015E-1 2.84011E-1 2.81592E-1 2.82458E-1 2.82465E-1 2.82635E-1 3.23458E-1 3.2459E-1 3.24781E-1 3.25553E-1 3.20687E-1 3.2108E-1 3.22662E-1 3.23974E-1 3.1932E-1 3.20117E-1 3.20528E-1 3.22929E-1 3.24176E-1 3.19207E-1 3.20822E-1 3.2287E-1 3.24727E-1 3.2065E-1 3.22488E-1 3.23737E-1 3.25508E-1 3.25921E-1 3.21608E-1 3.23277E-1 3.23492E-1 3.23909E-1 3.23547E-1 3.20513E-1 3.20922E-1 3.21329E-1 5.40004E-1 5.46682E-1 5.41799E-1 5.44242E-1 5.52162E-1 5.38054E-1 5.42064E-1 5.43379E-1 5.42355E-1 5.42943E-1 5.40146E-1 5.47896E-1 5.46142E-1 5.46426E-1 5.4685E-1 5.41775E-1 5.44019E-1 5.46145E-1 5.46961E-1 5.45558E-1
-9999 -9999 2.76911E-1 2.833E-1 2.8398E-1 2.84164E-1 2.81741E-1 2.81918E-1 2.82573E-1 3.2797E-1 3.23593E-1 3.24949E-1 3.25243E-1 3.20789E-1 3.20773E-1 3.20572E-1 3.22126E-1 3.22543E-1 3.18368E-1 3.20131E-1 3.20732E-1 3.21558E-1 3.17315E-1 3.19298E-1 3.20332E-1 3.21087E-1 3.22944E-1 3.20305E-1 3.21951E-1 3.22586E-1 3.24235E-1 3.24365E-1 3.21313E-1 3.22344E-1 3.22562E-1 3.22963E-1 3.22642E-1 3.18988E-1 3.19808E-1 3.20508E-1 3.17058E-1 4.19795E-1 5.47662E-1 5.50176E-1 5.43944E-1 5.44548E-1 5.41785E-1 5.40889E-1 5.45166E-1 5.46314E-1 5.45728E-1 5.45201E-1 5.44067E-1 5.39833E-1 5.4289E-1 5.39746E-1 5.37077E-1 5.48507E-1 5.48549E-1 5.39456E-1 5.3748E-1
-9999 -9999 2.83626E-1 2.83629E-1 2.81861E-1 2.82039E-1 2.82041E-1 3.27149E-1 3.23288E-1 3.23475E-1 3.24623E-1 3.24428E-1 3.20047E-1 3.21799E-1 3.21584E-1 3.21588E-1 3.1695E-1 3.1809E-1 3.1913E-1 3.19745E-1 3.14914E-1 3.16867E-1 3.17897E-1 3.18701E-1 3.19936E-1 3.17084E-1 3.18081E-1 3.19728E-1 3.20768E-1 3.23437E-1 3.1978E-1 3.20606E-1 3.2097E-1 3.21597E-1 3.23464E-1 3.1876E-1 3.1825E-1 3.20528E-1 3.21184E-1 3.21904E-1 3.17403E-1 3.19972E-1 4.24632E-1 5.43575E-1 5.38904E-1 5.48745E-1 5.47938E-1 5.44603E-1 5.41455E-1 5.41846E-1 5.48854E-1 5.48956E-1 5.46467E-1 5.47583E-1 5.47894E-1 8.78476E-1 5.40527E-1 5.42095E-1 5.43124E-1 8.74761E-1 8.75898E-1
-9999 -9999 -9999 2.84614E-1 2.81961E-1 3.26859E-1 3.27259E-1 3.2248E-1 3.24487E-1 3.24496E-1 3.19238E-1 3.20371E-1 3.21223E-1 3.21418E-1 3.1638E-1 3.17712E-1 3.17923E-1 3.18521E-1 3.15048E-1 3.15442E-1 3.15853E-1 3.16448E-1 3.18224E-1 3.13809E-1 3.15631E-1 3.16457E-1 3.19276E-1 3.19708E-1 3.21167E-1 3.17526E-1 3.18342E-1 3.21423E-1 3.21415E-1 3.22258E-1 3.17767E-1 3.19617E-1 3.19351E-1 3.14667E-1 3.20808E-1 3.16052E-1 3.1718E-1 3.19896E-1 3.21446E-1 4.28192E-1 5.49865E-1 5.40507E-1 5.42879E-1 5.42695E-1 5.42398E-1 5.46848E-1 5.46967E-1 5.45684E-1 5.46038E-1 5.44622E-1 8.81492E-1 5.46477E-1 5.44762E-1 5.41057E-1 8.77184E-1 8.77197E-1 8.76988E-1
-9999 -9999 -9999 2.81591E-1 3.26437E-1 3.27332E-1 3.23504E-1 3.239E-1 3.19478E-1 3.20003E-1 3.20208E-1 3.20416E-1 3.20401E-1 3.17121E-1 3.17115E-1 3.17502E-1 3.18443E-1 3.03574E-1 3.03758E-1 3.03939E-1 3.05449E-1 3.0097E-1 3.01551E-1 3.02933E-1 3.0525E-1 3.06459E-1 3.02748E-1 3.03933E-1 3.16839E-1 3.1766E-1 3.19117E-1 3.15076E-1 3.15691E-1 3.17746E-1 3.18574E-1 3.18788E-1 3.1368E-1 3.14489E-1 3.16769E-1 3.17155E-1 3.18341E-1 3.19715E-1 3.19982E-1 4.25629E-1 5.46146E-1 5.4608E-1 5.45115E-1 5.43359E-1 5.41074E-1 5.52368E-1 5.52388E-1 5.52034E-1 5.46979E-1 5.45971E-1 8.78821E-1 5.44698E-1 5.42415E-1 5.39025E-1 5.41847E-1 5.42129E-1 5.39291E-1
-9999 -9999 -9999 3.26936E-1 3.22796E-1 3.23936E-1 3.24145E-1 3.25285E-1 3.20438E-1 3.20422E-1 3.20607E-1 3.21964E-1 3.06587E-1 3.06376E-1 3.07863E-1 3.02784E-1 3.02179E-1 3.04603E-1 3.04793E-1 2.99927E-1 3.00501E-1 3.00897E-1 3.02783E-1 3.03189E-1 3.01016E-1 3.01607E-1 3.03011E-1 3.04602E-1 3.0528E-1 3.01367E-1 3.02551E-1 3.04525E-1 3.16055E-1 3.17097E-1 3.13652E-1 3.1447E-1 3.14493E-1 3.15118E-1 3.15731E-1 3.16971E-1 3.17979E-1 3.19379E-1 3.20548E-1 3.21895E-1 4.27198E-1 5.47917E-1 5.45515E-1 5.43542E-1 5.44087E-1 5.46587E-1 5.48064E-1 5.46195E-1 5.51167E-1 8.82193E-1 8.81576E-1 5.50354E-1 5.47308E-1 5.4368E-1 8.78538E-1 8.76633E-1 8.78365E-1
-9999 -9999 -9999 3.27517E-1 3.23965E-1 3.24881E-1 3.25295E-1 3.20031E-1 3.10698E-1 3.10703E-1 3.05601E-1 3.06486E-1 3.07229E-1 3.07615E-1 3.02139E-1 3.03214E-1 3.0342E-1 3.04307E-1 2.99446E-1 3.00521E-1 3.01105E-1 3.017E-1 2.98141E-1 2.98723E-1 3.00117E-1 3.009E-1 3.03226E-1 2.99546E-1 3.01131E-1 3.01837E-1 3.02827E-1 3.04241E-1 3.01089E-1 3.01956E-1 3.02568E-1 3.02976E-1 3.15049E-1 3.15684E-1 3.12067E-1 3.12699E-1 3.13525E-1 3.14325E-1 3.16142E-1 3.16244E-1 3.17785E-1 4.22466E-1 5.47901E-1 5.43968E-1 5.38407E-1 5.50955E-1 8.83478E-1 5.49531E-1 8.79148E-1 9.25913E-1 8.80322E-1 5.4377E-1 5.41338E-1 8.76865E-1 8.75102E-1 8.81132E-1 9.22583E-1
-9999 -9999 -9999 3.23542E-1 3.14147E-1 3.0922E-1 3.09402E-1 3.10103E-1 3.05938E-1 3.05925E-1 3.07226E-1 3.06619E-1 3.07526E-1 3.03341E-1 3.03327E-1 3.03117E-1 3.04608E-1 2.99825E-1 3.00204E-1 3.00587E-1 2.97028E-1 2.97022E-1 2.97615E-1 2.98193E-1 3.00682E-1 2.96438E-1 2.97806E-1 2.99206E-1 3.00408E-1 3.02059E-1 2.9818E-1 2.99566E-1 3.00576E-1 3.01266E-1 3.0304E-1 3.03863E-1 2.98811E-1 2.99805E-1 3.00616E-1 3.12472E-1 3.13329E-1 3.14574E-1 3.16006E-1 3.17623E-1 3.18373E-1 3.19937E-1 4.22985E-1 5.42017E-1 5.38136E-1 5.45024E-1 5.55716E-1 8.84826E-1 8.8349E-1 8.83494E-1 8.82104E-1 8.80439E-1 8.81048E-1 8.80976E-1 8.80966E-1 8.79252E-1 9.26049E-1
-9999 -9999 -9999 3.13952E-1 3.09932E-1 3.10478E-1 3.10649E-1 3.06445E-1 3.06943E-1 3.07145E-1 3.06932E-1 3.02351E-1 3.02817E-1 3.028E-1 3.02802E-1 2.99035E-1 2.99271E-1 2.99272E-1 2.99453E-1 2.95895E-1 2.95887E-1 2.97539E-1 2.98355E-1 2.94129E-1 2.94491E-1 2.97162E-1 2.97068E-1 2.9935E-1 3.00365E-1 2.96696E-1 2.98563E-1 2.99563E-1 3.00975E-1 2.97096E-1 2.97412E-1 2.99168E-1 2.98125E-1 3.00494E-1 3.0139E-1 3.02412E-1 3.14107E-1 3.15185E-1 3.17078E-1 3.18322E-1 3.1916E-1 3.20152E-1 3.20355E-1 4.2533E-1 5.44369E-1 5.52712E-1 8.80811E-1 8.80916E-1 9.26292E-1 8.80455E-1 9.2932E-1 8.84816E-1 9.29233E-1 9.27884E-1 8.82466E-1 9.26479E-1 9.305E-1
-9999 -9999 -9999 3.09862E-1 3.10381E-1 3.15196E-1 3.06375E-1 3.05953E-1 3.06616E-1 3.07316E-1 3.02631E-1 3.02422E-1 3.0374E-1 2.98496E-1 2.9887E-1 2.9995E-1 3.00355E-1 3.00361E-1 2.95528E-1 2.95317E-1 2.96566E-1 2.92934E-1 2.92729E-1 2.94583E-1 2.95367E-1 2.9657E-1 2.97768E-1 2.93535E-1 2.95608E-1 2.96801E-1 2.97791E-1 2.95054E-1 2.95122E-1 2.97453E-1 2.97828E-1 2.98231E-1 2.99159E-1 3.00174E-1 3.00488E-1 3.01708E-1 2.98084E-1 3.09859E-1 3.11136E-1 3.13437E-1 3.14698E-1 3.15719E-1 3.16918E-1 3.18099E-1 4.20346E-1 4.24206E-1 8.84402E-1 8.84397E-1 8.83441E-1 9.29146E-1 9.27482E-1 9.26199E-1 9.27424E-1 9.26834E-1 9.27897E-1 9.28062E-1 9.30905E-1
-9999 -9999 -9999 3.0958E-1 3.1087E-1 3.06252E-1 3.0584E-1 3.06914E-1 3.0249E-1 3.02476E-1 3.02475E-1 3.03543E-1 2.98522E-1 2.98701E-1 2.98505E-1 2.99362E-1 2.94738E-1 2.96173E-1 2.95587E-1 2.95572E-1 2.92031E-1 2.92571E-1 2.93146E-1 2.94332E-1 2.90801E-1 2.9162E-1 2.92412E-1 2.93787E-1 2.94785E-1 2.92251E-1 2.93238E-1 2.94056E-1 2.95459E-1 2.9625E-1 2.97976E-1 2.97854E-1 2.94481E-1 2.95275E-1 2.96219E-1 2.97232E-1 2.98767E-1 3.0027E-1 3.01917E-1 3.14251E-1 3.1555E-1 3.16824E-1 3.16573E-1 3.18393E-1 3.19155E-1 3.21797E-1 4.29974E-1 7.75682E-1 8.83231E-1 9.31532E-1 9.31699E-1 9.29995E-1 9.30947E-1 9.30949E-1 9.30094E-1 9.34089E-1 9.32928E-1
-9999 -9999 -9999 -9999 3.05839E-1 3.07367E-1 3.06973E-1 3.02288E-1 3.03581E-1 3.03568E-1 3.03373E-1 2.98997E-1 2.99766E-1 2.99558E-1 2.99358E-1 2.95203E-1 2.95943E-1 2.95536E-1 2.95533E-1 2.91598E-1 2.92289E-1 2.92947E-1 2.88377E-1 2.89343E-1 2.89544E-1 2.911E-1 2.91568E-1 2.88836E-1 2.89818E-1 2.91205E-1 2.92581E-1 2.94144E-1 2.9574E-1 2.91705E-1 2.92112E-1 2.93112E-1 2.93706E-1 2.94712E-1 2.95667E-1 2.9688E-1 2.99608E-1 2.99368E-1 3.03014E-1 3.03138E-1 3.14876E-1 3.16601E-1 3.18521E-1 3.14861E-1 3.16297E-1 3.17209E-1 6.49967E-1 7.79007E-1 8.43908E-1 9.28925E-1 9.29803E-1 9.29226E-1 9.29174E-1 9.28658E-1 9.28353E-1 9.36675E-1 9.32647E-1
-9999 -9999 -9999 -9999 3.07174E-1 3.02318E-1 3.02302E-1 3.01907E-1 3.03362E-1 2.98319E-1 2.99367E-1 2.99173E-1 2.99125E-1 2.95362E-1 2.94763E-1 2.94941E-1 2.96125E-1 2.91144E-1 2.90932E-1 2.9141E-1 2.87302E-1 2.87485E-1 2.87875E-1 2.89486E-1 2.9028E-1 2.86317E-1 2.87282E-1 2.87776E-1 2.90417E-1 2.91605E-1 2.87812E-1 2.93468E-1 2.89868E-1 2.90651E-1 2.92584E-1 2.93394E-1 2.94222E-1 2.95441E-1 2.91597E-1 2.92578E-1 2.93954E-1 2.95305E-1 2.96934E-1 2.98678E-1 2.99993E-1 3.02051E-1 3.14192E-1 3.15715E-1 3.16785E-1 3.17581E-1 3.23781E-1 6.46298E-1 7.19384E-1 8.39642E-1 8.36327E-1 9.32305E-1 9.30153E-1 9.31624E-1 9.32221E-1 9.37805E-1 9.32707E-1
-9999 -9999 -9999 -9999 3.02787E-1 3.03167E-1 3.03167E-1 3.02771E-1 2.99153E-1 2.99323E-1 2.9873E-1 2.98728E-1 2.95101E-1 2.94878E-1 2.95729E-1 2.90855E-1 2.90446E-1 2.91462E-1 2.91466E-1 2.86989E-1 2.86973E-1 2.87786E-1 2.87598E-1 2.83655E-1 2.84225E-1 2.86231E-1 2.87223E-1 2.88396E-1 2.89514E-1 2.86327E-1 2.87778E-1 2.88676E-1 2.90075E-1 2.91064E-1 2.86938E-1 2.8752E-1 2.88515E-1 2.86499E-1 2.87702E-1 2.88724E-1 2.90321E-1 2.95192E-1 2.93299E-1 2.94883E-1 3.00398E-1 2.98049E-1 3.03073E-1 3.15671E-1 3.16772E-1 3.18699E-1 3.17161E-1 3.24062E-1 6.49824E-1 6.50016E-1 7.2126E-1 7.25475E-1 8.43941E-1 8.46318E-1 9.31253E-1 9.36665E-1 9.34946E-1
-9999 -9999 -9999 -9999 3.02972E-1 2.9935E-1 2.98945E-1 2.99141E-1 2.99656E-1 2.953E-1 2.94895E-1 2.94894E-1 2.94981E-1 2.90852E-1 2.90447E-1 2.91554E-1 2.90951E-1 2.85822E-1 2.85998E-1 2.87453E-1 2.87248E-1 2.8215E-1 2.83529E-1 2.83923E-1 2.84512E-1 2.85477E-1 2.87102E-1 2.84145E-1 2.84882E-1 2.85869E-1 2.87238E-1 2.88035E-1 2.85679E-1 2.82334E-1 2.82625E-1 2.83605E-1 2.84993E-1 2.85254E-1 2.8704E-1 2.88289E-1 2.89515E-1 2.86511E-1 2.87688E-1 2.94105E-1 2.91281E-1 2.93024E-1 2.94158E-1 2.96192E-1 2.97506E-1 3.09315E-1 3.12257E-1 3.14244E-1 6.36092E-1 6.37589E-1 7.18829E-1 7.20312E-1 7.24849E-1 7.21214E-1 8.51802E-1 8.57582E-1 8.49954E-1
-9999 -9999 -9999 -9999 3.00367E-1 2.99271E-1 3.00131E-1 2.99929E-1 2.95212E-1 2.95E-1 2.95515E-1 2.95718E-1 2.90538E-1 2.91358E-1 2.91163E-1 2.90999E-1 2.85867E-1 2.87059E-1 2.86679E-1 2.86677E-1 2.82589E-1 2.82381E-1 2.82755E-1 2.82951E-1 2.84157E-1 2.80446E-1 2.81406E-1 2.83148E-1 2.80868E-1 2.81644E-1 2.7795E-1 2.78711E-1 2.80037E-1 2.81017E-1 2.83044E-1 2.82707E-1 2.85163E-1 2.80739E-1 2.82496E-1 2.83764E-1 2.85753E-1 2.86808E-1 2.88434E-1 2.9045E-1 2.91666E-1 2.93462E-1 2.95507E-1 2.97092E-1 2.9741E-1 3.00498E-1 2.96881E-1 3.0789E-1 3.16985E-1 6.40025E-1 7.1554E-1 7.19349E-1 7.19673E-1 7.19316E-1 7.24589E-1 7.30013E-1 7.30335E-1
-9999 -9999 -9999 -9999 -9999 2.96835E-1 2.96444E-1 2.94599E-1 2.95728E-1 2.95718E-1 2.90734E-1 2.91603E-1 2.91015E-1 2.91195E-1 2.90801E-1 2.8651E-1 2.86303E-1 2.8609E-1 2.82386E-1 2.81985E-1 2.81983E-1 2.81967E-1 2.78103E-1 2.78287E-1 2.75046E-1 2.76204E-1 2.77349E-1 2.73698E-1 2.74456E-1 2.75816E-1 2.7819E-1 2.78132E-1 2.8032E-1 2.8092E-1 2.77219E-1 2.78334E-1 2.79508E-1 2.80034E-1 2.82E-1 2.83081E-1 2.85064E-1 2.86542E-1 2.87947E-1 2.89608E-1 2.91453E-1 2.93077E-1 2.95114E-1 2.96728E-1 2.93255E-1 2.95221E-1 2.97275E-1 2.9874E-1 3.01733E-1 6.19426E-1 6.3486E-1 7.10504E-1 7.16235E-1 7.19802E-1 7.23357E-1 7.20997E-1 7.25121E-1
