day_2/Results/Podomys_floridanus/projections/PaleoClim/-15000/RUN_1.asc
ncols         385
nrows         252
xllcorner     -91.50013924285
yllcorner     25.49986064915003
cellsize      0.041666666500000005
NODATA_value  -9999
[rows 0 to 26 of 252, columns 183 to 243 of 385]
1.29467E-4 1.318E-4 1.92744E-5 2.42088E-5 8.78219E-5 3.16937E-5 2.79324E-5 1.59267E-5 1.58935E-5 2.07923E-5 9.69889E-5 9.92756E-5 1.65427E-4 1.46074E-4 1.09114E-4 2.90926E-5 5.45243E-5 1.01444E-4 5.90789E-5 6.37524E-5 9.43271E-5 9.55344E-6 1.22989E-5 6.26105E-6 8.12595E-5 1.617E-5 4.70261E-5 1.07599E-5 5.98248E-5 6.23117E-6 3.01976E-6 4.38737E-5 2.26995E-6 3.46765E-6 1.90077E-5 2.88543E-5 6.07073E-6 1.65583E-5 3.09205E-5 1.76359E-5 1.76694E-5 9.25158E-7 3.99206E-7 1.01159E-7 2.29821E-5 6.37539E-7 2.71539E-7 6.75544E-8 4.02975E-5 9.28834E-5 4.28236E-5 5.45454E-6 3.28347E-5 5.4039E-5 6.23115E-6 9.52185E-6 4.06368E-6 6.18967E-6 4.03917E-5 1.68316E-6 8.16773E-7
1.45777E-4 1.88921E-4 1.65957E-4 1.26814E-4 1.10432E-4 8.59809E-5 2.09702E-5 4.62875E-5 6.06239E-5 9.86896E-5 9.92364E-5 1.34687E-4 1.67955E-4 4.18145E-5 7.18242E-6 3.37584E-5 3.64338E-5 1.2558E-4 1.97292E-5 3.57963E-5 3.14293E-5 9.74066E-6 4.10134E-5 2.88938E-5 9.64875E-6 4.69945E-6 1.67187E-5 3.75595E-5 3.5846E-5 4.6948E-6 4.65651E-6 2.25593E-6 1.08394E-6 1.67322E-6 5.35345E-6 2.18957E-5 1.33636E-5 1.94978E-6 1.93252E-6 2.25386E-6 1.52436E-5 1.67238E-6 1.23105E-6 2.74634E-7 2.96863E-6 1.45651E-7 3.47863E-7 1.46831E-7 6.08231E-5 8.13584E-5 5.40516E-6 6.169E-5 2.86866E-5 2.35286E-5 4.6812E-6 3.53435E-5 5.29309E-5 3.99936E-6 5.06979E-7 2.59247E-6 7.12473E-6
5.29543E-5 4.63844E-5 1.23943E-5 6.60175E-5 7.47983E-5 7.42395E-5 6.41029E-5 7.682E-5 2.47656E-5 2.16817E-5 3.69136E-5 2.45162E-5 1.82014E-5 1.85829E-6 4.65198E-6 2.51153E-5 5.55396E-5 1.55725E-5 1.41293E-5 1.91036E-5 5.60361E-5 5.35864E-5 7.08354E-5 4.90555E-5 7.30801E-5 2.53893E-5 2.90372E-5 1.63756E-5 3.10226E-5 3.5614E-5 5.41026E-6 3.48802E-6 3.02271E-6 1.76279E-5 4.64974E-6 1.44353E-5 6.92504E-6 1.5323E-5 1.6567E-6 2.19492E-5 8.66881E-6 1.06134E-6 3.47078E-7 1.14038E-5 8.19744E-7 1.30551E-7 1.40735E-6 3.10794E-7 4.04658E-5 2.87899E-5 3.53067E-6 5.75322E-5 5.32985E-6 6.17111E-6 2.30123E-5 2.61596E-5 1.43243E-6 4.48082E-7 1.19571E-5 1.74652E-5 4.00087E-6
1.26021E-5 2.14853E-5 2.12832E-5 4.6453E-5 9.79486E-5 3.30695E-5 5.97226E-5 3.8248E-5 1.12933E-4 1.29904E-4 1.14015E-4 3.22153E-5 1.64088E-5 7.99606E-6 5.491E-5 4.79634E-5 1.10098E-4 9.63061E-7 2.18316E-5 7.18608E-6 3.27315E-5 2.13788E-5 7.18246E-6 1.67566E-5 5.60621E-5 3.78115E-5 1.07523E-4 2.55042E-5 1.07703E-5 8.27845E-6 2.34963E-5 4.05386E-6 2.3408E-5 2.03148E-5 1.93824E-6 1.9182E-6 5.08763E-7 1.51128E-5 1.01885E-7 1.64842E-6 1.51853E-5 2.13396E-7 7.78675E-8 6.12489E-6 8.23139E-6 3.96258E-6 9.99302E-8 4.4648E-7 4.04858E-5 5.38409E-5 3.50313E-5 1.73332E-5 1.42542E-6 6.75446E-6 1.4731E-5 6.30887E-7 1.89502E-6 4.40426E-6 5.88682E-6 1.29122E-5 1.48424E-5
2.88078E-5 3.66249E-5 1.48914E-4 6.19706E-5 5.17096E-6 3.11954E-5 3.25183E-5 4.36602E-5 3.61107E-5 2.61095E-5 1.24868E-4 3.57326E-5 3.82599E-5 8.62127E-5 9.8126E-5 2.99183E-5 6.14446E-5 8.08455E-5 2.9795E-5 1.43573E-5 1.79246E-5 1.70754E-6 6.17766E-6 3.75588E-5 4.30333E-5 5.8599E-5 6.39716E-5 9.49485E-5 2.91159E-5 3.13278E-5 1.46161E-5 2.35517E-5 2.55115E-5 3.5084E-6 8.2059E-7 2.44423E-7 2.13484E-7 1.41784E-6 7.78238E-8 1.65167E-6 1.66659E-6 3.11129E-7 9.08389E-6 2.68794E-5 4.52232E-6 2.71168E-8 5.69295E-7 8.15753E-6 3.07157E-5 1.99911E-5 4.44145E-6 1.48704E-5 3.79954E-6 2.81511E-6 8.9666E-7 1.20827E-6 1.88439E-6 4.36571E-6 9.65906E-6 9.59974E-6 1.93028E-5
1.67204E-4 5.49552E-5 1.2304E-5 5.16235E-6 7.54278E-6 2.46943E-5 7.14641E-5 3.64738E-5 1.24572E-4 7.29108E-5 6.33072E-5 3.98672E-5 1.19476E-5 2.52407E-5 8.87299E-5 5.07327E-5 1.91245E-5 1.06939E-5 2.86735E-5 5.43631E-6 7.88211E-6 2.11448E-6 5.33029E-6 3.7308E-5 4.11831E-5 4.4359E-5 4.92293E-5 1.22426E-4 6.45065E-5 3.78962E-5 1.92788E-5 2.93832E-5 1.76027E-5 1.7569E-5 1.52214E-5 9.1998E-7 8.82948E-8 3.84104E-7 1.80584E-8 3.92996E-6 1.67319E-6 2.59497E-6 9.29795E-7 4.62961E-6 2.6039E-6 7.29619E-7 3.98374E-6 2.99348E-6 3.95449E-6 2.55472E-6 1.89586E-6 9.6086E-6 2.41927E-6 1.61195E-6 2.88703E-6 1.27126E-5 7.57403E-6 1.68724E-5 1.93575E-5 1.45667E-5 1.25386E-5
3.15087E-5 3.12258E-5 1.64844E-5 1.25327E-5 1.17352E-5 6.20071E-5 1.98167E-5 5.13466E-5 2.75292E-5 2.87692E-5 7.76088E-5 5.34673E-5 2.54627E-5 8.84838E-6 3.91748E-6 3.98748E-6 6.16279E-6 2.32321E-5 3.09059E-5 1.10791E-5 9.04755E-5 3.31069E-6 1.4621E-6 8.16924E-6 4.08228E-5 2.36734E-5 6.3749E-5 9.47848E-5 1.07848E-4 3.79804E-5 1.68262E-5 1.53967E-5 1.07367E-6 1.23477E-6 7.14565E-7 7.11659E-7 7.72364E-8 2.3234E-8 6.73855E-8 1.05706E-6 2.22741E-6 2.97144E-6 5.35833E-6 4.64522E-6 2.98457E-6 1.9017E-6 9.08831E-7 2.53213E-6 3.26565E-6 1.39857E-6 2.81095E-6 8.25721E-6 1.39484E-6 1.18421E-6 4.99247E-7 2.19614E-6 1.41904E-6 1.47516E-5 1.67741E-5 4.31128E-6 2.87325E-6
8.32061E-5 7.61833E-5 1.42861E-4 1.47721E-4 2.47158E-5 3.46119E-5 1.49126E-6 1.0226E-5 4.0441E-5 2.84444E-5 6.34334E-6 2.47912E-5 1.95678E-5 9.30775E-6 2.97458E-7 3.56751E-7 1.06285E-6 9.2364E-7 4.50049E-6 1.10024E-5 4.09556E-5 1.01117E-5 2.20822E-5 1.70246E-6 2.0257E-5 5.57171E-5 4.93602E-5 7.31446E-5 6.43092E-5 4.33016E-5 1.68339E-5 1.53236E-5 2.90324E-6 1.06826E-6 1.12836E-7 5.15289E-8 2.96561E-6 1.45382E-7 1.88443E-7 2.58098E-6 7.28289E-7 1.48812E-7 3.42082E-6 2.19766E-6 2.38117E-7 2.67837E-7 1.62221E-6 2.16997E-6 8.96215E-7 8.90377E-7 2.79595E-6 1.60267E-6 1.61225E-6 1.03414E-6 1.64489E-6 3.28488E-6 7.22173E-6 1.26871E-5 9.47501E-6 1.65591E-5 1.65286E-5
2.05129E-5 1.31448E-5 6.08452E-5 7.39603E-5 1.40431E-4 1.70184E-5 1.75743E-5 4.82784E-5 1.98573E-5 7.34364E-6 4.95701E-7 1.52242E-6 7.96302E-7 8.39681E-7 5.03982E-7 9.24592E-7 4.54104E-7 2.99476E-6 1.76613E-5 7.14174E-6 2.22291E-5 4.22866E-5 2.43261E-6 1.25738E-6 2.00764E-5 1.65655E-5 4.28982E-5 7.28891E-5 7.27628E-5 4.92293E-5 1.68877E-5 1.6933E-6 5.00283E-7 1.66574E-6 3.93177E-7 1.27517E-7 3.96254E-6 1.12878E-7 4.95923E-7 1.51923E-5 4.0362E-6 2.9992E-6 6.30891E-7 1.26301E-7 2.0941E-7 3.88479E-7 5.47284E-7 6.27584E-7 3.2379E-6 1.02817E-6 7.87312E-7 2.36752E-7 1.41572E-6 9.79298E-6 1.50934E-5 1.71082E-5 1.28092E-5 1.26311E-5 3.69849E-6 1.08002E-5 2.1722E-5
2.35248E-5 3.02154E-5 1.69442E-5 3.98548E-5 1.9957E-5 2.6004E-5 2.31602E-6 7.85464E-6 1.61414E-5 8.19705E-7 5.71727E-7 7.2453E-7 1.40889E-6 4.23355E-6 7.00557E-7 4.77659E-6 7.59603E-7 1.73539E-5 2.90162E-5 2.61534E-6 1.26528E-5 1.26823E-5 4.90642E-5 8.77184E-6 8.34146E-7 1.23973E-6 2.89767E-5 2.88152E-5 3.124E-5 3.87449E-5 3.76262E-5 1.94223E-5 1.07691E-6 1.1377E-5 6.37605E-6 6.32867E-7 1.57913E-6 3.89024E-7 3.06116E-7 1.19692E-5 5.20721E-6 9.1E-7 8.64568E-8 1.26661E-7 6.25998E-7 6.25324E-7 2.66646E-8 2.4687E-6 1.61281E-6 3.97368E-7 7.41814E-8 5.89973E-8 2.70077E-7 1.90872E-6 2.17141E-5 1.9585E-5 1.37872E-5 1.08601E-5 9.37155E-6 1.07196E-5 1.88595E-5
2.44844E-5 1.44258E-5 1.60274E-6 6.45389E-7 4.86775E-7 9.25929E-7 7.15876E-7 6.8647E-7 3.97279E-7 2.28861E-7 1.83382E-6 1.01853E-6 2.21645E-6 3.19435E-5 1.0313E-5 1.85649E-5 1.14498E-6 5.10543E-7 5.74561E-7 3.35391E-6 1.26295E-5 1.16087E-5 3.21054E-5 1.68573E-6 6.01845E-6 4.66099E-6 2.25167E-6 2.50243E-5 1.67799E-5 1.45422E-5 1.91994E-5 1.68165E-5 8.5688E-6 8.15298E-7 1.28025E-7 4.52832E-8 2.64068E-8 2.38357E-7 1.22733E-6 2.20664E-6 1.93432E-6 5.90729E-8 9.97353E-8 5.51342E-7 1.62645E-7 6.2035E-7 1.80762E-7 9.78732E-8 1.02307E-6 3.52832E-7 6.39928E-7 5.67807E-7 3.02963E-7 4.41277E-7 1.47228E-5 1.09832E-5 1.84783E-6 1.82609E-6 1.0709E-5 2.73312E-6 1.41042E-5
3.69878E-7 4.20011E-7 2.26124E-6 1.07955E-6 4.13532E-6 4.13319E-6 7.42489E-7 3.25215E-6 8.64298E-7 4.53268E-7 2.02779E-6 1.64597E-6 4.51276E-7 2.46524E-5 1.47714E-5 5.21618E-6 1.01604E-6 6.44382E-7 9.80022E-6 6.80901E-6 6.30497E-6 1.2688E-5 3.63667E-5 1.53817E-5 2.21361E-5 6.90858E-6 4.03216E-6 2.17966E-5 1.10177E-5 7.48785E-6 1.26411E-5 1.33444E-5 3.55686E-7 7.64425E-8 2.94545E-6 8.15989E-7 6.69542E-8 8.62971E-8 1.04124E-6 5.92023E-8 1.90306E-6 4.47384E-7 1.86783E-6 8.81754E-8 8.65488E-8 1.1643E-6 1.30508E-7 3.329E-7 6.07166E-7 4.26358E-7 5.23419E-6 5.29292E-6 3.11867E-6 5.22516E-6 4.48877E-6 2.02946E-6 6.85698E-6 1.57317E-6 9.13417E-6 1.21646E-5 1.60748E-5
4.1304E-6 1.01231E-6 1.17499E-5 5.99198E-6 3.97737E-6 5.18012E-7 4.36266E-7 4.22017E-6 1.81714E-6 6.60926E-7 3.48974E-6 2.0417E-6 8.44986E-6 2.24805E-5 1.34055E-5 9.64826E-6 5.88199E-6 3.61457E-7 3.10721E-7 1.42426E-6 6.26637E-6 2.89345E-5 1.94875E-6 7.20048E-6 7.54527E-6 4.56205E-7 8.47799E-6 1.51705E-5 1.24778E-6 2.99335E-6 2.33088E-5 1.53453E-5 2.49171E-7 4.38701E-7 4.01333E-7 9.91779E-8 1.34538E-8 3.89377E-7 6.67574E-8 1.13418E-7 9.09645E-7 8.91981E-7 1.00839E-6 7.26743E-8 4.12137E-7 3.21638E-7 6.67463E-7 1.00563E-6 9.2237E-7 1.24431E-7 7.66176E-7 6.96254E-6 5.07211E-6 6.9019E-6 5.95482E-6 7.89807E-6 1.8042E-6 2.33708E-6 2.05323E-6 1.04647E-5 1.20217E-5
1.37135E-5 1.53932E-5 9.70512E-6 4.64538E-5 2.29007E-5 1.16594E-5 1.73089E-5 3.55021E-5 1.40854E-5 1.50781E-5 4.27041E-5 2.11757E-5 8.91757E-5 4.39824E-5 5.00047E-6 9.80253E-7 4.47208E-7 2.64575E-7 1.0191E-6 1.11616E-6 8.48185E-6 5.09123E-7 3.3456E-6 1.92963E-6 1.22613E-6 2.58345E-6 3.4907E-7 5.61099E-7 3.45584E-6 1.67653E-6 5.34315E-6 1.32362E-5 6.69017E-7 5.29788E-7 1.72113E-7 1.01564E-8 8.64848E-8 8.96579E-7 1.10685E-7 2.19438E-6 1.83815E-6 3.71674E-7 5.24577E-7 1.51174E-7 1.94507E-7 1.93593E-7 3.5997E-7 1.13409E-6 9.16009E-7 1.04309E-6 1.41966E-7 2.42351E-6 1.05477E-5 9.11196E-6 1.04549E-5 1.03939E-5 1.57439E-6 6.87965E-6 2.11177E-6 1.3785E-5 1.19552E-5
1.61869E-5 1.49366E-6 4.04318E-7 6.10902E-6 9.38181E-6 9.49027E-6 1.1032E-5 1.04577E-4 1.64749E-5 1.80068E-5 5.08427E-6 7.72057E-7 1.29853E-5 3.10694E-5 9.66884E-6 1.71264E-6 1.67716E-5 9.88018E-6 3.42689E-6 4.39122E-7 2.13613E-7 1.86813E-7 2.2098E-6 9.66201E-7 1.13532E-7 1.05172E-6 4.0455E-8 4.97824E-7 2.57588E-6 4.62729E-6 2.59622E-6 2.23068E-6 6.71255E-7 2.30624E-7 1.20514E-8 2.34359E-7 1.72552E-7 2.40895E-8 1.02344E-8 2.49614E-6 1.3568E-6 6.69921E-7 5.18564E-7 1.32913E-7 3.15631E-7 1.13092E-7 5.13488E-7 8.35333E-7 1.79557E-6 1.2079E-6 3.49639E-7 1.13748E-6 1.31626E-6 1.97165E-6 2.65005E-6 9.80783E-6 1.82202E-6 6.81534E-6 1.58495E-6 6.68188E-6 1.18036E-5
2.58743E-5 1.11841E-5 4.2194E-6 1.88895E-6 3.48751E-6 1.87988E-6 2.57442E-6 2.42773E-5 3.30011E-5 9.36052E-6 6.7389E-6 1.06295E-6 1.16061E-7 1.2127E-6 5.54356E-6 2.94814E-5 1.14496E-5 1.83703E-6 4.84507E-7 2.4405E-7 3.91378E-7 1.82274E-8 5.50354E-7 1.29031E-7 2.67558E-8 6.30193E-7 7.16326E-7 1.64618E-7 1.21937E-6 1.43064E-6 1.23351E-6 5.22788E-7 1.04514E-7 2.51884E-7 2.00198E-7 1.06997E-7 1.20412E-7 1.07535E-8 2.67583E-7 2.09707E-6 6.72396E-7 2.82052E-7 3.57599E-7 4.03175E-7 6.25677E-7 2.74538E-7 1.65184E-7 5.13397E-7 4.3415E-6 1.17177E-6 7.1348E-7 5.78584E-6 1.80932E-6 1.74837E-6 5.78207E-6 1.02527E-5 1.56676E-6 9.04903E-6 5.93127E-6 7.83271E-6 2.09573E-6
1.2566E-5 2.5205E-5 2.12615E-5 2.24947E-6 1.25058E-7 1.42157E-6 5.99408E-6 2.96507E-6 2.61493E-5 5.26544E-6 1.01598E-6 3.61621E-7 5.2799E-7 1.14503E-7 2.20118E-6 1.2255E-6 9.87121E-6 4.89626E-6 2.42951E-6 2.04474E-6 5.48008E-7 5.64173E-8 1.21309E-8 1.04272E-8 8.63591E-8 9.02341E-7 4.39688E-7 5.94091E-8 3.07286E-7 6.3262E-7 6.60869E-7 2.00113E-7 1.23435E-8 3.39358E-7 2.86821E-7 8.26747E-8 7.18898E-8 1.10463E-8 1.14915E-6 8.5065E-7 5.98639E-7 5.86559E-7 3.14847E-7 5.74541E-7 5.10609E-7 8.09178E-7 1.29722E-7 5.75858E-7 1.11544E-6 4.30479E-6 6.3353E-7 1.49213E-6 7.7972E-6 1.80329E-6 5.7412E-6 8.93063E-6 1.35354E-6 8.80334E-6 1.12079E-5 3.61695E-6 1.82061E-6
1.74671E-6 9.45522E-7 1.46567E-6 2.38599E-6 4.671E-6 6.60714E-6 8.61701E-7 3.65223E-7 1.35575E-5 5.29059E-6 8.52865E-6 7.99982E-6 3.62438E-6 2.58117E-7 5.8121E-7 8.75577E-8 1.04276E-6 3.45567E-7 2.28933E-6 6.80654E-7 1.10887E-7 1.33393E-7 1.53177E-8 3.92483E-8 4.4943E-8 1.82355E-7 1.44007E-7 7.13111E-7 4.11481E-7 3.73286E-7 2.14836E-8 4.60945E-8 1.32791E-7 2.51547E-7 1.85754E-7 3.41157E-7 3.42544E-7 3.85425E-7 9.90201E-8 3.04481E-8 8.48177E-7 6.55196E-7 3.5623E-7 7.29006E-7 1.2751E-6 1.00812E-6 3.11992E-7 6.45756E-7 1.15456E-6 1.93159E-6 1.56833E-6 1.56865E-6 5.91282E-6 5.67636E-6 6.83269E-6 6.79107E-6 1.79783E-6 8.70666E-6 1.28322E-5 3.75953E-6 1.18927E-6
9.13363E-7 3.60988E-6 1.34756E-6 1.85741E-6 3.85864E-7 6.93198E-6 1.3439E-6 5.98321E-8 5.63669E-6 2.95304E-6 1.96955E-6 5.62118E-6 3.60653E-6 1.43839E-6 1.06016E-7 2.19519E-8 9.75764E-8 2.35967E-7 1.12016E-7 1.61421E-7 3.11179E-7 1.24253E-7 1.03065E-8 1.1004E-7 4.5261E-8 2.03303E-8 2.38039E-7 5.24633E-7 1.21102E-7 1.94374E-7 1.78356E-7 1.03634E-8 3.49579E-8 2.02338E-8 1.83932E-7 7.56197E-8 1.61661E-7 2.66096E-7 5.45475E-7 1.31957E-6 4.58485E-7 1.31702E-7 2.75507E-7 2.42576E-7 4.15872E-6 5.69865E-7 1.06863E-5 4.92748E-6 1.34881E-6 2.32153E-6 6.8445E-6 2.70205E-6 5.87752E-6 6.52801E-6 1.02817E-5 6.80995E-6 1.35858E-6 1.28603E-5 9.09976E-6 2.42365E-6 2.7043E-6
1.83729E-5 2.73238E-5 1.09199E-5 3.53791E-7 1.23602E-6 3.57073E-6 5.44988E-8 5.28037E-8 2.97413E-6 1.87431E-7 3.15539E-7 9.30988E-7 2.95493E-6 1.61671E-6 6.86607E-7 1.70932E-8 1.53068E-8 8.68818E-8 1.06624E-8 1.0152E-8 1.01204E-8 1.74087E-8 1.61415E-7 7.54536E-8 3.00726E-8 8.84203E-8 3.6678E-7 5.59097E-7 1.06556E-8 7.63814E-8 1.16034E-7 1.04915E-8 9.73276E-8 8.67313E-8 7.24616E-8 3.8461E-8 3.83654E-8 1.1084E-8 4.29402E-7 1.14305E-6 9.67891E-7 7.26922E-7 6.38728E-6 6.27484E-7 3.95009E-7 3.89863E-7 7.22128E-7 2.94679E-6 2.12119E-5 1.26849E-5 1.45135E-5 1.44407E-5 6.51224E-6 9.98017E-6 7.79013E-6 2.3139E-6 1.0312E-5 1.03415E-5 2.10549E-6 5.88916E-6 2.70664E-6
1.16082E-6 6.10667E-7 5.34543E-7 3.11882E-8 3.73947E-7 1.45992E-6 1.29809E-7 7.01058E-8 5.79314E-6 1.30913E-6 4.6092E-7 1.06505E-6 8.48713E-7 5.66801E-7 5.36697E-7 5.32126E-8 1.06941E-8 1.71172E-8 1.05572E-8 1.03557E-8 1.06941E-8 1.06114E-8 4.44369E-8 5.1352E-8 6.66003E-8 2.5148E-7 4.01114E-7 1.64961E-8 1.0471E-8 2.31955E-8 1.18155E-8 2.79075E-8 1.45328E-7 1.65069E-7 3.55957E-7 1.22889E-6 8.24973E-8 4.50223E-8 8.49812E-7 1.11994E-6 6.4631E-7 3.45932E-7 3.08181E-7 3.93225E-7 1.08145E-5 4.46557E-7 1.00282E-6 1.01002E-6 8.03171E-7 5.83709E-6 8.29328E-6 1.26875E-6 6.44915E-6 6.48637E-6 4.69225E-6 7.8248E-6 6.74989E-6 1.80036E-6 1.03388E-5 3.11964E-6 8.99856E-6
5.93466E-7 6.8323E-7 5.1291E-7 4.9662E-7 2.63262E-6 1.91266E-7 2.71551E-7 1.78993E-7 1.54505E-6 3.71628E-6 1.3162E-6 9.36076E-7 3.40155E-7 1.80737E-8 1.15813E-7 1.71153E-8 1.63578E-8 1.04655E-8 2.78811E-8 1.05776E-8 1.0078E-8 1.00598E-8 3.44227E-8 2.8364E-8 1.73568E-7 1.08611E-8 1.58615E-8 3.20852E-8 1.05672E-8 3.71744E-8 3.48933E-8 4.75571E-7 4.54508E-7 1.89643E-7 5.82096E-7 3.55917E-7 5.09322E-7 2.69705E-7 7.00458E-7 4.38643E-7 5.68723E-7 8.24577E-6 8.37105E-6 9.70393E-6 1.10861E-5 1.26061E-5 1.84931E-5 5.98549E-5 1.58988E-6 1.01875E-6 1.34015E-6 8.95393E-6 2.31675E-6 8.48286E-6 9.17297E-5 1.37288E-5 2.70947E-6 5.85714E-6 1.35588E-5 8.9668E-6 8.98758E-6
1.34314E-6 6.05196E-6 2.84222E-6 2.88302E-6 4.73053E-7 8.06741E-8 2.94048E-7 1.62126E-8 4.03461E-8 1.05065E-8 2.66522E-6 2.91506E-6 4.23203E-7 7.7122E-8 1.74295E-8 1.74274E-8 1.72712E-8 1.02838E-8 4.19496E-8 1.06941E-8 1.05688E-8 2.98797E-8 5.03784E-8 5.98482E-7 5.08321E-8 1.41456E-7 1.07258E-8 1.40158E-8 2.33044E-7 3.87518E-7 2.72172E-7 2.46867E-7 4.01567E-7 3.56004E-7 1.91384E-7 7.09079E-7 1.16937E-6 2.7874E-7 3.9282E-7 7.89843E-7 2.75458E-7 3.46391E-7 3.91123E-7 6.3681E-6 7.19107E-6 5.26909E-6 7.197E-6 5.15463E-5 6.83926E-6 7.97579E-7 1.55763E-6 6.64487E-5 7.81228E-6 1.3485E-6 3.90037E-5 9.13157E-5 1.02871E-5 4.78032E-6 8.91885E-6 1.0262E-5 6.75616E-6
7.48789E-7 2.43003E-6 4.09008E-6 2.77161E-6 1.55842E-6 3.06152E-6 4.12882E-7 2.62624E-8 1.59261E-8 1.63588E-8 1.00098E-7 8.72269E-7 2.03333E-7 1.79079E-8 1.84343E-8 2.11308E-8 1.95984E-8 1.96653E-8 3.37519E-8 1.93841E-8 1.00834E-8 3.4037E-8 5.15948E-8 1.94183E-7 2.19222E-8 3.16583E-7 1.42037E-8 3.98359E-8 2.38233E-7 4.39744E-7 3.45946E-7 7.17886E-7 5.13729E-7 6.51387E-7 1.50192E-7 3.9098E-7 7.06254E-7 8.92675E-7 6.3186E-7 7.94145E-7 3.81539E-6 7.14958E-7 8.95196E-7 1.16659E-6 1.24191E-5 1.24554E-5 1.08815E-5 1.23898E-5 6.71236E-5 1.01609E-6 6.72077E-6 3.45237E-5 1.19275E-5 1.01492E-6 6.67734E-6 5.41016E-6 9.5726E-6 5.49008E-6 5.89666E-6 8.93423E-6 1.10755E-5
1.06419E-6 1.27458E-6 3.36182E-6 1.43912E-6 7.84642E-8 6.49852E-8 4.32102E-8 1.34507E-7 1.84055E-8 1.84851E-8 6.89328E-8 1.95376E-7 1.82126E-7 1.80781E-8 1.36571E-7 5.41908E-8 1.06089E-7 2.08806E-8 2.10077E-8 1.13921E-8 2.96003E-8 4.4854E-8 1.12836E-7 1.74377E-7 4.41657E-7 1.21855E-7 7.93195E-8 5.31217E-8 1.66007E-7 1.67341E-7 3.08181E-7 6.24972E-7 9.25154E-7 2.82681E-7 3.50624E-7 1.00579E-6 1.16557E-6 1.16505E-6 1.15368E-6 1.54902E-6 1.01184E-6 1.00607E-6 2.07126E-6 4.35743E-6 2.98463E-6 7.13923E-6 5.20803E-5 1.42161E-5 4.51244E-5 8.77652E-5 1.57855E-5 6.69742E-5 9.25649E-5 5.88976E-6 8.87192E-6 8.93198E-6 1.17018E-5 3.90676E-5 2.66575E-6 1.10718E-5 1.34893E-5
2.84713E-6 2.39551E-7 1.53575E-6 1.19145E-6 4.08879E-7 6.52063E-7 4.0042E-8 5.33106E-8 1.08047E-7 1.34023E-7 2.24713E-8 2.03795E-7 2.03234E-8 2.03209E-8 1.99648E-8 1.99144E-8 1.33964E-7 3.36251E-8 1.20376E-8 4.05538E-7 8.69952E-8 2.44227E-8 1.2825E-7 5.82564E-7 3.12713E-7 7.40286E-8 1.69527E-7 2.19325E-7 4.12661E-7 4.17728E-8 3.8652E-7 5.55797E-7 1.35351E-6 1.31679E-6 1.20797E-6 1.16632E-7 1.47005E-6 1.33162E-6 5.00146E-7 8.94983E-7 2.08453E-5 2.68294E-6 2.08974E-6 2.44985E-5 5.07294E-6 1.07224E-5 5.17506E-5 1.831E-5 4.54384E-5 5.8747E-5 7.5743E-5 5.84472E-5 5.82446E-5 7.5535E-5 9.80418E-5 9.78992E-5 3.89612E-5 3.94401E-5 8.88855E-6 1.2575E-5 5.80398E-6
7.20655E-7 2.81253E-8 4.23672E-6 8.68739E-7 1.9133E-7 1.90411E-8 2.82718E-7 9.18289E-7 5.1613E-7 3.79506E-8 2.11228E-8 5.86423E-8 2.16478E-8 2.97142E-8 4.55134E-8 1.74073E-7 5.68646E-8 2.22336E-8 1.76978E-8 2.23052E-6 1.29265E-7 6.90638E-8 7.72547E-8 3.56147E-7 5.96155E-7 1.23413E-7 1.47461E-7 7.44722E-7 4.70654E-7 1.73048E-7 1.65722E-7 4.36982E-7 6.98805E-7 5.35186E-6 2.47796E-6 7.30066E-7 1.00475E-6 2.04899E-6 5.91264E-6 4.35114E-6 7.99162E-7 1.42724E-5 5.95615E-5 4.61332E-5 2.8265E-5 4.32978E-6 6.6932E-5 5.97191E-5 4.53395E-5 1.2317E-5 1.41946E-5 6.62138E-5 4.5102E-5 9.26354E-5 7.5832E-5 5.10632E-5 7.49145E-5 4.4558E-5 9.7634E-5 6.71679E-6 7.65717E-6
