day_2/Results/Podomys_floridanus/projections/PaleoClim/-15000/RUN_2.asc
ncols         385
nrows         252
xllcorner     -91.50013924285
yllcorner     25.49986064915003
cellsize      0.041666666500000005
NODATA_value  -9999
[rows 0 to 26 of 252, columns 305 to 365 of 385]
1.70899E-4 1.46626E-4 1.45774E-4 2.09769E-4 9.90427E-5 1.09876E-5 7.6374E-6 1.18618E-5 9.00021E-6 1.55656E-5 1.29299E-5 2.15333E-5 1.90506E-5 2.15699E-5 1.5635E-5 1.2943E-5 1.62748E-5 1.47195E-5 2.43533E-5 2.43632E-5 2.14891E-5 1.89629E-5 1.8987E-5 2.43121E-5 3.10212E-5 3.10463E-5 3.10589E-5 3.10714E-5 3.50567E-5 3.95376E-5 3.95185E-5 3.95533E-5 3.5085E-5 3.95218E-5 5.00108E-5 5.17558E-5 5.36042E-5 5.54284E-5 7.43744E-5 6.87437E-5 7.10861E-5 7.35026E-5 7.59662E-5 1.28345E-4 9.36797E-5 1.43385E-4 9.0391E-5 1.73961E-4 1.12719E-4 1.09457E-4 1.26281E-4 1.11018E-4 1.77126E-4 2.05762E-4 2.23452E-4 1.20881E-4 2.10713E-4 1.9975E-4 2.17589E-4 2.10777E-4 2.48419E-4
2.0344E-5 1.78165E-5 1.88551E-4 1.27851E-4 1.87586E-4 1.64076E-4 8.76336E-6 1.36417E-5 7.80534E-6 9.94419E-6 1.55748E-5 1.47061E-5 2.74533E-5 2.43532E-5 2.1516E-5 2.15071E-5 1.43117E-5 1.66853E-5 2.1489E-5 2.1507E-5 1.29443E-5 1.4677E-5 2.42918E-5 2.14525E-5 2.14613E-5 2.14703E-5 2.43111E-5 2.74374E-5 3.10063E-5 3.94553E-5 4.44623E-5 3.95182E-5 5.07961E-5 5.72549E-5 4.09046E-5 4.7643E-5 6.20411E-5 5.10868E-5 7.67716E-5 6.34984E-5 7.33517E-5 7.59034E-5 1.14637E-4 1.18503E-4 8.71096E-5 9.04708E-5 9.81749E-5 1.88065E-4 1.56895E-4 1.25834E-4 1.10791E-4 1.07571E-4 1.65828E-4 2.0055E-4 2.17247E-4 2.03033E-4 2.43168E-4 2.64024E-4 2.26353E-4 2.75283E-4 2.5993E-4
1.0928E-5 1.04084E-5 8.74952E-6 1.4299E-5 1.29635E-5 3.10897E-5 1.14071E-5 6.33909E-5 6.785E-6 1.28758E-5 1.24845E-5 1.13375E-5 1.42658E-5 1.85285E-5 1.29325E-5 1.89072E-5 2.1471E-5 1.47397E-5 1.89471E-5 1.8963E-5 1.6693E-5 1.66858E-5 2.14255E-5 1.66787E-5 2.14344E-5 2.42498E-5 2.74484E-5 2.14695E-5 2.42599E-5 3.50115E-5 4.43873E-5 4.08629E-5 3.6279E-5 6.13726E-5 4.37938E-5 4.38165E-5 5.09931E-5 5.92707E-5 5.64863E-5 6.54709E-5 6.7691E-5 8.09013E-5 7.52243E-5 7.88829E-5 9.08065E-5 8.82026E-5 1.50921E-4 9.80922E-5 1.02583E-4 1.1081E-4 1.70722E-4 1.65482E-4 2.23493E-4 2.34258E-4 2.5285E-4 2.45045E-4 2.34422E-4 2.8384E-4 2.66859E-4 2.60906E-4 2.79706E-4
7.66137E-6 1.89779E-5 1.67767E-5 1.00192E-5 1.47324E-5 1.67132E-5 1.4695E-5 6.3125E-5 7.80081E-6 9.91003E-6 9.95916E-6 9.94079E-6 1.13481E-5 1.42354E-5 1.66785E-5 9.94672E-6 1.28715E-5 2.42917E-5 2.43113E-5 2.43011E-5 1.66787E-5 1.66574E-5 1.66502E-5 1.66501E-5 1.88984E-5 1.89224E-5 2.42598E-5 2.74353E-5 4.37617E-5 3.93728E-5 4.58985E-5 3.75494E-5 3.75283E-5 3.44904E-5 6.57525E-5 6.5906E-5 4.85656E-5 6.32704E-5 5.21119E-5 5.37854E-5 9.12264E-5 6.68167E-5 8.63008E-5 8.45472E-5 8.84081E-5 1.3498E-4 1.4549E-4 9.30007E-5 1.64386E-4 1.52812E-4 1.86707E-4 1.77775E-4 2.33039E-4 2.01156E-4 2.44737E-4 2.56091E-4 2.75645E-4 2.68039E-4 2.62301E-4 3.10047E-4 3.05601E-4
1.49707E-4 1.251E-4 1.67694E-5 2.75435E-5 2.15161E-5 9.98554E-6 8.69575E-6 6.7889E-6 1.18037E-5 1.35267E-5 1.66218E-5 1.36127E-5 1.46451E-5 8.72284E-6 1.88912E-5 9.94729E-6 1.35172E-5 2.41806E-5 2.4301E-5 2.14249E-5 1.46644E-5 1.46392E-5 1.88501E-5 1.88739E-5 2.13879E-5 2.73789E-5 2.42482E-5 3.09255E-5 3.0938E-5 4.07285E-5 4.22659E-5 3.8819E-5 4.01807E-5 3.57504E-5 6.03991E-5 4.31242E-5 5.02225E-5 5.20289E-5 5.38328E-5 9.13245E-5 1.06616E-4 7.78173E-5 7.58959E-5 7.09546E-5 7.43977E-5 1.46247E-4 1.38265E-4 1.60979E-4 1.74158E-4 1.88164E-4 1.96136E-4 2.12515E-4 2.53519E-4 2.19083E-4 2.66302E-4 2.78444E-4 2.70749E-4 2.91035E-4 2.82721E-4 2.76737E-4 2.59753E-4
1.03691E-5 8.72333E-6 1.67062E-5 2.14892E-5 1.6707E-5 1.66859E-5 6.53439E-5 9.4993E-6 8.68017E-6 1.17997E-5 1.41794E-5 1.2872E-5 1.13245E-5 1.46642E-5 1.66646E-5 1.28667E-5 1.18387E-5 1.66008E-5 2.14068E-5 1.66572E-5 1.66003E-5 1.46264E-5 1.66072E-5 1.88579E-5 1.88413E-5 1.88412E-5 2.13688E-5 2.73655E-5 2.51416E-5 2.9459E-5 4.36495E-5 3.57277E-5 5.35906E-5 3.82926E-5 5.55826E-5 4.4631E-5 5.36864E-5 6.23387E-5 5.7806E-5 8.89725E-5 1.03183E-4 6.75064E-5 7.04226E-5 1.3653E-4 1.32064E-4 1.36908E-4 1.44368E-4 1.73011E-4 1.70451E-4 1.35286E-4 2.08704E-4 2.53796E-4 2.74697E-4 2.6762E-4 2.5043E-4 2.6915E-4 2.9095E-4 2.55989E-4 2.75655E-4 2.35454E-4 2.78652E-4
1.29093E-5 9.98376E-6 1.47133E-5 1.29381E-5 1.28828E-5 1.227E-4 1.35269E-4 1.2889E-5 8.69679E-6 8.94619E-6 1.23872E-5 1.12898E-5 1.28834E-5 1.4633E-5 1.88666E-5 1.55152E-5 1.84277E-5 1.46392E-5 1.8866E-5 1.66356E-5 1.13055E-5 1.45886E-5 1.46073E-5 1.65996E-5 2.71283E-5 3.38215E-5 2.13509E-5 2.50671E-5 2.93962E-5 3.43436E-5 4.15383E-5 4.30834E-5 3.39791E-5 3.96241E-5 4.10597E-5 4.28716E-5 4.44318E-5 5.21393E-5 6.28669E-5 8.56803E-5 1.00904E-4 6.34029E-5 1.08633E-4 1.17619E-4 1.24682E-4 1.34649E-4 1.40989E-4 1.66534E-4 2.26282E-4 1.4715E-4 2.56456E-4 2.47972E-4 2.41482E-4 2.62385E-4 2.49401E-4 2.38477E-4 2.33621E-4 2.25643E-4 2.34712E-4 2.28884E-4 2.73558E-4
8.70966E-6 1.29157E-5 1.4664E-5 1.46576E-5 1.08952E-5 1.08559E-5 1.18105E-5 1.12559E-5 1.46142E-5 7.83008E-6 1.41373E-5 1.76881E-5 1.66077E-5 2.02504E-5 1.46142E-5 1.66003E-5 1.2839E-5 1.88419E-5 2.13599E-5 1.88491E-5 1.88005E-5 1.46068E-5 1.65706E-5 1.88083E-5 2.7096E-5 3.50777E-5 3.19581E-5 3.75596E-5 2.69569E-5 4.56825E-5 3.27084E-5 4.4444E-5 4.10205E-5 4.24912E-5 4.26805E-5 4.62749E-5 4.80966E-5 5.63368E-5 5.88147E-5 1.01189E-4 1.05587E-4 1.2755E-4 1.32355E-4 1.27863E-4 1.35496E-4 1.57645E-4 1.70907E-4 2.05224E-4 2.17836E-4 1.43166E-4 2.48884E-4 2.44706E-4 2.37287E-4 2.56504E-4 2.41023E-4 2.34655E-4 2.53231E-4 2.39288E-4 2.57436E-4 2.74317E-4 2.96973E-4
1.13282E-5 1.46766E-5 8.71896E-6 1.08657E-5 1.12849E-5 8.69238E-6 1.2405E-5 1.35109E-5 1.12705E-5 1.28445E-5 9.91735E-6 1.28445E-5 1.66003E-5 1.66214E-5 1.28612E-5 1.28334E-5 1.76345E-5 1.65713E-5 1.88164E-5 1.65777E-5 1.28274E-5 1.87675E-5 2.70977E-5 2.81224E-5 3.09002E-5 3.63467E-5 2.69092E-5 5.04151E-5 3.26516E-5 4.73585E-5 4.906E-5 4.52281E-5 4.23118E-5 4.93253E-5 4.58632E-5 4.81808E-5 5.05196E-5 5.44907E-5 5.70286E-5 1.10277E-4 1.29061E-4 1.3794E-4 1.29305E-4 1.35462E-4 1.30624E-4 1.70307E-4 1.84595E-4 2.21604E-4 2.36908E-4 2.88795E-4 2.45684E-4 2.65342E-4 2.35109E-4 2.78837E-4 2.60181E-4 2.54722E-4 2.2419E-4 2.41082E-4 3.14334E-4 2.45403E-4 2.9114E-4
9.92041E-6 1.28994E-5 1.28943E-5 8.6891E-6 8.67358E-6 9.89507E-6 9.88676E-6 1.3513E-5 1.76495E-5 2.01619E-5 1.65932E-5 1.84682E-5 1.45888E-5 1.65714E-5 1.4601E-5 2.01272E-5 1.53984E-5 1.87766E-5 1.88162E-5 1.45687E-5 1.45561E-5 1.71764E-5 2.28774E-5 2.29209E-5 3.78006E-5 3.3467E-5 4.02841E-5 3.26551E-5 4.92183E-5 5.72694E-5 6.61568E-5 5.30921E-5 6.45717E-5 3.62715E-5 3.80128E-5 5.21934E-5 4.83347E-5 5.69164E-5 6.21494E-5 6.44361E-5 1.24112E-4 1.17625E-4 1.27243E-4 1.19348E-4 1.44387E-4 1.68179E-4 2.47601E-4 2.13395E-4 2.29812E-4 2.5479E-4 2.39504E-4 2.33515E-4 2.29826E-4 2.73714E-4 2.57247E-4 2.5077E-4 2.69501E-4 2.61454E-4 2.5586E-4 2.4057E-4 2.33053E-4
1.13294E-5 1.28775E-5 1.28722E-5 1.12955E-5 9.89113E-6 8.64733E-6 8.6511E-6 1.1266E-5 1.2811E-5 1.28388E-5 1.65784E-5 1.65495E-5 2.01359E-5 2.29343E-5 2.09363E-5 2.01095E-5 1.5419E-5 2.12604E-5 1.65627E-5 2.09355E-5 2.60962E-5 3.07877E-5 3.19786E-5 2.0981E-5 2.78695E-5 3.98571E-5 5.23535E-5 5.08901E-5 5.15951E-5 6.72505E-5 6.31212E-5 6.51898E-5 7.64602E-5 7.90461E-5 7.65724E-5 7.98346E-5 7.5105E-5 5.53304E-5 1.06681E-4 6.28671E-5 7.3399E-5 1.64691E-4 1.39086E-4 1.62062E-4 1.95736E-4 2.02606E-4 2.43573E-4 2.35938E-4 2.5575E-4 2.51138E-4 2.67665E-4 2.83585E-4 2.76076E-4 2.72008E-4 2.63115E-4 3.11297E-4 2.37445E-4 2.54537E-4 2.50543E-4 2.35431E-4 2.54698E-4
1.46079E-5 9.90421E-6 1.12757E-5 1.28223E-5 8.67814E-6 7.57764E-6 9.86102E-6 1.28054E-5 9.85668E-6 1.65423E-5 1.45624E-5 1.60941E-5 2.00738E-5 2.0918E-5 1.45499E-5 2.09355E-5 2.29136E-5 1.65274E-5 2.37772E-5 3.07836E-5 2.91266E-5 3.77369E-5 3.32961E-5 4.43257E-5 3.37028E-5 5.48404E-5 5.13654E-5 6.69867E-5 7.01748E-5 7.29952E-5 6.82873E-5 7.20713E-5 8.29751E-5 8.73464E-5 1.00627E-4 9.42703E-5 9.14576E-5 8.53613E-5 1.15753E-4 1.21349E-4 1.04872E-4 8.55639E-5 1.48458E-4 1.81191E-4 1.90879E-4 1.86517E-4 2.16022E-4 2.57802E-4 2.51077E-4 2.7051E-4 2.9357E-4 3.14792E-4 3.27967E-4 2.91009E-4 2.82531E-4 2.73874E-4 1.92251E-4 2.29634E-4 2.71495E-4 2.91764E-4 2.8296E-4
1.61653E-5 1.61438E-5 9.86952E-6 8.65495E-6 1.6508E-5 1.27941E-5 1.12412E-5 9.85229E-6 8.6245E-6 1.45248E-5 1.28102E-5 1.76038E-5 2.00295E-5 2.60441E-5 2.60782E-5 1.65053E-5 1.65192E-5 2.96508E-5 3.08136E-5 3.19785E-5 3.76542E-5 4.43068E-5 4.72268E-5 5.2612E-5 4.90128E-5 3.26421E-5 6.27914E-5 8.29726E-5 7.45467E-5 7.80346E-5 9.41515E-5 8.77633E-5 8.10935E-5 9.46877E-5 1.1086E-4 1.15774E-4 1.12853E-4 1.16986E-4 1.09374E-4 1.18972E-4 1.42674E-4 1.4985E-4 1.60959E-4 1.73174E-4 2.30033E-4 2.25393E-4 2.44267E-4 2.89968E-4 2.49059E-4 2.69327E-4 2.88568E-4 2.56025E-4 3.03447E-4 2.70212E-4 2.55132E-4 2.72132E-4 2.6537E-4 2.52849E-4 2.42768E-4 2.35472E-4 2.27368E-4
2.03512E-5 2.95751E-5 2.90856E-5 1.76911E-5 1.17561E-5 1.07763E-5 9.85227E-6 8.6361E-6 1.2335E-5 1.12165E-5 1.64982E-5 1.45293E-5 1.75879E-5 2.60093E-5 2.96304E-5 2.6069E-5 2.70417E-5 3.19487E-5 3.42099E-5 3.39764E-5 3.9636E-5 4.16777E-5 4.32442E-5 4.53792E-5 4.55554E-5 6.2175E-5 4.47132E-5 6.12704E-5 7.20925E-5 7.49338E-5 9.85515E-5 1.03647E-4 8.68671E-5 1.04115E-4 1.21773E-4 1.26964E-4 1.37167E-4 1.1609E-4 1.20884E-4 1.16419E-4 1.51389E-4 1.62401E-4 1.59726E-4 2.13053E-4 1.69509E-4 2.24775E-4 2.61405E-4 2.83875E-4 2.79263E-4 2.95778E-4 3.18618E-4 2.51954E-4 2.98427E-4 2.81176E-4 2.87118E-4 2.66014E-4 2.8959E-4 2.79274E-4 2.64514E-4 2.30283E-4 2.23503E-4
2.88364E-5 3.38377E-5 2.96874E-5 3.27727E-5 3.29552E-5 1.53849E-5 1.45124E-5 1.12312E-5 1.27709E-5 1.27764E-5 1.27537E-5 1.45043E-5 1.45167E-5 1.4523E-5 1.71163E-5 1.77814E-5 3.61881E-5 4.26676E-5 4.01737E-5 3.57634E-5 4.18862E-5 4.95362E-5 5.22442E-5 6.08064E-5 5.6607E-5 5.90161E-5 6.22361E-5 8.02422E-5 8.42167E-5 9.16179E-5 8.56778E-5 1.11471E-4 9.47591E-5 1.23475E-4 1.47969E-4 1.39544E-4 1.50847E-4 1.57065E-4 1.4812E-4 1.60241E-4 1.6795E-4 1.63338E-4 1.74977E-4 2.32323E-4 1.78218E-4 1.7535E-4 2.55295E-4 2.76659E-4 2.83251E-4 3.04526E-4 3.8951E-4 3.05348E-4 3.29644E-4 3.49682E-4 3.11468E-4 3.34999E-4 3.13856E-4 2.75059E-4 2.67658E-4 2.6172E-4 2.21308E-4
1.28047E-5 2.61031E-5 3.35692E-5 3.3573E-5 3.36931E-5 2.00471E-5 1.60798E-5 9.83465E-6 1.27653E-5 1.27537E-5 1.12058E-5 1.11813E-5 1.27196E-5 1.50397E-5 1.77491E-5 1.843E-5 2.59945E-5 2.44778E-5 2.97838E-5 5.52676E-5 4.63861E-5 4.64321E-5 5.46326E-5 7.38447E-5 6.77527E-5 6.99734E-5 6.59744E-5 8.61248E-5 9.18517E-5 9.76187E-5 1.02326E-4 1.35862E-4 1.5942E-4 1.55573E-4 1.45527E-4 1.51864E-4 1.63518E-4 1.71347E-4 1.68022E-4 1.75117E-4 1.8808E-4 1.77319E-4 1.91971E-4 2.28449E-4 1.93964E-4 2.34832E-4 2.90167E-4 3.05157E-4 2.71212E-4 2.91083E-4 3.12984E-4 3.38931E-4 3.6337E-4 3.46042E-4 3.34697E-4 3.18595E-4 2.88199E-4 2.71735E-4 2.64142E-4 2.53384E-4 2.41662E-4
1.4524E-5 2.61926E-5 3.07733E-5 3.40165E-5 3.84562E-5 3.45731E-5 2.0029E-5 1.27653E-5 1.27592E-5 1.12009E-5 1.27252E-5 1.53456E-5 1.75219E-5 2.07845E-5 2.47114E-5 2.76234E-5 3.10835E-5 2.88596E-5 3.81164E-5 3.26264E-5 7.04309E-5 5.73331E-5 6.01619E-5 6.97076E-5 7.35958E-5 7.733E-5 8.06384E-5 7.50893E-5 9.84567E-5 1.19522E-4 1.39499E-4 1.67372E-4 1.41825E-4 1.18434E-4 1.58286E-4 1.64703E-4 1.79504E-4 1.69982E-4 2.03229E-4 1.97855E-4 1.68189E-4 1.95056E-4 2.32943E-4 2.05733E-4 2.21306E-4 2.63903E-4 3.46803E-4 3.37734E-4 3.3227E-4 3.17056E-4 3.0912E-4 3.37797E-4 3.621E-4 3.50232E-4 3.43402E-4 3.35507E-4 3.17046E-4 2.74534E-4 2.77208E-4 2.69527E-4 2.27735E-4
1.45105E-5 1.45167E-5 2.11492E-5 3.86837E-5 3.50441E-5 3.89064E-5 1.99843E-5 1.2748E-5 1.27591E-5 1.83214E-5 2.00012E-5 2.07844E-5 2.8015E-5 2.55866E-5 3.1264E-5 2.2736E-5 3.85084E-5 3.43877E-5 2.71038E-5 4.21062E-5 3.5686E-5 4.70154E-5 8.18072E-5 8.56374E-5 9.07776E-5 1.05335E-4 1.23706E-4 1.30149E-4 1.34723E-4 1.31243E-4 1.50585E-4 1.32119E-4 1.36725E-4 1.43987E-4 1.55131E-4 1.621E-4 1.93265E-4 1.83302E-4 1.99001E-4 2.38832E-4 2.28213E-4 2.25058E-4 2.28744E-4 2.50273E-4 2.40169E-4 2.86805E-4 3.11689E-4 3.34265E-4 3.61342E-4 3.58836E-4 3.51618E-4 3.77601E-4 3.55704E-4 3.49859E-4 3.74719E-4 3.64502E-4 3.10034E-4 3.01561E-4 2.83394E-4 2.66377E-4 2.47181E-4
1.27417E-5 1.27307E-5 3.4024E-5 2.40255E-5 3.51806E-5 3.97802E-5 1.75172E-5 2.07964E-5 2.08234E-5 1.45049E-5 1.50758E-5 2.8106E-5 2.95229E-5 3.91764E-5 3.98397E-5 3.90778E-5 3.86744E-5 4.08152E-5 4.31516E-5 4.47701E-5 4.19399E-5 4.89751E-5 7.47722E-5 7.00782E-5 1.07047E-4 1.12592E-4 1.18751E-4 1.11012E-4 1.16263E-4 1.412E-4 1.48336E-4 1.39098E-4 1.50291E-4 1.58095E-4 1.65732E-4 1.98741E-4 1.94322E-4 1.80564E-4 2.41402E-4 2.60751E-4 2.5511E-4 2.69162E-4 2.61289E-4 2.54734E-4 2.677E-4 3.16326E-4 3.43543E-4 3.69645E-4 3.61605E-4 3.90203E-4 3.87062E-4 4.17551E-4 4.4911E-4 4.32669E-4 4.10132E-4 3.94745E-4 3.56478E-4 3.20598E-4 2.97697E-4 2.89974E-4 2.71776E-4
1.44833E-5 9.80777E-6 2.66749E-5 1.27195E-5 3.93293E-5 3.986E-5 1.99921E-5 2.08144E-5 2.08378E-5 1.77547E-5 1.84198E-5 3.34586E-5 3.4827E-5 3.29274E-5 3.90384E-5 4.5208E-5 4.24752E-5 4.86388E-5 5.88532E-5 6.95919E-5 6.49286E-5 6.81335E-5 5.45988E-5 5.25577E-5 6.19376E-5 6.47471E-5 7.89547E-5 9.34833E-5 1.1372E-4 1.20042E-4 1.25322E-4 1.68673E-4 1.60224E-4 1.7184E-4 2.29449E-4 2.39351E-4 2.12145E-4 2.22474E-4 2.63555E-4 2.5563E-4 2.74919E-4 2.46151E-4 2.58339E-4 2.7935E-4 2.98901E-4 3.2664E-4 3.86809E-4 4.96698E-4 4.471E-4 4.37866E-4 4.71792E-4 4.97435E-4 4.8384E-4 4.76047E-4 4.43844E-4 3.91115E-4 3.73609E-4 3.47664E-4 3.38603E-4 3.18859E-4 2.77668E-4
1.27186E-5 3.5122E-5 1.74692E-5 1.44582E-5 3.98005E-5 1.99471E-5 2.3652E-5 2.45798E-5 3.18474E-5 2.3629E-5 3.00473E-5 3.51975E-5 4.16612E-5 4.36187E-5 4.57201E-5 4.30307E-5 5.63314E-5 5.97015E-5 4.95816E-5 5.82939E-5 6.87758E-5 7.95936E-5 8.72859E-5 7.38799E-5 6.8353E-5 8.88553E-5 1.19873E-4 9.22796E-5 1.34627E-4 1.62343E-4 1.95159E-4 2.04495E-4 2.02017E-4 1.92251E-4 2.06381E-4 2.11531E-4 2.08765E-4 2.74466E-4 2.98791E-4 2.54512E-4 2.72572E-4 3.25936E-4 3.22928E-4 3.10959E-4 3.32941E-4 3.91355E-4 3.84081E-4 4.46887E-4 4.41265E-4 4.76112E-4 4.66158E-4 4.59017E-4 4.44438E-4 4.63229E-4 4.39131E-4 4.29256E-4 4.05094E-4 3.8208E-4 3.71938E-4 2.11838E-4 2.03359E-4
1.99646E-5 1.9947E-5 1.82471E-5 1.44445E-5 5.13363E-5 2.29647E-5 1.77075E-5 2.8464E-5 3.36327E-5 2.46338E-5 4.18394E-5 3.87218E-5 4.10075E-5 4.58321E-5 4.29669E-5 5.00286E-5 5.89196E-5 7.16163E-5 6.5961E-5 6.19709E-5 7.5432E-5 7.01667E-5 9.08208E-5 7.75814E-5 4.87677E-5 8.48862E-5 1.13508E-4 1.53605E-4 1.67787E-4 1.77175E-4 1.90269E-4 2.56303E-4 2.42717E-4 2.64558E-4 2.77356E-4 2.43438E-4 2.29729E-4 2.72691E-4 2.66544E-4 3.17304E-4 3.09894E-4 3.69299E-4 3.969E-4 3.47059E-4 4.10716E-4 4.05394E-4 3.90195E-4 4.58065E-4 4.53346E-4 5.1961E-4 4.64388E-4 5.03683E-4 4.88293E-4 5.42229E-4 4.80862E-4 4.71063E-4 4.39013E-4 4.14408E-4 2.44239E-4 2.30352E-4 1.23184E-4
1.99547E-5 1.82219E-5 2.07567E-5 2.16789E-5 2.16712E-5 2.8475E-5 3.04117E-5 3.39479E-5 3.55631E-5 2.28945E-5 3.95236E-5 4.5906E-5 5.39133E-5 5.10183E-5 5.30174E-5 4.70828E-5 5.72243E-5 4.78137E-5 6.33458E-5 9.59955E-5 1.01541E-4 1.07775E-4 1.13399E-4 9.54832E-5 2.9578E-5 1.21372E-4 1.26055E-4 1.37096E-4 1.82505E-4 1.9379E-4 2.10106E-4 2.50984E-4 2.36818E-4 2.3069E-4 3.05053E-4 3.3134E-4 3.18746E-4 1.01592E-4 3.22425E-4 3.44813E-4 3.03003E-4 3.5993E-4 3.54097E-4 4.62258E-4 4.62816E-4 1.33915E-4 1.43668E-4 5.0175E-4 4.95957E-4 5.34861E-4 4.72202E-4 4.97807E-4 5.65957E-4 5.01326E-4 4.90927E-4 4.81312E-4 3.02544E-4 4.52734E-4 2.68743E-4 1.43644E-4 1.33914E-4
2.60725E-5 2.58892E-5 1.31931E-5 2.57517E-5 3.22995E-5 2.09746E-5 3.56861E-5 3.7044E-5 4.3958E-5 2.80752E-5 5.39442E-5 4.81875E-5 5.66046E-5 5.53413E-5 5.55083E-5 5.84597E-5 5.42132E-5 6.37085E-5 7.77096E-5 6.48415E-5 6.783E-5 8.01645E-5 1.21739E-4 8.28165E-5 3.21381E-5 1.1392E-4 1.52618E-4 1.84178E-4 1.99876E-4 2.09677E-4 2.27733E-4 2.20987E-4 1.2794E-4 2.26595E-4 2.47327E-4 2.95087E-4 3.51306E-4 3.72798E-4 3.2828E-4 1.06969E-4 1.11783E-4 1.22071E-4 3.5135E-4 4.1705E-4 4.93996E-4 4.95798E-4 1.62827E-4 5.14714E-4 5.55423E-4 5.8084E-4 6.0596E-4 6.89052E-4 5.57281E-4 5.1267E-4 5.53616E-4 5.19474E-4 3.30721E-4 3.23348E-4 1.68151E-4 1.58572E-4 1.52294E-4
3.51473E-5 2.75476E-5 1.57349E-5 1.85637E-5 3.53912E-5 2.31576E-5 3.93664E-5 3.92688E-5 4.63242E-5 3.35981E-5 4.51574E-5 5.26932E-5 6.19173E-5 6.51104E-5 5.39796E-5 6.37871E-5 7.48413E-5 6.98902E-5 8.15687E-5 8.91469E-5 9.35189E-5 1.26107E-4 9.67621E-5 9.07208E-5 1.19536E-4 1.44682E-4 1.36437E-4 1.80682E-4 1.5964E-4 1.67229E-4 1.81831E-4 1.96368E-4 2.29598E-4 2.48535E-4 2.69144E-4 2.90108E-4 3.12633E-4 3.35281E-4 1.07807E-4 2.36E-4 3.74307E-4 1.37807E-4 2.67694E-4 2.60543E-4 4.57984E-4 5.36258E-4 3.56215E-4 3.84409E-4 5.85025E-4 6.62932E-4 5.10241E-4 1.61307E-4 5.1557E-4 1.81153E-4 3.5511E-4 5.66133E-4 3.57338E-4 1.94006E-4 1.81699E-4 1.72991E-4 1.67105E-4
2.03839E-5 3.37152E-5 2.71025E-5 2.83718E-5 2.29812E-5 2.73712E-5 4.61938E-5 2.97537E-5 4.90596E-5 3.65123E-5 4.25881E-5 5.62102E-5 5.8355E-5 8.8533E-5 5.72392E-5 8.37624E-5 6.50521E-5 7.6869E-5 7.15871E-5 7.5629E-5 8.17373E-5 1.23103E-4 1.16402E-4 1.23508E-4 1.20288E-4 1.41655E-4 4.40802E-5 1.58376E-4 2.14844E-4 2.34444E-4 2.21329E-4 2.16758E-4 2.5762E-4 2.82399E-4 3.33559E-4 3.49452E-4 3.10907E-4 1.13259E-4 3.62987E-4 3.92445E-4 4.24695E-4 4.42092E-4 4.79881E-4 1.59409E-4 4.99323E-4 4.88635E-4 4.77376E-4 4.55169E-4 5.29677E-4 4.75992E-4 3.37492E-4 3.65196E-4 3.78175E-4 5.43729E-4 1.9238E-4 1.8804E-4 3.91276E-4 1.90514E-4 1.98179E-4 1.86233E-4 1.76775E-4
1.85889E-5 3.57181E-5 3.69759E-5 4.3974E-5 3.97985E-5 2.63124E-5 5.48554E-5 5.14904E-5 5.33533E-5 6.28679E-5 7.3478E-5 6.93825E-5 8.14108E-5 9.345E-5 7.88677E-5 7.27292E-5 6.85498E-5 7.21624E-5 1.09767E-4 1.16284E-4 1.1267E-4 1.1731E-4 1.26678E-4 8.33246E-5 1.31211E-4 9.34169E-5 5.0132E-5 5.19059E-5 1.85716E-4 2.78354E-4 2.75679E-4 1.64583E-4 2.53561E-4 1.85993E-4 9.93679E-5 3.20121E-4 3.44645E-4 4.15615E-4 1.20351E-4 1.42846E-4 4.61573E-4 4.97332E-4 4.8824E-4 1.57188E-4 3.70924E-4 5.33011E-4 5.04792E-4 1.68452E-4 5.73947E-4 1.68604E-4 5.36336E-4 1.95576E-4 5.48985E-4 4.02236E-4 4.20375E-4 2.26718E-4 2.36164E-4 2.0961E-4 1.97009E-4 1.66474E-3 1.46802E-3
