day_2/Results/Podomys_floridanus/projections/PaleoClim/-15000/RUN_0.asc
ncols         385
nrows         252
xllcorner     -91.50013924285
yllcorner     25.49986064915003
cellsize      0.041666666500000005
NODATA_value  -9999
[rows 54 to 80 of 252, columns 244 to 304 of 385]
3.01804E-5 3.91624E-5 3.9217E-5 3.42513E-5 2.27662E-5 2.62752E-5 2.60777E-5 1.73254E-5 1.99685E-5 1.99945E-5 1.52582E-5 1.55366E-5 2.28501E-5 2.61729E-5 2.28792E-5 2.28585E-5 2.28459E-5 5.13721E-5 7.73128E-5 6.71532E-5 5.10614E-5 5.08934E-5 3.49428E-5 3.88024E-5 3.04035E-5 3.8616E-5 3.15256E-5 5.69042E-5 5.58855E-5 5.48664E-5 7.02239E-5 6.52656E-5 7.31458E-5 9.30734E-5 1.04201E-4 1.16215E-4 1.29656E-4 1.27626E-4 1.60773E-4 2.01711E-4 2.23828E-4 2.79174E-4 2.7477E-4 3.04159E-4 2.99057E-4 3.88761E-4 4.28345E-4 4.22184E-4 4.15865E-4 5.34612E-4 5.86789E-4 5.7954E-4 5.71328E-4 6.26596E-4 7.18286E-4 6.42533E-4 6.72825E-4 7.36011E-4 7.29582E-4 8.80271E-4 8.3413E-4
3.00154E-5 3.01106E-5 3.52013E-5 5.1339E-5 2.99128E-5 2.3387E-5 4.47562E-5 2.98436E-5 2.26918E-5 2.04068E-5 2.29349E-5 2.5992E-5 2.2871E-5 2.62343E-5 3.0022E-5 3.89917E-5 3.43247E-5 4.48876E-5 6.74309E-5 7.90098E-5 7.6776E-5 5.84307E-5 5.82643E-5 5.08631E-5 3.86863E-5 3.37413E-5 4.34763E-5 3.83123E-5 4.2997E-5 5.40777E-5 5.72432E-5 7.31915E-5 7.20952E-5 9.15634E-5 1.22719E-4 1.29607E-4 1.27649E-4 1.60546E-4 1.78718E-4 1.98426E-4 2.6066E-4 2.88852E-4 3.19247E-4 3.95191E-4 3.89118E-4 4.49629E-4 4.94462E-4 5.42721E-4 6.24957E-4 5.52793E-4 5.45111E-4 6.63841E-4 5.91981E-4 7.51583E-4 7.43016E-4 7.36139E-4 8.04427E-4 7.63475E-4 9.19035E-4 8.72783E-4 7.92462E-4
2.27557E-5 3.40793E-5 3.00833E-5 3.94367E-5 3.9526E-5 2.98553E-5 3.4378E-5 5.12656E-5 2.97875E-5 2.97469E-5 3.43777E-5 3.00927E-5 3.89423E-5 3.43591E-5 3.9355E-5 4.50357E-5 3.93505E-5 3.43519E-5 5.13889E-5 8.84285E-5 7.8927E-5 8.76444E-5 7.64422E-5 6.67019E-5 5.07659E-5 4.98131E-5 6.38718E-5 5.19219E-5 5.81924E-5 5.72573E-5 7.31915E-5 9.84658E-5 1.09962E-4 1.22792E-4 1.36766E-4 1.72003E-4 1.69552E-4 1.88226E-4 2.09125E-4 2.60749E-4 2.56528E-4 2.84146E-4 3.69813E-4 4.07744E-4 4.48787E-4 5.18634E-4 5.69058E-4 5.03399E-4 5.52881E-4 5.71643E-4 6.26499E-4 6.86056E-4 7.5206E-4 7.4313E-4 7.34972E-4 7.29337E-4 3.49766E-4 8.34517E-4 9.59058E-4 9.11075E-4 8.65585E-4
3.4186E-5 2.98165E-5 3.4093E-5 2.62365E-5 3.93621E-5 4.51509E-5 3.44714E-5 4.0226E-5 3.90837E-5 3.06697E-5 3.43592E-5 3.93942E-5 2.97581E-5 3.43589E-5 4.50812E-5 5.15885E-5 5.1512E-5 5.14352E-5 5.14116E-5 7.70096E-5 7.71838E-5 7.72191E-5 1.00154E-4 9.25557E-5 8.53811E-5 7.31948E-5 8.18104E-5 7.59489E-5 7.44311E-5 7.32412E-5 9.85079E-5 1.10008E-4 1.22599E-4 1.36549E-4 1.52173E-4 1.50019E-4 2.12185E-4 2.47786E-4 2.74769E-4 2.70336E-4 2.98566E-4 3.70074E-4 3.64288E-4 4.2126E-4 4.64156E-4 5.96119E-4 5.27522E-4 2.51948E-4 7.37903E-4 7.28499E-4 7.18643E-4 7.10053E-4 7.76196E-4 7.69577E-4 6.01907E-4 4.03374E-4 6.88516E-4 1.10293E-3 9.52815E-4 9.44814E-4 8.99136E-4
5.12423E-5 5.12424E-5 3.91044E-5 3.41062E-5 2.61989E-5 3.00243E-5 3.43124E-5 3.43091E-5 4.50401E-5 3.93905E-5 3.00326E-5 3.92835E-5 3.90091E-5 4.49539E-5 5.15119E-5 5.15351E-5 4.49426E-5 4.49013E-5 4.00039E-5 5.12335E-5 6.71551E-5 7.7045E-5 7.11607E-5 9.25248E-5 1.09191E-4 1.21715E-4 1.19039E-4 1.32801E-4 9.50855E-5 9.34289E-5 1.24925E-4 1.39148E-4 1.36744E-4 1.52263E-4 1.69173E-4 1.98275E-4 2.19952E-4 2.74215E-4 3.57835E-4 4.42695E-4 4.35634E-4 4.28025E-4 4.9438E-4 5.42919E-4 5.35275E-4 5.27413E-4 6.73775E-4 7.37902E-4 2.8636E-4 7.51698E-4 7.43381E-4 8.1222E-4 8.03932E-4 8.79012E-4 3.65748E-4 9.10939E-4 1.04549E-3 9.94123E-4 9.87593E-4 1.02988E-3 4.74506E-4
4.02231E-5 3.51455E-5 4.02046E-5 3.51136E-5 3.4088E-5 3.89035E-5 2.97016E-5 2.61607E-5 3.92299E-5 4.49331E-5 4.5035E-5 4.46404E-5 3.92792E-5 4.49483E-5 5.14352E-5 5.14581E-5 5.14581E-5 4.48749E-5 4.48337E-5 4.47864E-5 5.11783E-5 7.4957E-5 6.94337E-5 7.75547E-5 1.00583E-4 1.19134E-4 1.5092E-4 1.67787E-4 1.8671E-4 2.18183E-4 1.88456E-4 1.85007E-4 2.05187E-4 2.01831E-4 1.9823E-4 2.20078E-4 2.74216E-4 3.57835E-4 3.51834E-4 3.88477E-4 5.0213E-4 5.78325E-4 5.69886E-4 5.6075E-4 6.1471E-4 7.04668E-4 6.95749E-4 7.61021E-4 7.52318E-4 3.76208E-4 8.49699E-4 8.40955E-4 7.25002E-4 4.2132E-4 4.59689E-4 1.1404E-3 1.03896E-3 1.13037E-3 8.50708E-4 5.17985E-4 5.40012E-4
5.16176E-5 5.16409E-5 4.51425E-5 4.0219E-5 3.50784E-5 4.45598E-5 3.434E-5 3.89349E-5 3.3943E-5 2.6108E-5 4.48667E-5 4.49684E-5 4.4948E-5 4.48813E-5 5.14112E-5 5.13578E-5 5.13806E-5 5.1404E-5 4.57074E-5 5.13025E-5 4.73807E-5 6.0571E-5 7.73316E-5 8.64198E-5 9.62435E-5 1.0935E-4 1.55735E-4 1.44377E-4 1.16398E-4 1.66169E-4 1.84482E-4 2.31696E-4 2.56732E-4 2.99301E-4 2.79481E-4 3.24884E-4 3.58374E-4 3.51969E-4 4.07986E-4 5.024E-4 5.18152E-4 5.68723E-4 7.27054E-4 7.95366E-4 8.1968E-4 7.27499E-4 7.18882E-4 7.86024E-4 6.13511E-4 8.86988E-4 4.25503E-4 7.25218E-4 7.18503E-4 4.3721E-4 8.1885E-4 1.13072E-3 1.18062E-3 5.42871E-4 5.91276E-4 5.64185E-4 5.87612E-4
3.93013E-5 3.93547E-5 5.14949E-5 5.90406E-5 4.50966E-5 3.50585E-5 3.93148E-5 4.01051E-5 4.45549E-5 4.4494E-5 3.92209E-5 4.48811E-5 3.91977E-5 3.91977E-5 4.48339E-5 4.48541E-5 5.12796E-5 5.8794E-5 5.12811E-5 6.55818E-5 7.89218E-5 7.7281E-5 6.63286E-5 8.43243E-5 9.40194E-5 9.39826E-5 1.52283E-4 1.49585E-4 1.6617E-4 1.63122E-4 1.81485E-4 2.01423E-4 2.52174E-4 3.30393E-4 4.83821E-4 4.74417E-4 4.65851E-4 4.56988E-4 5.27321E-4 5.78723E-4 6.64758E-4 7.27691E-4 6.73579E-4 6.64772E-4 7.27247E-4 7.51422E-4 8.21014E-4 8.98307E-4 3.89031E-4 4.43952E-4 1.0545E-3 4.59607E-4 4.5631E-4 5.46679E-4 9.33049E-4 9.72394E-4 5.91636E-4 6.16279E-4 5.87961E-4 6.40025E-4 6.10439E-4
2.99645E-5 3.92831E-5 3.42898E-5 3.91855E-5 5.13948E-5 5.14415E-5 5.1488E-5 4.5009E-5 4.49683E-5 3.91979E-5 4.48808E-5 4.48339E-5 3.91387E-5 4.48132E-5 5.12566E-5 5.1326E-5 5.12479E-5 7.09422E-5 6.56526E-5 7.33677E-5 7.74979E-5 9.872E-5 1.10095E-4 1.02244E-4 9.3943E-5 1.27102E-4 1.49496E-4 1.8822E-4 1.84712E-4 2.05271E-4 2.56985E-4 2.99055E-4 3.3071E-4 3.65038E-4 4.22434E-4 5.46315E-4 6.71503E-4 6.90703E-4 6.77135E-4 6.65584E-4 7.62224E-4 7.4917E-4 7.71482E-4 8.44457E-4 8.32418E-4 9.5014E-4 9.37754E-4 1.06761E-3 4.8944E-4 1.10238E-3 4.79691E-4 3.95719E-4 5.6953E-4 5.95168E-4 6.2114E-4 6.74403E-4 6.43331E-4 6.69486E-4 6.66681E-4 6.95228E-4 6.64815E-4
4.46002E-5 2.99341E-5 2.99339E-5 2.99475E-5 2.98763E-5 2.98895E-5 3.91268E-5 5.1311E-5 4.4854E-5 3.91565E-5 4.48133E-5 4.47862E-5 3.90796E-5 4.47452E-5 4.4786E-5 5.86247E-5 6.20058E-5 6.93897E-5 7.32682E-5 8.17415E-5 1.03926E-4 1.25656E-4 1.39746E-4 1.55735E-4 1.52478E-4 1.69628E-4 1.88378E-4 1.84712E-4 2.32116E-4 2.90213E-4 3.79936E-4 4.18911E-4 4.10755E-4 5.32627E-4 6.13194E-4 6.00637E-4 6.9055E-4 9.41341E-4 9.63475E-4 9.44087E-4 9.67787E-4 8.57782E-4 8.82206E-4 9.62511E-4 9.50278E-4 1.19376E-3 1.06812E-3 1.16176E-3 1.04681E-3 1.25143E-3 4.5374E-4 5.94897E-4 6.4653E-4 6.74697E-4 7.03393E-4 6.69885E-4 7.28002E-4 6.94163E-4 7.23598E-4 7.54311E-4 7.86025E-4
4.50094E-5 3.49908E-5 3.42232E-5 3.92205E-5 3.0532E-5 3.4875E-5 3.4234E-5 4.47932E-5 4.47457E-5 4.47656E-5 4.4786E-5 5.12013E-5 3.99189E-5 4.46772E-5 5.12108E-5 5.73163E-5 6.06907E-5 7.74003E-5 8.17354E-5 1.03926E-4 1.0158E-4 1.59274E-4 1.55651E-4 1.73208E-4 1.92132E-4 1.88455E-4 2.08898E-4 2.32117E-4 3.43647E-4 3.80212E-4 4.18911E-4 4.83857E-4 5.32709E-4 6.87097E-4 7.88454E-4 8.61445E-4 9.83472E-4 9.62325E-4 9.8665E-4 1.12301E-3 1.2223E-3 1.20154E-3 1.11428E-3 1.21182E-3 8.56073E-4 1.22918E-3 1.05621E-3 8.26625E-4 5.74931E-4 1.29335E-3 6.20308E-4 1.20384E-3 6.42543E-4 7.32108E-4 6.98626E-4 7.57468E-4 7.89476E-4 7.54747E-4 7.86251E-4 8.17707E-4 8.17926E-4
5.14584E-5 4.58931E-5 3.05143E-5 3.91088E-5 3.91619E-5 3.91033E-5 5.12098E-5 4.47655E-5 3.90793E-5 4.4657E-5 5.11776E-5 5.11456E-5 5.11554E-5 4.73074E-5 5.73009E-5 6.40667E-5 7.74142E-5 8.63235E-5 9.62852E-5 1.01528E-4 1.28283E-4 1.42684E-4 1.42131E-4 1.57744E-4 1.88601E-4 2.09021E-4 2.04975E-4 3.05088E-4 3.37259E-4 4.39415E-4 4.83934E-4 5.57594E-4 6.13751E-4 7.88155E-4 1.12379E-3 9.8434E-4 1.12022E-3 1.09836E-3 1.12397E-3 1.22315E-3 1.25259E-3 1.28374E-3 1.54207E-3 1.57905E-3 1.49148E-3 1.33768E-3 9.48898E-4 5.24151E-4 5.70059E-4 1.46427E-3 1.58876E-3 7.62039E-4 7.93843E-4 8.27015E-4 7.89706E-4 8.21009E-4 8.5515E-4 8.9037E-4 8.90604E-4 9.27049E-4 9.64742E-4
5.1381E-5 4.49417E-5 4.48747E-5 4.43757E-5 3.41516E-5 3.40845E-5 3.90437E-5 3.90022E-5 3.90195E-5 3.90018E-5 4.45969E-5 5.4003E-5 5.73263E-5 5.40796E-5 6.53789E-5 7.15707E-5 8.63547E-5 9.61937E-5 1.07119E-4 1.19051E-4 1.12727E-4 1.39153E-4 2.02626E-4 1.5412E-4 2.20481E-4 2.44069E-4 2.70074E-4 3.79285E-4 4.39832E-4 4.30488E-4 5.57163E-4 6.12495E-4 9.84904E-4 1.12287E-3 1.09835E-3 1.12119E-3 1.22253E-3 1.24977E-3 1.41649E-3 1.53683E-3 1.57074E-3 1.54091E-3 1.58029E-3 1.3544E-3 1.53098E-3 1.65929E-3 1.49595E-3 6.52733E-4 6.47691E-4 8.00612E-4 8.67114E-4 8.60018E-4 8.59996E-4 8.95235E-4 8.55636E-4 8.90738E-4 9.27188E-4 9.27436E-4 9.63231E-4 1.00227E-3 1.0024E-3
5.11942E-5 5.11864E-5 5.86871E-5 6.66306E-5 4.47454E-5 3.40634E-5 3.8984E-5 3.90018E-5 4.45966E-5 4.21715E-5 6.50278E-5 4.72274E-5 6.40211E-5 7.72739E-5 8.80972E-5 9.29414E-5 1.15548E-4 1.28393E-4 1.21539E-4 1.32176E-4 1.25203E-4 1.78636E-4 1.98361E-4 1.94938E-4 3.10732E-4 3.20626E-4 3.5382E-4 4.39004E-4 5.07241E-4 4.96746E-4 5.45988E-4 8.79817E-4 1.25435E-3 1.14554E-3 1.24864E-3 1.41706E-3 1.53967E-3 1.92777E-3 1.96467E-3 1.73816E-3 1.95712E-3 1.74429E-3 1.7142E-3 1.68599E-3 1.72909E-3 1.70606E-3 2.10258E-3 2.27599E-3 2.05706E-3 2.03425E-3 2.0183E-3 9.68119E-4 9.6837E-4 9.68499E-4 1.00755E-3 1.04792E-3 1.04819E-3 1.08976E-3 1.09005E-3 1.133E-3 1.13298E-3
2.60147E-5 2.59752E-5 3.89313E-5 5.85975E-5 3.98764E-5 3.47638E-5 3.89066E-5 4.12496E-5 4.36808E-5 6.05149E-5 8.3337E-5 8.79775E-5 7.29578E-5 7.99612E-5 1.09435E-4 1.21747E-4 1.15261E-4 1.8662E-4 1.4213E-4 2.17874E-4 1.88231E-4 1.75284E-4 2.48751E-4 3.27147E-4 3.2008E-4 3.53818E-4 4.0962E-4 5.06364E-4 4.42879E-4 4.86887E-4 7.02338E-4 1.12162E-3 1.42379E-3 1.25017E-3 1.41706E-3 1.78075E-3 2.22499E-3 2.17197E-3 2.20659E-3 2.16193E-3 2.20155E-3 2.07623E-3 2.32981E-3 2.08768E-3 1.87394E-3 1.92678E-3 1.90418E-3 2.33479E-3 2.30848E-3 2.28398E-3 1.05501E-3 1.00799E-3 1.09659E-3 1.14005E-3 1.1849E-3 1.18505E-3 2.00741E-3 1.22872E-3 1.27625E-3 1.27642E-3 1.2218E-3
3.04358E-5 3.40324E-5 3.40631E-5 5.10296E-5 5.11318E-5 4.56138E-5 5.36017E-5 5.67554E-5 7.28379E-5 6.75779E-5 1.06353E-4 9.84971E-5 8.14348E-5 1.5072E-4 1.39697E-4 1.18999E-4 1.50056E-4 1.61198E-4 2.29564E-4 2.54264E-4 2.09151E-4 2.62111E-4 3.27255E-4 3.79312E-4 3.29939E-4 4.09589E-4 4.50872E-4 4.63794E-4 5.10445E-4 6.27488E-4 8.99119E-4 1.14445E-3 9.9466E-4 1.64102E-3 1.78186E-3 2.22109E-3 2.49856E-3 2.43946E-3 2.4766E-3 2.42694E-3 2.37784E-3 2.56279E-3 2.61153E-3 2.34558E-3 2.62508E-3 2.58479E-3 2.78127E-3 2.61297E-3 2.49025E-3 2.46319E-3 2.02219E-3 2.02245E-3 2.65788E-3 2.65821E-3 2.75932E-3 2.75966E-3 2.8647E-3 2.63966E-3 2.16561E-3 2.16616E-3 2.24849E-3
4.47175E-5 3.89775E-5 4.46167E-5 4.12581E-5 4.99342E-5 6.90321E-5 9.51388E-5 8.79768E-5 7.13448E-5 9.84033E-5 9.2818E-5 1.10105E-4 1.5869E-4 1.67387E-4 1.86243E-4 1.96441E-4 1.49543E-4 1.83902E-4 1.74467E-4 2.24979E-4 3.51737E-4 3.87817E-4 3.98026E-4 3.71304E-4 4.29532E-4 4.72467E-4 4.63763E-4 5.09589E-4 5.25943E-4 7.2043E-4 1.14361E-3 1.30099E-3 1.63928E-3 1.56546E-3 2.31214E-3 2.49533E-3 2.53528E-3 2.73234E-3 2.67063E-3 2.61874E-3 2.92665E-3 2.97737E-3 2.9218E-3 3.25661E-3 3.4943E-3 3.15368E-3 3.10493E-3 3.17556E-3 3.02811E-3 2.78473E-3 2.88971E-3 2.89007E-3 2.99826E-3 2.99863E-3 2.86628E-3 2.86583E-3 2.97415E-3 2.97488E-3 3.07956E-3 3.19471E-3 3.1951E-3
5.11322E-5 4.72771E-5 5.00244E-5 5.40308E-5 6.37296E-5 5.28825E-5 8.14107E-5 8.63617E-5 9.11757E-5 9.05947E-5 1.0887E-4 1.67385E-4 1.55362E-4 1.72826E-4 2.06565E-4 2.29371E-4 2.41396E-4 2.36398E-4 2.31931E-4 3.272E-4 3.61199E-4 3.98157E-4 3.89579E-4 3.82152E-4 4.95452E-4 4.86065E-4 4.77743E-4 5.25911E-4 7.53773E-4 1.07123E-3 1.30089E-3 1.47553E-3 1.85175E-3 1.72007E-3 2.59526E-3 2.79474E-3 2.73322E-3 2.94358E-3 2.99317E-3 3.52697E-3 3.58295E-3 3.63671E-3 3.89715E-3 3.95759E-3 3.56283E-3 3.50944E-3 3.45644E-3 3.40849E-3 3.14258E-3 3.14211E-3 3.25749E-3 3.25828E-3 3.10688E-3 3.10639E-3 3.22798E-3 3.22236E-3 3.34046E-3 3.4634E-3 3.19682E-3 3.31423E-3 3.31463E-3
6.55039E-5 6.92312E-5 6.40357E-5 6.76377E-5 7.28433E-5 1.12103E-4 1.03802E-4 1.5035E-4 1.22643E-4 1.29241E-4 1.12203E-4 1.72579E-4 1.81946E-4 1.91969E-4 2.12954E-4 2.24456E-4 2.81051E-4 2.7567E-4 3.43751E-4 4.27229E-4 4.18382E-4 4.60123E-4 4.50643E-4 4.42135E-4 4.85958E-4 5.59908E-4 6.15112E-4 7.8765E-4 9.60454E-4 1.09442E-3 1.53439E-3 1.84835E-3 1.58698E-3 1.93089E-3 2.15777E-3 2.84102E-3 2.94621E-3 3.61536E-3 4.01776E-3 3.92437E-3 3.97589E-3 4.40575E-3 4.32321E-3 4.23752E-3 4.16697E-3 3.76423E-3 3.58433E-3 3.40986E-3 3.4097E-3 3.53332E-3 3.25398E-3 3.37302E-3 3.49692E-3 3.49734E-3 3.62346E-3 3.62389E-3 3.46527E-3 3.59048E-3 3.59037E-3 3.72014E-3 3.72058E-3
8.80714E-5 9.30611E-5 8.16206E-5 9.84905E-5 6.98672E-5 6.61147E-5 7.36819E-5 9.87531E-5 1.36635E-4 1.43914E-4 1.60261E-4 1.91578E-4 1.78198E-4 2.24191E-4 2.66853E-4 2.95856E-4 3.2693E-4 4.0743E-4 5.05456E-4 4.93639E-4 4.83313E-4 4.72834E-4 5.8242E-4 5.70365E-4 5.86999E-4 7.18553E-4 7.05133E-4 9.0038E-4 1.2694E-3 1.38258E-3 1.73492E-3 1.48722E-3 1.78104E-3 2.15874E-3 3.12798E-3 3.36756E-3 3.10442E-3 3.37021E-3 4.4598E-3 4.35561E-3 4.81706E-3 4.87326E-3 4.78284E-3 4.53258E-3 4.45669E-3 4.24017E-3 4.02971E-3 3.70803E-3 3.83918E-3 3.66395E-3 3.66338E-3 3.7953E-3 3.93038E-3 3.93084E-3 3.75667E-3 3.7561E-3 3.88957E-3 3.89048E-3 3.72212E-3 3.84787E-3 3.84729E-3
7.55207E-5 6.98846E-5 8.40731E-5 1.01215E-4 1.22801E-4 1.13746E-4 9.29282E-5 9.79617E-5 1.24386E-4 1.68983E-4 1.78273E-4 2.23735E-4 2.08342E-4 2.48385E-4 2.43769E-4 3.4347E-4 4.27228E-4 4.70162E-4 5.17082E-4 5.06301E-4 5.55681E-4 5.44855E-4 5.97697E-4 5.87088E-4 6.73975E-4 7.37934E-4 8.44521E-4 1.02776E-3 1.16931E-3 1.19043E-3 1.95777E-3 2.12211E-3 1.95448E-3 2.64642E-3 2.84472E-3 3.04657E-3 3.13485E-3 3.06419E-3 4.93341E-3 3.74155E-3 5.32208E-3 4.78506E-3 5.10479E-3 4.85113E-3 4.6123E-3 4.38913E-3 4.17332E-3 4.17195E-3 3.97883E-3 4.1191E-3 4.11846E-3 4.26322E-3 4.07251E-3 4.07188E-3 4.21418E-3 4.21466E-3 4.02291E-3 4.16423E-3 4.16362E-3 4.30946E-3 3.98733E-3
1.09864E-4 7.96224E-5 6.9962E-5 8.6973E-5 1.34553E-4 1.86008E-4 1.52108E-4 1.24583E-4 1.38394E-4 2.12237E-4 2.67023E-4 2.19935E-4 2.04676E-4 2.89028E-4 3.20334E-4 4.47689E-4 4.93441E-4 4.82508E-4 5.94931E-4 5.83089E-4 5.70362E-4 5.60204E-4 6.14067E-4 6.73023E-4 7.72626E-4 8.44776E-4 1.0711E-3 1.43838E-3 1.47263E-3 1.76793E-3 1.63778E-3 2.06644E-3 2.4031E-3 2.83867E-3 3.15406E-3 3.37201E-3 3.46983E-3 3.63144E-3 4.00822E-3 5.80774E-3 5.9862E-3 5.38218E-3 5.2792E-3 5.01705E-3 4.76272E-3 4.53495E-3 4.53296E-3 4.32071E-3 4.46924E-3 4.6242E-3 4.26651E-3 4.4042E-3 4.55721E-3 4.55773E-3 4.35611E-3 4.35479E-3 4.50538E-3 4.66102E-3 4.31219E-3 4.46093E-3 4.60545E-3
1.40034E-4 1.29409E-4 9.37584E-5 1.10012E-4 1.17847E-4 1.28631E-4 2.01753E-4 2.12502E-4 1.5427E-4 2.19314E-4 3.09783E-4 3.26979E-4 2.69784E-4 3.36146E-4 4.69976E-4 5.17083E-4 5.06298E-4 5.55681E-4 6.09955E-4 6.69476E-4 5.86529E-4 7.18922E-4 7.05393E-4 8.07179E-4 9.82334E-4 1.11872E-3 1.21845E-3 1.16432E-3 1.36894E-3 2.2911E-3 1.83656E-3 2.18091E-3 2.93941E-3 3.14969E-3 3.49155E-3 3.403E-3 4.10538E-3 4.37369E-3 4.2707E-3 4.17503E-3 4.0294E-3 5.74555E-3 5.45722E-3 5.17768E-3 4.92594E-3 5.09206E-3 4.69293E-3 4.85036E-3 4.62671E-3 4.77437E-3 4.9374E-3 4.56017E-3 4.71562E-3 4.7154E-3 4.87566E-3 4.66346E-3 4.6633E-3 4.81174E-3 4.81278E-3 4.97542E-3 4.76608E-3
2.59875E-4 1.86328E-4 1.72684E-4 1.60454E-4 1.4892E-4 1.4629E-4 1.54078E-4 2.18866E-4 2.04423E-4 2.43013E-4 3.0357E-4 4.26344E-4 3.13535E-4 4.92306E-4 5.42194E-4 5.95162E-4 5.81877E-4 5.70575E-4 4.80342E-4 6.86887E-4 7.51697E-4 8.59976E-4 9.40345E-4 1.02525E-3 1.0078E-3 1.09874E-3 1.38267E-3 1.31373E-3 1.53926E-3 1.90629E-3 2.17905E-3 2.93846E-3 3.25861E-3 3.46546E-3 3.36978E-3 4.07675E-3 4.33521E-3 4.61251E-3 4.54342E-3 4.303E-3 4.29747E-3 5.92481E-3 5.62865E-3 5.352E-3 5.09486E-3 5.25405E-3 5.42996E-3 5.00815E-3 5.17554E-3 4.94004E-3 5.10469E-3 5.10525E-3 5.27633E-3 5.03434E-3 5.03223E-3 5.2012E-3 5.37507E-3 4.97854E-3 5.14468E-3 5.1445E-3 5.31565E-3
3.02333E-4 2.47141E-4 2.02349E-4 2.12901E-4 1.97752E-4 2.08377E-4 2.04185E-4 2.15154E-4 3.03396E-4 2.5128E-4 3.12983E-4 4.91759E-4 4.59856E-4 5.94837E-4 5.55253E-4 6.10185E-4 5.97131E-4 6.55235E-4 6.42589E-4 7.86812E-4 8.99475E-4 7.50075E-4 1.07163E-3 1.05177E-3 1.14752E-3 1.59506E-3 1.99196E-3 1.59995E-3 1.79399E-3 1.86499E-3 2.20804E-3 2.96508E-3 3.48382E-3 3.84562E-3 4.19958E-3 4.33562E-3 4.61386E-3 4.54473E-3 4.30421E-3 4.21297E-3 4.42664E-3 6.11708E-3 5.81484E-3 5.52047E-3 5.7019E-3 5.43144E-3 5.61033E-3 5.17887E-3 5.34919E-3 5.52727E-3 5.26914E-3 5.26692E-3 5.44202E-3 5.62213E-3 5.20448E-3 5.37504E-3 5.5533E-3 5.5539E-3 5.72511E-3 5.4846E-3 5.48381E-3
3.34103E-4 3.09848E-4 2.87777E-4 2.36347E-4 2.19394E-4 1.66799E-4 2.26389E-4 2.50991E-4 2.97485E-4 3.29127E-4 4.5899E-4 4.28633E-4 5.5435E-4 6.0939E-4 6.37989E-4 7.8308E-4 6.87651E-4 6.73417E-4 7.38578E-4 7.0266E-4 7.83197E-4 9.28613E-4 1.10026E-3 1.38199E-3 1.14029E-3 1.79988E-3 1.65887E-3 1.62826E-3 1.93258E-3 2.29002E-3 2.70168E-3 3.28552E-3 3.94287E-3 4.20002E-3 3.936E-3 4.60713E-3 4.95197E-3 4.68864E-3 4.57552E-3 4.4291E-3 4.20515E-3 5.80393E-3 5.99273E-3 5.70346E-3 5.88941E-3 5.61184E-3 5.78431E-3 5.78552E-3 5.51973E-3 5.69902E-3 5.88574E-3 5.44546E-3 5.6221E-3 5.80669E-3 5.80794E-3 5.54559E-3 5.72653E-3 5.72631E-3 5.91193E-3 6.10332E-3 6.10461E-3
3.87759E-4 3.59655E-4 3.7792E-4 3.51588E-4 2.89305E-4 2.11606E-4 2.64012E-4 3.12785E-4 3.88402E-4 4.29044E-4 4.71853E-4 5.81339E-4 5.44223E-4 5.33302E-4 6.53869E-4 7.17843E-4 9.78329E-4 8.61164E-4 1.09095E-3 9.65235E-4 7.83966E-4 1.09452E-3 1.18758E-3 1.16203E-3 1.31254E-3 1.56404E-3 1.50792E-3 1.75495E-3 2.36985E-3 2.55048E-3 3.39638E-3 3.97153E-3 4.37189E-3 4.47271E-3 4.17284E-3 4.95391E-3 4.68864E-3 4.57681E-3 4.34198E-3 4.56958E-3 6.30639E-3 5.99503E-3 6.18848E-3 5.89165E-3 6.07009E-3 5.78737E-3 5.9734E-3 6.16713E-3 6.16779E-3 5.88728E-3 6.07699E-3 6.07764E-3 5.79865E-3 5.98592E-3 6.17772E-3 6.17837E-3 6.37562E-3 6.10633E-3 6.10545E-3 6.29926E-3 6.49986E-3
