day_2/Results/Podomys_floridanus/projections/PaleoClim/-15000/RUN_3.asc
ncols         385
nrows         252
xllcorner     -91.50013924285
yllcorner     25.49986064915003
cellsize      0.041666666500000005
NODATA_value  -9999
[rows 0 to 26 of 252, columns 122 to 182 of 385]
6.58414E-5 3.97155E-5 2.83268E-5 2.33958E-5 2.57169E-5 2.16125E-5 2.12538E-5 5.19401E-5 6.68958E-5 8.69773E-5 6.59713E-5 7.02955E-5 3.35171E-5 3.50793E-5 4.17824E-5 4.59364E-5 2.23707E-4 3.35386E-5 4.23516E-5 5.37499E-5 6.29917E-5 5.23278E-5 3.52313E-5 5.30279E-5 8.4792E-5 4.70145E-5 3.17095E-5 2.03125E-5 2.19954E-5 2.84054E-5 3.12458E-5 3.96781E-5 6.36057E-5 5.89287E-5 3.62251E-5 3.67032E-5 2.63165E-5 6.5358E-5 7.40621E-5 4.37411E-5 2.0082E-5 4.27365E-5 6.13028E-5 6.32083E-5 6.62595E-5 4.0764E-5 5.46912E-5 3.86893E-5 7.02773E-5 7.03215E-5 5.47279E-5 4.54195E-5 8.10083E-5 1.02347E-4 8.6299E-5 8.50165E-5 7.27922E-5 6.22721E-5 8.64162E-5 1.35001E-4 1.59968E-4
7.69758E-5 6.58587E-5 4.36747E-5 5.52756E-5 5.02752E-5 4.22043E-5 2.66304E-5 6.56318E-5 5.04296E-5 8.4169E-5 5.05987E-5 5.74331E-5 5.83271E-5 3.51937E-5 4.52637E-5 4.59975E-5 9.25851E-5 6.0232E-5 3.09474E-5 3.61799E-5 4.5194E-5 6.20691E-5 9.8748E-5 6.7199E-5 4.61261E-5 2.30479E-5 1.89909E-5 2.06189E-5 2.6636E-5 3.43874E-5 3.38749E-5 4.64799E-5 5.88332E-5 5.89132E-5 5.89626E-5 5.53863E-5 5.5311E-5 3.84901E-5 1.39574E-5 1.87161E-5 4.26593E-5 6.03253E-5 4.61824E-5 3.94276E-5 7.47186E-5 3.10299E-4 7.73516E-5 6.0219E-5 9.03091E-5 6.03018E-5 5.476E-5 1.03793E-4 1.03901E-4 7.98121E-5 5.31812E-5 6.30981E-5 7.38433E-5 9.47026E-5 3.57467E-4 4.16895E-4 1.83707E-4
7.12351E-5 8.32302E-5 7.69313E-5 6.48971E-5 3.97222E-5 2.79662E-5 2.33533E-5 2.83597E-5 2.38203E-5 3.84959E-5 6.18152E-5 6.60126E-5 6.71526E-5 5.31143E-5 5.82992E-5 6.30616E-5 8.22037E-5 2.65814E-4 7.04542E-5 5.05907E-5 3.56708E-5 5.73572E-5 9.46683E-5 4.47501E-5 2.81886E-5 2.02087E-5 1.67192E-5 3.42994E-5 4.15419E-5 5.60474E-5 4.30277E-5 5.35332E-5 4.96186E-5 5.88179E-5 7.54763E-5 8.955E-5 6.35891E-5 2.28459E-5 2.70593E-5 3.15526E-5 3.75632E-5 3.3122E-5 4.52616E-5 6.00989E-5 5.05876E-5 9.15753E-5 7.14302E-5 9.01204E-5 1.28382E-4 1.4074E-4 7.6122E-5 8.89159E-5 6.40424E-5 4.67772E-5 7.03988E-5 7.62028E-5 8.24227E-5 8.24833E-5 4.22639E-4 1.33471E-4 1.12454E-4
7.13101E-5 7.11975E-5 5.11471E-5 1.09533E-4 7.0188E-5 8.20201E-5 3.29159E-5 2.13395E-5 2.46347E-5 3.0878E-5 1.97752E-5 2.47062E-5 4.45372E-5 5.74302E-5 6.31084E-5 5.83514E-5 6.81799E-5 8.10539E-5 7.6151E-5 5.83727E-5 3.93441E-5 6.31514E-5 9.4871E-5 6.24789E-5 3.32341E-5 2.6625E-5 2.61907E-5 4.21794E-5 5.67615E-5 5.02154E-5 5.025E-5 3.61174E-5 5.87712E-5 4.29935E-5 5.01296E-5 5.88325E-5 2.39568E-5 1.93492E-5 4.7689E-5 3.05788E-5 3.05469E-5 6.49374E-5 6.10469E-5 8.47804E-5 6.71387E-5 9.17088E-5 5.65129E-5 4.73493E-5 5.98643E-5 4.66282E-5 5.1209E-5 7.02357E-5 4.38962E-5 7.71292E-5 3.40421E-4 1.15955E-4 1.25276E-4 1.75378E-4 3.91945E-4 3.39687E-4 8.8067E-5
1.09802E-4 7.70971E-5 5.99387E-5 8.19343E-5 7.48277E-5 7.96351E-5 1.06587E-4 7.84236E-5 9.7433E-5 8.75587E-5 5.3117E-5 4.82824E-5 5.73846E-5 7.37159E-5 7.37969E-5 6.93387E-5 5.39862E-5 8.22553E-5 8.24358E-5 6.42655E-5 9.60516E-5 1.30859E-4 4.4213E-4 5.10329E-4 1.06106E-4 1.00888E-4 8.14542E-5 8.03407E-5 2.4731E-5 2.23932E-5 3.12491E-5 2.83918E-5 4.63374E-5 3.78674E-5 1.76588E-5 4.56209E-5 4.49726E-5 4.77393E-5 8.09553E-5 4.84536E-5 5.55536E-5 9.15846E-5 7.26672E-5 9.30145E-5 9.17085E-5 1.30434E-4 7.97769E-5 3.80312E-5 2.50383E-5 3.18073E-5 3.78733E-5 5.72561E-5 8.47365E-5 7.85261E-5 1.30542E-4 1.15829E-4 3.681E-4 3.98078E-4 2.53844E-4 4.29277E-4 4.64542E-4
8.34052E-5 9.01894E-5 7.02657E-5 6.80217E-5 1.00409E-4 8.50285E-5 3.19996E-4 6.52034E-5 4.90572E-5 4.82952E-5 4.46504E-5 4.52758E-5 5.38497E-5 5.39237E-5 5.83514E-5 7.4957E-5 8.23927E-5 9.6266E-5 1.21463E-4 1.6243E-4 7.41807E-5 5.96074E-5 6.05256E-5 9.50546E-5 1.02829E-4 3.55788E-5 4.4225E-5 7.89216E-5 5.70387E-5 5.26713E-5 4.41971E-5 2.09835E-5 2.54256E-5 6.31505E-5 1.87975E-5 3.3842E-5 5.00779E-5 4.84251E-5 3.36536E-5 8.44768E-5 7.96763E-5 8.60678E-5 1.08564E-4 7.72135E-5 7.72055E-5 7.7335E-5 1.22468E-4 8.61983E-5 7.96976E-5 7.97185E-5 6.29978E-5 1.32208E-4 8.47624E-5 1.20628E-4 2.52636E-4 9.76556E-5 1.28316E-4 3.97319E-4 5.34168E-4 1.23702E-4 5.26747E-4
1.28378E-4 3.35188E-4 1.03961E-4 6.30177E-5 5.90687E-5 3.66357E-4 1.04008E-4 8.105E-5 4.91195E-5 5.30891E-5 6.31115E-5 4.99052E-5 5.9219E-5 7.49412E-5 8.11008E-5 8.91021E-5 1.14215E-4 1.12239E-4 1.21481E-4 1.8351E-4 1.50592E-4 1.31322E-4 6.465E-5 6.86876E-5 3.68629E-4 4.96072E-5 3.782E-5 6.15377E-5 5.6961E-5 5.25716E-5 2.10104E-5 3.16936E-5 1.36143E-4 7.17397E-5 2.43199E-5 5.87945E-5 4.94916E-5 3.52619E-5 6.68963E-5 5.7277E-5 8.737E-5 7.35966E-5 5.72437E-5 4.37469E-5 6.00413E-5 9.88817E-5 7.72983E-5 1.11495E-4 1.13424E-4 2.95626E-4 9.30184E-5 7.25179E-5 4.89251E-5 6.68213E-5 7.12984E-5 6.60678E-5 4.75406E-5 1.05309E-4 3.62595E-4 4.23485E-4 5.7386E-4
1.01891E-4 3.5526E-4 3.77914E-4 7.85045E-5 3.04823E-5 4.88681E-5 6.70681E-5 5.31002E-5 5.74662E-5 6.83053E-5 8.11393E-5 9.62611E-5 8.24574E-5 8.24144E-5 8.91533E-5 1.23149E-4 1.89279E-4 5.78031E-5 1.08559E-4 1.02615E-4 7.31342E-5 6.25373E-5 6.65818E-5 6.66515E-5 9.37111E-5 6.36538E-5 4.09786E-5 6.14572E-5 4.86317E-5 2.98026E-5 3.88921E-5 3.95904E-4 5.76947E-5 2.46603E-5 3.77258E-5 1.35586E-4 1.35979E-4 3.01512E-4 7.48082E-5 6.91053E-5 1.03406E-4 5.82415E-5 5.28936E-5 3.7946E-5 6.5784E-5 6.00918E-5 6.70081E-5 5.21577E-5 8.45728E-5 5.20858E-5 5.20857E-5 5.81071E-5 6.80002E-5 3.8555E-5 4.44704E-5 7.82964E-5 1.07141E-4 8.92319E-5 1.12536E-4 4.4139E-4 1.48119E-4
4.10252E-5 4.10319E-5 3.08426E-5 5.54239E-5 5.13342E-5 3.29502E-5 4.11659E-5 5.3061E-5 7.48905E-5 9.47765E-5 1.12355E-4 1.12425E-4 1.12425E-4 1.12547E-4 1.43713E-4 9.19913E-5 3.74005E-4 1.43734E-4 4.08265E-5 6.32045E-5 9.77907E-5 4.51313E-5 4.79197E-5 6.15992E-5 7.78102E-5 7.90942E-5 4.5769E-5 3.83414E-5 3.27213E-5 3.94931E-5 3.66311E-4 9.62203E-5 2.98344E-5 3.43193E-5 3.88431E-5 3.13038E-5 1.35693E-4 8.76192E-5 6.91631E-5 7.58445E-5 4.96493E-5 7.47099E-5 6.29045E-5 6.69478E-5 4.04291E-5 5.63249E-5 7.24122E-5 7.24501E-5 5.21135E-5 3.79136E-5 6.1794E-5 1.63108E-4 6.91417E-5 6.90838E-5 8.6027E-5 7.85338E-5 1.07197E-4 1.43476E-4 1.62257E-4 4.24729E-5 5.43548E-5
3.55557E-5 5.80332E-5 3.79397E-5 6.18919E-5 6.60336E-5 4.32075E-5 4.97468E-5 6.92512E-5 7.49569E-5 1.02272E-4 9.48256E-5 9.6336E-5 9.63913E-5 1.33258E-4 9.34905E-5 5.50942E-5 1.00963E-4 8.01015E-5 2.27353E-5 2.16084E-5 4.07626E-5 6.64879E-5 4.8008E-5 6.54834E-5 5.60499E-5 6.75823E-5 6.24035E-5 3.04038E-5 3.64732E-5 3.72082E-4 7.05133E-5 2.7096E-5 2.70344E-5 2.77979E-5 2.22534E-5 9.88748E-5 6.40414E-5 5.53954E-5 8.32044E-5 7.70123E-5 6.00049E-5 1.03444E-4 6.39403E-5 5.28069E-5 3.7332E-5 6.68144E-5 6.18886E-5 5.6313E-5 5.20142E-5 5.28599E-5 5.366E-5 2.0307E-4 1.93763E-4 7.4855E-5 7.37394E-5 1.00723E-4 1.24876E-4 5.95463E-5 4.49723E-5 1.00728E-4 1.10951E-4
5.44658E-5 7.4592E-5 5.81772E-5 8.57896E-5 7.70919E-5 7.02469E-5 5.47304E-5 7.60312E-5 7.49448E-5 6.9324E-5 8.76594E-5 1.21356E-4 1.41846E-4 1.5551E-4 8.53103E-5 9.64055E-5 4.77713E-4 1.42088E-4 8.37552E-5 5.1672E-5 2.753E-5 4.77784E-5 5.60351E-5 3.78681E-5 3.22154E-5 5.24169E-5 2.54893E-5 8.45817E-5 3.79714E-4 9.33257E-5 2.57883E-5 2.29828E-5 3.07049E-5 1.70473E-5 3.61247E-5 5.43946E-5 6.57686E-5 8.44898E-5 8.31866E-5 7.01173E-5 9.70823E-5 6.38589E-5 6.88984E-5 3.50365E-5 4.50045E-5 4.87281E-5 4.79889E-5 4.09293E-5 3.78544E-5 5.79659E-5 5.8082E-5 5.45181E-5 2.41225E-4 1.03713E-4 1.21116E-4 1.39383E-4 5.94499E-5 5.75604E-5 1.25346E-4 5.20084E-5 5.02889E-5
3.97454E-5 5.89644E-5 7.47336E-5 3.80146E-5 3.44799E-5 3.97629E-5 5.54826E-5 7.6039E-5 6.51143E-5 6.93312E-5 9.60607E-5 1.0241E-4 1.52815E-4 1.50947E-4 9.79613E-5 7.77887E-5 1.19492E-4 4.79683E-4 3.85002E-5 3.01798E-5 4.1425E-5 3.22581E-5 4.0834E-5 5.2813E-5 3.08357E-5 2.15412E-5 6.14213E-5 9.31849E-5 1.2266E-4 4.77478E-5 2.00249E-5 1.62479E-5 5.21237E-5 9.1421E-5 6.00846E-5 5.62068E-5 7.8124E-5 7.80996E-5 5.12064E-5 5.97113E-5 4.23141E-5 5.02434E-5 3.60645E-5 5.02434E-5 3.84314E-5 3.27241E-5 2.74573E-5 2.33871E-5 4.22024E-5 4.95471E-5 5.8924E-5 6.89927E-5 7.592E-5 9.45936E-5 9.31164E-5 1.25133E-4 9.33116E-5 1.3257E-4 1.72696E-4 4.75229E-5 1.34421E-5
9.01141E-5 8.87475E-5 9.59447E-5 8.09035E-5 6.70748E-5 4.45747E-5 6.59816E-5 7.71898E-5 8.35341E-5 8.23147E-5 7.04357E-5 8.09738E-5 9.75341E-5 1.45559E-4 5.96349E-5 7.40834E-5 5.34848E-5 2.16886E-4 9.53993E-5 2.46428E-5 2.7868E-5 4.14341E-5 3.12088E-5 1.15779E-4 8.4424E-5 1.60972E-5 1.05992E-4 9.88366E-5 2.61683E-5 1.84328E-5 6.11579E-5 5.22647E-5 4.11102E-5 1.46629E-4 6.712E-5 7.93061E-5 8.56602E-5 5.61646E-5 7.67092E-5 3.3821E-5 5.09816E-5 4.29088E-5 5.10197E-5 5.02642E-5 3.60048E-5 3.326E-5 3.66085E-5 5.10742E-5 5.88678E-5 5.79717E-5 5.79533E-5 5.90386E-5 1.03396E-4 1.57006E-4 8.24315E-5 1.19486E-4 5.10231E-5 5.40566E-5 2.28312E-4 8.94868E-5 3.00758E-5
8.20944E-5 8.07804E-5 8.73426E-5 8.4718E-5 7.2507E-5 9.90045E-5 8.4869E-5 6.60889E-5 7.71492E-5 7.72298E-5 8.35602E-5 5.92932E-5 2.96098E-5 3.26323E-5 2.7024E-5 3.77156E-5 4.49415E-5 4.93678E-5 7.62756E-5 7.76192E-5 3.84426E-5 3.21418E-5 1.64631E-5 7.16501E-5 6.13718E-5 1.16086E-4 1.12116E-4 3.57968E-5 1.72279E-5 5.63966E-5 5.65032E-5 1.52732E-4 5.15309E-5 9.16156E-5 7.36233E-5 7.32373E-5 4.49747E-5 4.41489E-5 3.16235E-5 4.07803E-5 4.78309E-5 4.42054E-5 4.70927E-5 4.02045E-5 3.11773E-5 5.18082E-5 7.68104E-5 7.5701E-5 4.22986E-5 3.27713E-5 3.02746E-5 8.85721E-5 5.64952E-5 9.74742E-5 7.63566E-5 9.20298E-5 4.24514E-5 1.77293E-5 7.20942E-5 2.38034E-4 7.89534E-5
7.5096E-5 6.28647E-5 6.68739E-5 5.20719E-5 6.09691E-5 7.23931E-5 7.82998E-5 7.24535E-5 5.63754E-5 6.5929E-5 8.47579E-5 7.14525E-5 1.98662E-5 2.08302E-5 2.25338E-5 3.26085E-5 4.92479E-5 4.55996E-5 3.59297E-5 4.91392E-5 3.89707E-5 1.57016E-5 1.47897E-5 3.97355E-5 1.07002E-4 1.40929E-4 4.45795E-5 1.34133E-5 1.54559E-5 4.79969E-5 6.63979E-5 1.78609E-4 8.47175E-5 8.07114E-5 8.70018E-5 4.5013E-5 5.7847E-5 3.26424E-5 3.82195E-5 4.85183E-5 4.48766E-5 4.48647E-5 3.47871E-5 4.07953E-5 5.25974E-5 7.20847E-5 5.1079E-5 3.90859E-5 3.60786E-5 4.64929E-5 7.57971E-5 1.30671E-4 7.51292E-5 7.74716E-5 6.0519E-5 5.42813E-5 4.74136E-5 1.07676E-5 9.05476E-6 9.93672E-6 3.48819E-5
5.80667E-5 5.29407E-5 3.78954E-5 4.43712E-5 6.18071E-5 5.28907E-5 4.88473E-5 5.28795E-5 4.89018E-5 5.29331E-5 7.96102E-5 6.71809E-5 3.05184E-5 4.18956E-5 2.33344E-5 2.19116E-5 3.01301E-5 3.33163E-5 2.41316E-5 1.47175E-5 4.11585E-5 1.32813E-5 4.50339E-5 3.51922E-5 1.02941E-4 7.92414E-5 1.67918E-5 1.5966E-5 3.98027E-5 5.20816E-5 1.07003E-4 1.16025E-4 1.35872E-4 6.29215E-5 5.26447E-5 6.26077E-5 7.43258E-5 4.96471E-5 4.5571E-5 3.88746E-5 4.54975E-5 4.55192E-5 4.14147E-5 4.93311E-5 5.77704E-5 4.79782E-5 3.95976E-5 6.24035E-5 2.00355E-4 8.08529E-5 9.42506E-5 9.01019E-5 7.87088E-5 6.84343E-5 4.80249E-5 1.84901E-5 1.73821E-5 4.74558E-6 7.11871E-6 2.39254E-5 3.55573E-5
4.58845E-5 8.17589E-5 4.51716E-5 4.51312E-5 4.8798E-5 5.80485E-5 5.81282E-5 6.90655E-5 8.07342E-5 9.30811E-5 1.0888E-4 1.17746E-4 8.49943E-5 1.15787E-4 5.07345E-5 3.69853E-5 2.60766E-5 7.78239E-5 3.85385E-5 1.04135E-5 9.88319E-6 5.61837E-5 3.99115E-5 1.78562E-4 1.06899E-4 1.73158E-5 4.24211E-5 7.18237E-5 6.11252E-5 7.18613E-5 1.15932E-4 1.07316E-4 6.9043E-5 5.77062E-5 4.93439E-5 6.89077E-5 4.95529E-5 1.07173E-4 5.03422E-5 5.95665E-5 3.9486E-5 3.87602E-5 3.88431E-5 5.8629E-5 4.566E-5 7.89006E-5 3.72067E-5 1.23486E-5 1.98951E-4 9.12704E-5 4.06748E-5 3.3588E-5 7.34134E-5 4.55968E-5 6.05193E-5 6.65253E-5 2.10846E-5 2.38273E-6 2.60282E-6 1.45721E-5 4.85225E-5
9.13869E-5 4.65269E-5 4.95806E-5 6.89747E-5 5.04222E-5 5.89798E-5 7.47138E-5 8.20459E-5 6.29241E-5 8.59776E-5 1.26504E-4 4.02937E-4 1.02278E-4 1.10257E-4 2.48971E-5 1.667E-5 1.66395E-5 6.10589E-5 1.25055E-4 2.26058E-5 8.02868E-6 3.28414E-5 1.15779E-4 1.01913E-4 3.13941E-5 4.2403E-5 8.42214E-5 8.42893E-5 3.51848E-5 6.62736E-5 1.25056E-4 1.25683E-4 5.89423E-5 2.37134E-5 4.53528E-5 7.20157E-5 6.65232E-5 5.97303E-5 5.4195E-5 5.52972E-5 5.5257E-5 2.86584E-5 5.49542E-5 5.43158E-5 7.54667E-5 2.27069E-5 1.25282E-5 4.48552E-5 5.04217E-5 2.27748E-5 4.31112E-5 4.46077E-5 1.13665E-5 2.15164E-5 3.02934E-5 1.56434E-5 1.67188E-5 3.6561E-6 3.33361E-6 9.82315E-6 2.30487E-5
8.44937E-5 3.97172E-5 6.47947E-5 6.48635E-5 7.57848E-5 7.5884E-5 8.87983E-5 8.21834E-5 6.39776E-5 6.80362E-5 3.75776E-5 6.58997E-5 3.52277E-5 2.70616E-5 1.73136E-5 1.85661E-5 1.5141E-5 1.71387E-5 6.11081E-5 3.26696E-5 1.21045E-5 4.24566E-5 2.43771E-4 4.03282E-5 9.14756E-6 4.21811E-5 8.39292E-5 5.23208E-5 7.19973E-5 9.147E-5 5.67327E-5 1.35409E-4 3.96587E-5 5.41635E-5 2.53073E-5 9.1226E-5 1.25452E-4 4.65042E-5 3.957E-5 9.88483E-5 7.80326E-5 6.07365E-5 5.96357E-5 8.28521E-5 6.13061E-5 2.14345E-5 5.97345E-5 4.516E-5 3.34718E-5 1.51307E-5 2.85014E-5 1.59536E-5 3.74638E-5 7.76127E-6 9.67005E-6 1.54661E-5 9.13624E-6 6.34412E-6 4.14558E-6 4.70816E-6 6.09944E-6
4.80272E-5 5.19403E-5 1.08363E-4 9.14154E-5 6.48834E-5 8.20069E-5 1.13815E-4 1.14498E-4 1.04451E-4 7.38801E-5 6.10825E-5 2.44278E-5 1.61653E-5 9.09843E-5 1.35907E-4 3.03424E-5 1.94755E-5 1.48832E-5 5.18849E-5 9.13956E-5 1.01405E-5 2.2531E-4 7.8233E-5 1.19571E-5 1.26967E-5 9.52853E-6 3.28344E-5 1.24989E-4 1.36087E-4 1.25519E-4 1.35943E-4 5.1167E-5 4.30225E-5 4.98877E-5 4.52416E-5 8.43568E-5 5.97649E-5 4.64151E-5 6.63266E-5 7.79488E-5 9.14454E-5 6.5756E-5 6.4418E-5 5.74729E-5 8.69954E-6 8.40648E-5 1.99732E-4 6.28447E-5 6.0816E-5 2.55262E-5 3.28768E-5 6.29194E-5 2.87006E-5 1.52073E-5 4.53238E-5 2.02173E-5 1.61979E-5 2.68843E-5 5.53939E-6 1.53946E-5 5.64167E-5
1.00308E-4 1.00329E-4 1.17787E-4 6.10168E-5 7.12388E-5 8.20287E-5 1.20835E-4 3.33414E-4 8.70464E-4 4.18468E-4 7.64249E-5 4.57372E-5 3.80107E-5 1.98034E-5 1.71038E-4 2.00833E-4 4.84661E-5 2.53991E-5 3.09759E-5 1.35194E-4 9.94278E-5 1.32526E-4 1.94513E-5 1.0826E-5 1.98044E-5 1.07317E-5 3.5118E-5 1.06919E-4 1.85743E-4 8.47404E-5 1.35694E-4 6.10017E-5 1.85839E-4 1.98164E-5 7.78033E-5 1.25452E-4 4.28559E-5 5.66098E-5 4.51285E-5 9.86908E-5 1.07173E-4 6.57583E-5 3.58823E-5 9.08352E-6 2.77866E-5 5.86948E-5 4.72664E-5 3.89839E-5 2.38717E-5 3.45359E-5 4.45726E-5 5.21465E-5 5.72613E-5 6.19779E-5 6.11789E-5 1.89355E-5 3.57136E-5 1.14417E-5 2.5521E-5 5.31216E-5 3.16654E-5
7.81237E-5 7.22594E-5 1.85937E-4 1.07476E-4 1.0712E-4 8.0895E-5 5.82861E-5 5.21844E-5 1.85258E-4 9.16396E-5 7.81161E-5 8.66236E-4 3.23183E-5 2.24333E-5 8.46041E-5 1.16333E-4 6.87681E-5 1.15905E-5 7.7762E-5 1.16271E-4 1.34859E-4 5.20031E-5 1.83006E-5 2.09262E-5 1.15504E-4 7.82412E-5 1.35873E-4 1.47286E-4 1.58919E-4 6.62638E-5 6.5577E-5 6.64699E-5 1.85258E-4 4.83625E-5 1.06918E-4 1.25287E-4 2.46267E-5 8.4334E-5 2.65067E-5 7.78036E-5 5.60325E-5 5.58447E-5 3.88764E-5 2.3733E-5 6.53722E-5 3.18052E-5 2.13695E-5 9.12663E-6 8.01657E-6 4.01866E-5 5.20416E-5 3.08907E-5 2.5875E-5 2.90042E-5 4.88169E-5 4.8175E-5 3.74327E-5 2.90323E-5 3.99097E-5 4.99225E-5 1.22395E-5
7.2282E-5 6.68765E-5 9.1487E-5 1.26711E-4 1.93999E-4 7.36344E-5 3.88059E-5 2.94845E-5 2.90183E-5 8.42669E-5 1.36014E-4 1.46862E-4 8.524E-5 2.10808E-5 2.51767E-4 6.43563E-4 7.44703E-4 2.79898E-5 1.35981E-4 1.57754E-4 9.46065E-5 5.11798E-5 8.29397E-5 2.68667E-5 6.65054E-5 1.71667E-4 1.86472E-4 2.17226E-4 1.07686E-4 1.71981E-4 8.47943E-5 3.36718E-5 1.15565E-4 9.91371E-5 9.89276E-5 6.13061E-5 5.65795E-5 1.15718E-4 4.10299E-5 4.40216E-5 4.00427E-5 4.26457E-5 4.91901E-5 3.32242E-5 2.87956E-5 2.97109E-5 3.92599E-5 1.09215E-5 1.87819E-5 1.71473E-5 1.87966E-5 1.17625E-5 1.05158E-5 3.71714E-5 2.51E-5 2.51014E-5 2.71213E-5 3.44735E-5 4.10636E-5 5.14036E-5 2.39532E-5
9.26819E-5 9.86642E-5 1.24499E-4 1.14337E-4 4.46742E-5 3.69649E-5 1.08471E-4 3.88024E-5 3.80035E-5 6.14383E-5 6.36495E-4 4.37442E-5 1.11866E-4 2.18624E-5 7.20933E-5 2.05765E-5 7.21904E-5 8.04705E-4 8.70475E-4 1.87823E-4 1.54478E-4 5.49301E-5 3.46958E-5 9.15432E-5 1.47247E-4 1.85358E-4 8.71129E-4 1.47441E-4 1.86277E-4 2.01254E-4 1.09251E-4 4.71482E-5 5.65953E-5 1.15749E-4 7.19777E-5 5.65948E-5 9.1421E-5 9.12755E-5 7.8074E-5 6.16813E-5 5.58803E-5 3.6369E-5 2.4114E-5 2.74237E-5 1.68791E-5 7.19723E-6 7.75115E-5 1.0706E-4 3.93885E-5 3.56308E-5 1.27344E-5 7.74673E-6 1.34931E-5 1.82305E-5 3.23038E-5 4.89017E-5 2.10731E-5 2.06036E-5 2.23402E-5 4.04511E-5 1.46923E-5
6.78809E-5 4.58647E-5 4.73367E-5 1.71307E-4 1.13055E-4 1.35873E-4 1.02491E-4 7.15571E-5 3.59267E-5 1.25386E-4 1.36122E-4 2.17395E-4 1.14499E-4 6.6613E-5 2.16604E-4 1.36589E-4 9.39522E-4 2.21469E-4 9.28139E-5 2.53006E-4 4.50426E-5 1.35801E-4 1.59586E-4 1.59755E-4 2.94791E-4 6.18692E-5 9.35204E-4 1.26182E-4 5.98206E-4 2.01515E-4 1.71936E-4 7.75165E-5 7.21709E-5 9.90065E-5 5.66257E-5 8.44242E-5 1.35587E-4 5.23214E-5 1.15841E-4 7.33123E-5 4.69544E-5 2.91289E-5 4.69984E-5 3.43568E-5 1.79654E-5 4.11158E-6 1.45609E-4 9.14454E-5 4.25424E-5 3.61486E-5 1.76943E-5 1.53207E-5 1.41613E-5 3.16643E-5 2.93549E-5 3.79243E-5 3.40483E-5 8.99097E-6 1.09959E-5 3.36343E-5 2.62438E-5
8.0696E-5 6.48154E-5 4.30626E-5 3.10341E-5 2.00521E-4 3.16629E-5 8.71978E-5 8.59115E-5 1.36158E-4 1.07715E-4 2.00836E-4 2.53729E-4 1.42436E-4 3.01196E-5 1.72026E-4 3.20041E-4 4.54876E-4 1.992E-4 3.15193E-5 9.14699E-5 1.71487E-4 1.36158E-4 1.09556E-3 1.27176E-3 7.85554E-5 7.45099E-4 2.01358E-4 1.59628E-4 3.3402E-4 2.01411E-4 9.93753E-5 1.46822E-4 1.07515E-4 1.25387E-4 7.20932E-5 1.25518E-4 9.14944E-5 7.80326E-5 8.05022E-5 5.32965E-5 3.36009E-5 2.08883E-5 2.87341E-5 1.88005E-5 1.38204E-5 2.24376E-5 9.85599E-5 1.15994E-4 2.61102E-5 2.85356E-5 3.07938E-5 2.03514E-5 2.00115E-5 1.06694E-5 1.39172E-5 2.49146E-5 3.18608E-5 2.89686E-5 1.63824E-5 4.55275E-6 7.96639E-6
1.0349E-4 5.88893E-5 2.62997E-5 1.25286E-4 1.86131E-4 1.16044E-4 1.03417E-4 3.88292E-5 1.58419E-4 6.94747E-4 1.86178E-4 1.86325E-4 2.01515E-4 1.59796E-4 4.53948E-4 4.91039E-4 2.14114E-4 1.93404E-4 5.7043E-5 6.537E-5 9.92702E-5 1.5967E-4 1.59312E-3 4.65557E-5 1.35764E-4 8.69573E-4 1.5988E-4 3.60927E-4 2.96386E-4 1.72386E-4 1.3623E-4 1.16025E-4 1.72025E-4 7.80959E-5 8.44691E-5 1.58835E-4 7.81166E-5 9.90324E-5 1.95646E-4 6.33241E-5 4.00593E-5 1.87265E-5 1.48367E-5 8.43304E-6 3.68855E-5 4.19776E-5 1.24263E-4 1.06916E-4 6.63797E-5 7.18038E-5 3.39893E-5 3.33915E-5 2.54551E-5 2.307E-5 1.39348E-5 1.21684E-5 2.92727E-5 2.10253E-5 1.79822E-5 1.33441E-5 5.80156E-6
