day_2/Results/Podomys_floridanus/projections/PaleoClim/-21000/R_clampingUN_0.asc
ncols         385
nrows         252
xllcorner     -91.50013924285
yllcorner     25.49986064915003
cellsize      0.041666666500000005
NODATA_value  -9999
[rows 175 to 209 of 252, columns 231 to 307 of 385]
1.89045E-2 2.07274E-2 2.07073E-2 2.07906E-2 1.86277E-2 2.34629E-2 2.34961E-2 1.87946E-2 1.51425E-2 1.5147E-2 1.52296E-2 1.45726E-2 9.82933E-3 4.78421E-3 4.77479E-3 3.36605E-3 3.35815E-3 1.55332E-5 0E0 0E0 3.34365E-3 1.10748E-5 0E0 0E0 0E0 0E0 0E0 0E0 0E0 0E0 0E0 0E0 0E0 0E0 0E0 0E0 0E0 0E0 0E0 0E0 0E0 0E0 0E0 0E0 0E0 -9999 -9999 -9999 -9999 -9999 -9999 -9999 -9999 -9999 -9999 -9999 -9999 -9999 -9999 -9999 -9999 -9999 -9999 -9999 -9999 -9999 -9999 -9999 -9999 -9999 -9999 -9999 -9999 -9999 -9999 -9999 -9999
2.08313E-2 2.08318E-2 1.43301E-2 9.58482E-3 1.46238E-2 1.88016E-2 2.35407E-2 2.35983E-2 1.47654E-2 1.52487E-2 1.523E-2 1.52824E-2 9.86258E-3 9.85836E-3 4.79132E-3 6.84724E-3 3.10717E-5 0E0 0E0 0E0 0E0 0E0 0E0 0E0 0E0 0E0 0E0 0E0 0E0 0E0 0E0 0E0 0E0 0E0 0E0 0E0 0E0 0E0 0E0 0E0 0E0 0E0 0E0 0E0 0E0 -9999 -9999 -9999 -9999 -9999 -9999 -9999 -9999 -9999 -9999 -9999 -9999 -9999 -9999 -9999 -9999 -9999 -9999 -9999 -9999 -9999 -9999 -9999 -9999 -9999 -9999 -9999 -9999 -9999 -9999 -9999 -9999
2.07916E-2 2.08122E-2 1.4416E-2 9.64887E-3 1.51087E-2 1.45121E-2 1.88975E-2 1.89129E-2 1.5268E-2 1.52822E-2 1.52826E-2 1.53569E-2 9.89372E-3 4.7913E-3 4.79688E-3 4.80926E-3 1.5614E-5 1.56094E-5 5.37559E-8 0E0 0E0 0E0 0E0 0E0 0E0 0E0 0E0 0E0 0E0 0E0 0E0 0E0 0E0 0E0 0E0 0E0 0E0 0E0 0E0 0E0 0E0 0E0 0E0 0E0 0E0 -9999 -9999 -9999 -9999 -9999 -9999 -9999 -9999 -9999 -9999 -9999 -9999 -9999 -9999 -9999 -9999 -9999 -9999 -9999 -9999 -9999 -9999 -9999 -9999 -9999 -9999 -9999 -9999 -9999 -9999 -9999 -9999
1.50414E-2 1.51465E-2 1.44596E-2 9.69395E-3 9.70092E-3 2.10395E-2 1.45266E-2 1.48164E-2 1.53274E-2 1.52827E-2 1.07695E-2 1.54009E-2 9.89398E-3 4.79138E-3 4.80913E-3 4.82858E-3 1.56143E-5 4.85298E-3 3.14079E-5 0E0 0E0 0E0 0E0 0E0 0E0 0E0 0E0 0E0 0E0 0E0 0E0 0E0 0E0 0E0 0E0 0E0 0E0 0E0 0E0 0E0 0E0 0E0 0E0 0E0 0E0 -9999 -9999 -9999 -9999 -9999 -9999 -9999 -9999 -9999 -9999 -9999 -9999 -9999 -9999 -9999 -9999 -9999 -9999 -9999 -9999 -9999 -9999 -9999 -9999 -9999 -9999 -9999 -9999 -9999 -9999 -9999 -9999
9.701E-3 1.51281E-2 1.45234E-2 9.78805E-3 9.77484E-3 1.51662E-2 1.45727E-2 1.07279E-2 1.53016E-2 1.5338E-2 1.05996E-2 1.08519E-2 9.95736E-3 4.83017E-3 4.80932E-3 4.83807E-3 1.5645E-5 4.85812E-3 3.42917E-3 1.58111E-5 0E0 0E0 0E0 0E0 0E0 0E0 0E0 0E0 0E0 0E0 0E0 0E0 0E0 0E0 0E0 0E0 0E0 0E0 0E0 0E0 0E0 0E0 0E0 0E0 0E0 -9999 -9999 -9999 -9999 -9999 -9999 -9999 -9999 -9999 -9999 -9999 -9999 -9999 -9999 -9999 -9999 -9999 -9999 -9999 -9999 -9999 -9999 -9999 -9999 -9999 -9999 -9999 -9999 -9999 -9999 -9999 -9999
9.74044E-3 1.51659E-2 1.51848E-2 1.45724E-2 1.07279E-2 9.84626E-3 1.07561E-2 1.05671E-2 1.46577E-2 9.94659E-3 1.06348E-2 1.06932E-2 1.06613E-2 7.01636E-3 3.40762E-3 4.85467E-3 3.13651E-5 4.85827E-3 3.43138E-3 1.58112E-5 0E0 0E0 0E0 1.08661E-5 1.08728E-5 0E0 0E0 0E0 0E0 0E0 0E0 0E0 0E0 0E0 0E0 0E0 0E0 0E0 0E0 0E0 0E0 0E0 0E0 0E0 0E0 0E0 -9999 -9999 -9999 -9999 -9999 -9999 -9999 -9999 -9999 -9999 -9999 -9999 -9999 -9999 -9999 -9999 -9999 -9999 -9999 -9999 -9999 -9999 -9999 -9999 -9999 -9999 -9999 -9999 -9999 -9999 -9999
9.79389E-3 9.79406E-3 9.79406E-3 1.52446E-2 1.0756E-2 1.07563E-2 1.07563E-2 1.05996E-2 1.46698E-2 1.0648E-2 1.06744E-2 1.08788E-2 7.0164E-3 6.8871E-3 6.91241E-3 3.42754E-3 4.89194E-3 4.88742E-3 3.43876E-3 3.16505E-5 5.43085E-8 0E0 0E0 3.35396E-3 3.35007E-3 2.15364E-5 0E0 0E0 0E0 0E0 0E0 0E0 0E0 0E0 0E0 0E0 0E0 0E0 0E0 0E0 0E0 0E0 0E0 0E0 0E0 0E0 -9999 -9999 -9999 -9999 -9999 -9999 -9999 -9999 -9999 -9999 -9999 -9999 -9999 -9999 -9999 -9999 -9999 -9999 -9999 -9999 -9999 -9999 -9999 -9999 -9999 -9999 -9999 -9999 -9999 -9999 -9999
9.79406E-3 9.84468E-3 9.84506E-3 9.84506E-3 9.84501E-3 9.87609E-3 9.87619E-3 1.08384E-2 6.96733E-3 9.96436E-3 1.07035E-2 1.07035E-2 6.89945E-3 6.91241E-3 6.93572E-3 6.94459E-3 6.98093E-3 3.44329E-3 3.43878E-3 4.90479E-3 3.17188E-5 1.58833E-5 1.11357E-5 3.34993E-3 3.3554E-3 3.33986E-3 0E0 0E0 0E0 0E0 0E0 0E0 0E0 0E0 0E0 0E0 0E0 0E0 0E0 0E0 0E0 0E0 0E0 0E0 0E0 0E0 -9999 -9999 -9999 -9999 -9999 -9999 -9999 -9999 -9999 -9999 -9999 -9999 -9999 -9999 -9999 -9999 -9999 -9999 -9999 -9999 -9999 -9999 -9999 -9999 -9999 -9999 -9999 -9999 -9999 -9999 -9999
9.82732E-3 9.81027E-3 9.89307E-3 9.87558E-3 9.85851E-3 9.90359E-3 6.94229E-3 1.06668E-2 6.86752E-3 6.88444E-3 1.07427E-2 6.91195E-3 6.91245E-3 6.94816E-3 6.95714E-3 6.96381E-3 6.98342E-3 3.39757E-3 3.3922E-3 3.4485E-3 4.90664E-3 3.44862E-3 3.37487E-3 3.35634E-3 6.8657E-3 6.8372E-3 3.28416E-3 1.04616E-5 1.02601E-5 3.45121E-8 0E0 0E0 0E0 0E0 0E0 0E0 0E0 0E0 0E0 0E0 0E0 0E0 0E0 0E0 0E0 0E0 -9999 -9999 -9999 -9999 -9999 -9999 -9999 -9999 -9999 -9999 -9999 -9999 -9999 -9999 -9999 -9999 -9999 -9999 -9999 -9999 -9999 -9999 -9999 -9999 -9999 -9999 -9999 -9999 -9999 -9999 -9999
4.78437E-3 4.75154E-3 9.88581E-3 4.79132E-3 4.79972E-3 4.77497E-3 4.79688E-3 6.99118E-3 1.06902E-2 1.07368E-2 1.07596E-2 1.07731E-2 6.94819E-3 1.07896E-2 1.08662E-2 6.98096E-3 6.98347E-3 7.00733E-3 7.00347E-3 3.47547E-3 3.44866E-3 3.37692E-3 3.37717E-3 3.36165E-3 3.33369E-3 6.80189E-3 3.282E-3 2.09366E-5 3.15558E-3 1.00782E-5 0E0 0E0 0E0 0E0 0E0 0E0 0E0 0E0 0E0 0E0 0E0 0E0 0E0 0E0 0E0 0E0 -9999 -9999 -9999 -9999 -9999 -9999 -9999 -9999 -9999 -9999 -9999 -9999 -9999 -9999 -9999 -9999 -9999 -9999 -9999 -9999 -9999 -9999 -9999 -9999 -9999 -9999 -9999 -9999 -9999 -9999 -9999
9.8861E-3 4.7914E-3 4.77489E-3 4.77486E-3 6.96135E-3 4.81356E-3 4.80926E-3 9.96917E-3 1.00061E-2 1.07462E-2 6.94807E-3 1.0803E-2 6.96953E-3 6.96381E-3 1.082E-2 6.99595E-3 7.00896E-3 7.00346E-3 7.01008E-3 7.13523E-3 3.47241E-3 3.45319E-3 6.93522E-3 6.90713E-3 6.83739E-3 6.77601E-3 6.67561E-3 3.22968E-3 3.13665E-3 1.99274E-5 3.33955E-8 0E0 0E0 0E0 0E0 0E0 0E0 0E0 0E0 0E0 0E0 0E0 0E0 0E0 0E0 0E0 -9999 -9999 -9999 -9999 -9999 -9999 -9999 -9999 -9999 -9999 -9999 -9999 -9999 -9999 -9999 -9999 -9999 -9999 -9999 -9999 -9999 -9999 -9999 -9999 -9999 -9999 -9999 -9999 -9999 -9999 -9999
4.79681E-3 4.79698E-3 4.79695E-3 4.7886E-3 4.80916E-3 4.81761E-3 4.82855E-3 9.98823E-3 4.87156E-3 7.05578E-3 7.04323E-3 1.08293E-2 1.0843E-2 6.99338E-3 6.98347E-3 7.009E-3 1.08644E-2 7.02847E-3 7.01458E-3 7.00417E-3 7.13563E-3 6.97923E-3 6.94743E-3 6.9025E-3 6.8494E-3 6.76079E-3 6.68724E-3 6.55729E-3 3.10489E-5 3.04014E-3 9.67391E-6 0E0 1.05119E-5 3.481E-8 0E0 0E0 0E0 0E0 0E0 0E0 0E0 0E0 0E0 0E0 0E0 0E0 -9999 -9999 -9999 -9999 -9999 -9999 -9999 -9999 -9999 -9999 -9999 -9999 -9999 -9999 -9999 -9999 -9999 -9999 -9999 -9999 -9999 -9999 -9999 -9999 -9999 -9999 -9999 -9999 -9999 -9999 -9999
4.7886E-3 4.80088E-3 4.80927E-3 4.8093E-3 4.8093E-3 4.8093E-3 4.8035E-3 4.83804E-3 7.05577E-3 1.00723E-2 4.89496E-3 1.07833E-2 1.08468E-2 1.08669E-2 7.00854E-3 1.0884E-2 1.08881E-2 1.08951E-2 7.02682E-3 7.01683E-3 6.99798E-3 6.97041E-3 6.93425E-3 1.06283E-2 1.05464E-2 1.0391E-2 1.02654E-2 6.54114E-3 3.1429E-3 3.02736E-3 1.93262E-5 3.72742E-8 3.2189E-3 1.01648E-5 0E0 0E0 0E0 0E0 0E0 0E0 0E0 0E0 0E0 0E0 0E0 0E0 0E0 -9999 -9999 -9999 -9999 -9999 -9999 -9999 -9999 -9999 -9999 -9999 -9999 -9999 -9999 -9999 -9999 -9999 -9999 -9999 -9999 -9999 -9999 -9999 -9999 -9999 -9999 -9999 -9999 -9999 -9999
4.81767E-3 1.5485E-5 4.79512E-3 4.82861E-3 4.82864E-3 4.82864E-3 1.56143E-5 4.83788E-3 1.00648E-2 6.96375E-3 6.96383E-3 6.96835E-3 1.08535E-2 1.0867E-2 1.08838E-2 1.08778E-2 1.0888E-2 1.08988E-2 1.08794E-2 1.08502E-2 1.08276E-2 1.07721E-2 1.07031E-2 1.06213E-2 1.04848E-2 1.03203E-2 1.01887E-2 9.98036E-3 6.38853E-3 3.03756E-3 2.94063E-3 1.07785E-5 3.1769E-3 1.00237E-5 0E0 0E0 0E0 0E0 0E0 0E0 0E0 0E0 0E0 0E0 0E0 0E0 0E0 -9999 -9999 -9999 -9999 -9999 -9999 -9999 -9999 -9999 -9999 -9999 -9999 -9999 -9999 -9999 -9999 -9999 -9999 -9999 -9999 -9999 -9999 -9999 -9999 -9999 -9999 -9999 -9999 -9999 -9999
4.84534E-3 3.11254E-5 5.32535E-8 4.82974E-3 4.83818E-3 4.85488E-3 8.92863E-8 4.84443E-3 1.00901E-2 7.08431E-3 6.98083E-3 6.96846E-3 1.08703E-2 1.08777E-2 1.08912E-2 1.08881E-2 1.08753E-2 1.08793E-2 1.08763E-2 1.08407E-2 1.07916E-2 1.07719E-2 1.06869E-2 1.05856E-2 1.04396E-2 1.032E-2 1.01408E-2 9.97995E-3 6.34214E-3 3.01332E-3 2.91417E-3 1.07778E-5 3.14053E-3 9.90033E-6 0E0 0E0 0E0 0E0 0E0 0E0 0E0 0E0 0E0 0E0 0E0 0E0 0E0 -9999 -9999 -9999 -9999 -9999 -9999 -9999 -9999 -9999 -9999 -9999 -9999 -9999 -9999 -9999 -9999 -9999 -9999 -9999 -9999 -9999 -9999 -9999 -9999 -9999 -9999 -9999 -9999 -9999 -9999
1.0005E-2 4.88012E-3 3.12507E-5 4.82148E-3 4.85469E-3 7.04322E-3 0E0 4.84129E-3 6.93886E-3 4.90422E-3 1.08267E-2 7.0085E-3 1.08643E-2 1.50366E-2 1.5051E-2 1.09021E-2 1.08923E-2 1.08794E-2 1.08502E-2 1.08538E-2 1.08048E-2 1.07622E-2 1.46383E-2 1.05722E-2 1.04521E-2 1.02781E-2 1.38057E-2 9.93499E-3 6.29314E-3 3.02344E-3 2.91412E-3 2.13153E-5 3.09287E-3 9.74173E-6 0E0 0E0 0E0 0E0 0E0 0E0 0E0 0E0 0E0 0E0 0E0 0E0 0E0 -9999 -9999 -9999 -9999 -9999 -9999 -9999 -9999 -9999 -9999 -9999 -9999 -9999 -9999 -9999 -9999 -9999 -9999 -9999 -9999 -9999 -9999 -9999 -9999 -9999 -9999 -9999 -9999 -9999 -9999
4.85466E-3 1.00541E-2 4.87157E-3 4.85475E-3 4.86985E-3 4.86991E-3 3.13654E-5 4.84144E-3 4.89554E-3 4.88963E-3 6.97123E-3 1.08643E-2 1.08778E-2 1.50093E-2 1.5043E-2 1.50435E-2 1.5025E-2 1.0903E-2 1.0854E-2 1.49212E-2 1.48498E-2 1.4746E-2 1.46246E-2 1.44508E-2 1.42861E-2 1.39963E-2 1.37918E-2 1.34967E-2 9.68106E-3 6.11529E-3 3.39053E-3 3.25405E-3 1.01309E-5 0E0 0E0 0E0 0E0 0E0 0E0 0E0 0E0 0E0 0E0 0E0 0E0 0E0 0E0 -9999 -9999 -9999 -9999 -9999 -9999 -9999 -9999 -9999 -9999 -9999 -9999 -9999 -9999 -9999 -9999 -9999 -9999 -9999 -9999 -9999 -9999 -9999 -9999 -9999 -9999 -9999 -9999 -9999 -9999
4.84437E-3 7.06476E-3 4.90358E-3 4.8868E-3 4.86997E-3 4.87508E-3 4.8751E-3 3.59874E-8 6.9459E-3 4.9065E-3 7.10437E-3 1.08776E-2 1.08881E-2 1.50144E-2 1.94548E-2 1.94588E-2 1.50175E-2 1.49899E-2 1.49578E-2 1.48812E-2 1.48136E-2 1.47012E-2 1.45709E-2 1.44235E-2 1.41848E-2 1.39096E-2 1.36972E-2 1.33658E-2 9.60128E-3 6.06049E-3 3.35765E-3 1.07546E-5 0E0 0E0 0E0 0E0 0E0 0E0 0E0 0E0 0E0 0E0 0E0 0E0 0E0 0E0 0E0 -9999 -9999 -9999 -9999 -9999 -9999 -9999 -9999 -9999 -9999 -9999 -9999 -9999 -9999 -9999 -9999 -9999 -9999 -9999 -9999 -9999 -9999 -9999 -9999 -9999 -9999 -9999 -9999 -9999 -9999
4.80757E-3 1.00721E-2 1.00902E-2 1.00902E-2 4.89196E-3 4.90427E-3 4.90437E-3 0E0 4.85588E-3 4.89904E-3 1.01081E-2 1.49806E-2 1.0902E-2 1.50149E-2 1.94081E-2 1.94061E-2 1.93828E-2 1.93537E-2 1.49362E-2 1.48637E-2 1.47601E-2 1.46519E-2 1.45131E-2 1.4357E-2 1.4106E-2 1.3909E-2 1.35991E-2 1.33651E-2 9.50116E-3 6.00422E-3 3.35741E-3 1.07542E-5 0E0 0E0 0E0 0E0 0E0 0E0 0E0 0E0 0E0 0E0 0E0 0E0 0E0 0E0 0E0 -9999 -9999 -9999 -9999 -9999 -9999 -9999 -9999 -9999 -9999 -9999 -9999 -9999 -9999 -9999 -9999 -9999 -9999 -9999 -9999 -9999 -9999 -9999 -9999 -9999 -9999 -9999 -9999 -9999 -9999
0E0 4.87048E-3 4.87052E-3 4.87046E-3 4.88129E-3 1.01139E-2 1.01502E-2 4.73878E-5 4.88218E-3 4.92392E-3 4.92178E-3 1.08485E-2 1.50005E-2 1.5025E-2 1.93909E-2 1.93829E-2 1.93335E-2 1.92834E-2 1.91963E-2 1.91233E-2 1.90503E-2 1.46522E-2 1.45128E-2 1.42867E-2 1.41055E-2 1.38183E-2 1.34971E-2 1.32435E-2 9.41655E-3 5.99229E-3 3.3173E-3 1.04211E-5 0E0 0E0 0E0 0E0 0E0 0E0 0E0 0E0 0E0 0E0 0E0 0E0 0E0 0E0 0E0 -9999 -9999 -9999 -9999 -9999 -9999 -9999 -9999 -9999 -9999 -9999 -9999 -9999 -9999 -9999 -9999 -9999 -9999 -9999 -9999 -9999 -9999 -9999 -9999 -9999 -9999 -9999 -9999 -9999 -9999
0E0 4.88128E-3 4.72332E-5 0E0 1.57139E-5 4.88216E-3 1.01126E-2 4.93287E-3 4.89012E-3 1.01365E-2 1.018E-2 1.08789E-2 1.08923E-2 1.49692E-2 1.93678E-2 1.93538E-2 2.39188E-2 1.92575E-2 1.91607E-2 2.3601E-2 1.90011E-2 1.88073E-2 1.44506E-2 1.4286E-2 1.40226E-2 1.36979E-2 1.34708E-2 9.61308E-3 9.31863E-3 6.94427E-3 3.29389E-3 1.03395E-5 0E0 0E0 0E0 0E0 0E0 0E0 0E0 0E0 0E0 0E0 0E0 0E0 0E0 0E0 0E0 -9999 -9999 -9999 -9999 -9999 -9999 -9999 -9999 -9999 -9999 -9999 -9999 -9999 -9999 -9999 -9999 -9999 -9999 -9999 -9999 -9999 -9999 -9999 -9999 -9999 -9999 -9999 -9999 -9999 -9999
0E0 4.87275E-3 1.01502E-2 0E0 4.84835E-3 4.89901E-3 4.90699E-3 7.12837E-3 6.33164E-5 1.01258E-2 1.57327E-2 1.49834E-2 1.53244E-2 1.5761E-2 1.93526E-2 1.93184E-2 1.92579E-2 1.91759E-2 1.91233E-2 1.90502E-2 1.88823E-2 1.87265E-2 1.85145E-2 1.41978E-2 1.39096E-2 1.36972E-2 1.33654E-2 1.30021E-2 9.31125E-3 6.87495E-3 6.62098E-3 2.03488E-5 0E0 0E0 0E0 0E0 0E0 0E0 0E0 0E0 0E0 0E0 0E0 0E0 0E0 0E0 0E0 -9999 -9999 -9999 -9999 -9999 -9999 -9999 -9999 -9999 -9999 -9999 -9999 -9999 -9999 -9999 -9999 -9999 -9999 -9999 -9999 -9999 -9999 -9999 -9999 -9999 -9999 -9999 -9999 -9999 -9999
5.41417E-8 4.8821E-3 1.08572E-2 7.91252E-5 1.08492E-7 4.89005E-3 4.89011E-3 1.01363E-2 1.0162E-2 1.01801E-2 1.57521E-2 1.5025E-2 1.94263E-2 1.57994E-2 1.93087E-2 1.92985E-2 2.38766E-2 2.37838E-2 2.36323E-2 1.89809E-2 1.88218E-2 1.8606E-2 1.84175E-2 1.41187E-2 1.3909E-2 1.35991E-2 1.32561E-2 1.28831E-2 9.22201E-3 6.79081E-3 3.24717E-3 1.01847E-5 0E0 0E0 0E0 0E0 0E0 0E0 0E0 0E0 0E0 0E0 0E0 0E0 0E0 0E0 0E0 -9999 -9999 -9999 -9999 -9999 -9999 -9999 -9999 -9999 -9999 -9999 -9999 -9999 -9999 -9999 -9999 -9999 -9999 -9999 -9999 -9999 -9999 -9999 -9999 -9999 -9999 -9999 -9999 -9999 -9999
1.58115E-5 4.89827E-3 7.11151E-3 1.01441E-2 6.32621E-5 4.90486E-3 3.17561E-5 4.90983E-3 1.01662E-2 1.52664E-2 1.53098E-2 1.94061E-2 1.94212E-2 2.17481E-2 2.16184E-2 2.38612E-2 2.37838E-2 2.37272E-2 2.35458E-2 2.3409E-2 2.32019E-2 1.85434E-2 1.82816E-2 1.40488E-2 1.38181E-2 1.34969E-2 1.31436E-2 1.28822E-2 1.06811E-2 6.71841E-3 3.20483E-3 1.00435E-5 0E0 0E0 0E0 0E0 0E0 0E0 0E0 0E0 0E0 0E0 0E0 0E0 0E0 0E0 0E0 -9999 -9999 -9999 -9999 -9999 -9999 -9999 -9999 -9999 -9999 -9999 -9999 -9999 -9999 -9999 -9999 -9999 -9999 -9999 -9999 -9999 -9999 -9999 -9999 -9999 -9999 -9999 -9999 -9999 -9999
3.16455E-5 1.01184E-2 4.93867E-3 4.92678E-3 1.01439E-2 1.01801E-2 4.96069E-3 1.01663E-2 1.573E-2 1.57491E-2 2.16514E-2 2.40409E-2 2.40459E-2 2.40616E-2 2.16429E-2 2.38609E-2 2.37118E-2 2.84901E-2 2.34408E-2 2.33241E-2 2.3046E-2 2.29247E-2 1.82953E-2 1.80614E-2 1.37363E-2 1.33912E-2 1.31057E-2 1.27236E-2 1.0551E-2 6.71784E-3 3.16811E-3 9.91982E-6 0E0 0E0 0E0 0E0 0E0 0E0 0E0 0E0 0E0 0E0 0E0 0E0 0E0 0E0 0E0 -9999 -9999 -9999 -9999 -9999 -9999 -9999 -9999 -9999 -9999 -9999 -9999 -9999 -9999 -9999 -9999 -9999 -9999 -9999 -9999 -9999 -9999 -9999 -9999 -9999 -9999 -9999 -9999 -9999 -9999
4.90979E-3 1.01438E-2 1.0162E-2 1.0162E-2 1.01662E-2 1.57327E-2 1.57712E-2 1.57685E-2 1.57492E-2 1.57416E-2 2.16513E-2 1.93675E-2 2.40454E-2 2.8911E-2 2.78846E-2 2.38116E-2 2.36484E-2 2.83252E-2 2.82202E-2 2.79022E-2 2.30604E-2 2.2756E-2 1.82017E-2 1.79103E-2 1.36121E-2 1.33651E-2 9.50116E-3 9.21155E-3 1.04144E-2 6.6308E-3 3.12448E-3 9.79432E-6 0E0 0E0 0E0 0E0 0E0 0E0 0E0 0E0 0E0 0E0 0E0 0E0 0E0 0E0 0E0 -9999 -9999 -9999 -9999 -9999 -9999 -9999 -9999 -9999 -9999 -9999 -9999 -9999 -9999 -9999 -9999 -9999 -9999 -9999 -9999 -9999 -9999 -9999 -9999 -9999 -9999 -9999 -9999 -9999 -9999
4.90457E-3 1.0112E-2 1.01661E-2 1.01495E-2 1.01494E-2 1.5749E-2 1.4989E-2 1.50305E-2 1.57802E-2 1.57608E-2 2.16483E-2 1.9668E-2 2.8815E-2 2.87958E-2 2.38593E-2 2.37274E-2 2.84898E-2 2.8221E-2 2.8039E-2 2.77567E-2 2.2955E-2 2.2623E-2 2.22957E-2 1.78014E-2 1.3624E-2 1.32562E-2 9.41687E-3 9.21094E-3 6.80267E-3 6.54406E-3 3.08646E-3 9.77436E-6 0E0 0E0 0E0 0E0 0E0 0E0 0E0 0E0 0E0 0E0 0E0 0E0 0E0 0E0 0E0 -9999 -9999 -9999 -9999 -9999 -9999 -9999 -9999 -9999 -9999 -9999 -9999 -9999 -9999 -9999 -9999 -9999 -9999 -9999 -9999 -9999 -9999 -9999 -9999 -9999 -9999 -9999 -9999 -9999 -9999
4.90662E-3 4.9235E-3 1.08298E-2 1.01855E-2 1.01855E-2 1.52586E-2 1.93676E-2 1.9398E-2 2.17308E-2 2.16688E-2 2.79181E-2 2.78346E-2 2.87619E-2 2.87081E-2 2.86641E-2 2.85071E-2 2.8238E-2 2.81073E-2 2.79018E-2 2.76038E-2 2.73908E-2 2.24982E-2 2.2144E-2 1.76542E-2 1.73587E-2 1.31559E-2 9.4163E-3 1.06683E-2 1.02998E-2 6.47863E-3 3.0862E-3 9.64719E-6 0E0 0E0 0E0 0E0 0E0 0E0 0E0 0E0 0E0 0E0 0E0 0E0 0E0 0E0 0E0 -9999 -9999 -9999 -9999 -9999 -9999 -9999 -9999 -9999 -9999 -9999 -9999 -9999 -9999 -9999 -9999 -9999 -9999 -9999 -9999 -9999 -9999 -9999 -9999 -9999 -9999 -9999 -9999 -9999 -9999
4.941E-3 1.01475E-2 1.10627E-2 1.57326E-2 1.49756E-2 1.93675E-2 1.93185E-2 2.40294E-2 2.1748E-2 2.79183E-2 2.79057E-2 2.77707E-2 2.86743E-2 2.86285E-2 2.85238E-2 2.83418E-2 3.3315E-2 3.29371E-2 2.77884E-2 2.75677E-2 2.72228E-2 2.23668E-2 2.19863E-2 2.16119E-2 1.72305E-2 1.3155E-2 9.32957E-3 1.0559E-2 6.63138E-3 6.46675E-3 3.0475E-3 6.07058E-6 0E0 0E0 0E0 0E0 0E0 0E0 0E0 0E0 0E0 0E0 0E0 0E0 0E0 0E0 0E0 -9999 -9999 -9999 -9999 -9999 -9999 -9999 -9999 -9999 -9999 -9999 -9999 -9999 -9999 -9999 -9999 -9999 -9999 -9999 -9999 -9999 -9999 -9999 -9999 -9999 -9999 -9999 -9999 -9999 -9999
1.56818E-2 1.52169E-2 1.52591E-2 2.15796E-2 1.9303E-2 1.93181E-2 1.93181E-2 2.40291E-2 2.7983E-2 2.78839E-2 3.44779E-2 2.77203E-2 2.85782E-2 3.3613E-2 3.34866E-2 2.82533E-2 3.3091E-2 3.29355E-2 3.25033E-2 3.23027E-2 2.70622E-2 2.66225E-2 2.18513E-2 2.14367E-2 1.70523E-2 1.30257E-2 9.25146E-3 1.05382E-2 6.63109E-3 6.3763E-3 3.00217E-3 5.97468E-6 0E0 0E0 0E0 0E0 0E0 0E0 0E0 0E0 0E0 0E0 0E0 0E0 0E0 0E0 0E0 -9999 -9999 -9999 -9999 -9999 -9999 -9999 -9999 -9999 -9999 -9999 -9999 -9999 -9999 -9999 -9999 -9999 -9999 -9999 -9999 -9999 -9999 -9999 -9999 -9999 -9999 -9999 -9999 -9999 -9999
1.56558E-2 2.15792E-2 2.15997E-2 1.52046E-2 1.92682E-2 1.92832E-2 1.92983E-2 2.39346E-2 2.39505E-2 2.78137E-2 2.42757E-2 2.7741E-2 2.84739E-2 3.34689E-2 3.33326E-2 3.31084E-2 3.29355E-2 3.26933E-2 3.23034E-2 3.20938E-2 2.6844E-2 2.64245E-2 2.61691E-2 2.1244E-2 1.69149E-2 1.65449E-2 1.2621E-2 1.0439E-2 6.55549E-3 6.29675E-3 2.96233E-3 5.97412E-6 0E0 0E0 0E0 0E0 0E0 0E0 0E0 0E0 0E0 0E0 0E0 0E0 0E0 0E0 0E0 -9999 -9999 -9999 -9999 -9999 -9999 -9999 -9999 -9999 -9999 -9999 -9999 -9999 -9999 -9999 -9999 -9999 -9999 -9999 -9999 -9999 -9999 -9999 0E0 0E0 0E0 0E0 -9999 -9999 -9999
2.1484E-2 1.91921E-2 1.92424E-2 1.92425E-2 1.96057E-2 1.92424E-2 2.38764E-2 2.38924E-2 2.38433E-2 3.43394E-2 2.85783E-2 3.41912E-2 2.83093E-2 3.32363E-2 3.31079E-2 3.29357E-2 3.26933E-2 3.25024E-2 3.20953E-2 3.18173E-2 3.1358E-2 2.61857E-2 2.56926E-2 2.52376E-2 2.06163E-2 1.64072E-2 1.46219E-2 1.03246E-2 6.47867E-3 6.21616E-3 2.96206E-3 5.88933E-6 0E0 0E0 0E0 0E0 0E0 0E0 0E0 0E0 0E0 0E0 0E0 0E0 0E0 0E0 0E0 -9999 -9999 -9999 -9999 -9999 -9999 -9999 -9999 -9999 -9999 -9999 -9999 -9999 -9999 -9999 -9999 -9999 -9999 0E0 0E0 0E0 0E0 0E0 0E0 0E0 0E0 0E0 0E0 0E0 0E0
2.14614E-2 1.91459E-2 2.77203E-2 1.95696E-2 1.9207E-2 1.95374E-2 2.37675E-2 2.37834E-2 2.85949E-2 2.41895E-2 3.40496E-2 2.40921E-2 3.3859E-2 2.80235E-2 3.28574E-2 3.27535E-2 3.25026E-2 3.23025E-2 3.20343E-2 3.15922E-2 3.10576E-2 2.59747E-2 2.54692E-2 2.49543E-2 2.04148E-2 1.99467E-2 1.84978E-2 1.02323E-2 6.48945E-3 6.20504E-3 1.86456E-3 5.80313E-6 0E0 0E0 0E0 0E0 0E0 0E0 0E0 0E0 0E0 0E0 0E0 0E0 0E0 0E0 0E0 -9999 -9999 -9999 -9999 -9999 -9999 -9999 -9999 -9999 -9999 -9999 -9999 -9999 -9999 -9999 -9999 -9999 0E0 0E0 0E0 0E0 0E0 0E0 0E0 0E0 0E0 0E0 0E0 0E0 0E0
2.7627E-2 1.91603E-2 1.95219E-2 1.95373E-2 2.76701E-2 2.41416E-2 2.3711E-2 2.4157E-2 2.84734E-2 2.85065E-2 3.40711E-2 2.83251E-2 3.37418E-2 2.80062E-2 3.26767E-2 3.25024E-2 3.23025E-2 3.20343E-2 3.18169E-2 3.1358E-2 3.08074E-2 2.59393E-2 2.54682E-2 2.49535E-2 2.01708E-2 2.3058E-2 1.8291E-2 1.39185E-2 9.8056E-3 3.01241E-3 1.82829E-3 5.70461E-6 0E0 0E0 0E0 0E0 0E0 0E0 0E0 0E0 0E0 0E0 0E0 0E0 0E0 0E0 0E0 -9999 -9999 -9999 -9999 -9999 -9999 -9999 -9999 -9999 -9999 -9999 -9999 -9999 -9999 -9999 -9999 -9999 0E0 0E0 0E0 0E0 0E0 0E0 0E0 0E0 0E0 0E0 0E0 0E0 0E0
1.90876E-2 1.94326E-2 1.94477E-2 2.41408E-2 2.4157E-2 2.41568E-2 2.40321E-2 2.3588E-2 2.35177E-2 2.83246E-2 3.39031E-2 2.87157E-2 3.36148E-2 3.33529E-2 3.24529E-2 3.23024E-2 3.20343E-2 3.18169E-2 3.15323E-2 3.10574E-2 3.04771E-2 3.02254E-2 2.52043E-2 2.47107E-2 1.99609E-2 2.27586E-2 1.80591E-2 1.37646E-2 9.68064E-3 2.98248E-3 1.80188E-3 5.70402E-6 0E0 0E0 0E0 0E0 0E0 0E0 0E0 0E0 0E0 0E0 0E0 0E0 0E0 0E0 0E0 -9999 -9999 -9999 -9999 -9999 -9999 -9999 -9999 -9999 -9999 -9999 -9999 -9999 -9999 -9999 -9999 -9999 0E0 0E0 0E0 0E0 0E0 0E0 0E0 0E0 0E0 0E0 0E0 0E0 0E0
