day_2/Results/Podomys_floridanus/projections/PaleoClim/-21000/R_clampingUN_2.asc
ncols         385
nrows         252
xllcorner     -91.50013924285
yllcorner     25.49986064915003
cellsize      0.041666666500000005
NODATA_value  -9999
[rows 175 to 209 of 252, columns 231 to 307 of 385]
4.93865E-3 5.08323E-3 4.90297E-3 4.14374E-3 1.88167E-3 2.25478E-3 2.20372E-3 1.91834E-3 2.43395E-3 2.45957E-3 2.44359E-3 1.57015E-3 1.67307E-3 8.38958E-4 8.42022E-4 6.65001E-4 6.55161E-4 2.7733E-6 0E0 0E0 4.11988E-4 2.33165E-6 0E0 0E0 0E0 0E0 0E0 0E0 0E0 0E0 0E0 0E0 0E0 0E0 0E0 0E0 0E0 0E0 0E0 0E0 0E0 0E0 0E0 0E0 0E0 -9999 -9999 -9999 -9999 -9999 -9999 -9999 -9999 -9999 -9999 -9999 -9999 -9999 -9999 -9999 -9999 -9999 -9999 -9999 -9999 -9999 -9999 -9999 -9999 -9999 -9999 -9999 -9999 -9999 -9999 -9999 -9999
4.95994E-3 5.00456E-3 2.43278E-3 1.95905E-3 2.54915E-3 1.89051E-3 2.26454E-3 2.2437E-3 2.54291E-3 2.42039E-3 2.47112E-3 2.47059E-3 1.67822E-3 1.67223E-3 8.26935E-4 8.03625E-4 5.61053E-6 0E0 0E0 0E0 0E0 0E0 0E0 0E0 0E0 0E0 0E0 0E0 0E0 0E0 0E0 0E0 0E0 0E0 0E0 0E0 0E0 0E0 0E0 0E0 0E0 0E0 0E0 0E0 0E0 -9999 -9999 -9999 -9999 -9999 -9999 -9999 -9999 -9999 -9999 -9999 -9999 -9999 -9999 -9999 -9999 -9999 -9999 -9999 -9999 -9999 -9999 -9999 -9999 -9999 -9999 -9999 -9999 -9999 -9999 -9999 -9999
4.99721E-3 4.97502E-3 2.41065E-3 1.87239E-3 2.49784E-3 1.55092E-3 1.88411E-3 1.91114E-3 2.44613E-3 2.41274E-3 2.43242E-3 2.44827E-3 1.65164E-3 8.4323E-4 8.34102E-4 8.36568E-4 2.82159E-6 2.81724E-6 9.99992E-9 0E0 0E0 0E0 0E0 0E0 0E0 0E0 0E0 0E0 0E0 0E0 0E0 0E0 0E0 0E0 0E0 0E0 0E0 0E0 0E0 0E0 0E0 0E0 0E0 0E0 0E0 -9999 -9999 -9999 -9999 -9999 -9999 -9999 -9999 -9999 -9999 -9999 -9999 -9999 -9999 -9999 -9999 -9999 -9999 -9999 -9999 -9999 -9999 -9999 -9999 -9999 -9999 -9999 -9999 -9999 -9999 -9999 -9999
3.8549E-3 3.76924E-3 2.12374E-3 1.76218E-3 1.66686E-3 3.20647E-3 1.54301E-3 2.58607E-3 2.44518E-3 2.45857E-3 1.95689E-3 2.47455E-3 1.66301E-3 8.50333E-4 8.42448E-4 8.40248E-4 2.87353E-6 8.49699E-4 5.83481E-6 0E0 0E0 0E0 0E0 0E0 0E0 0E0 0E0 0E0 0E0 0E0 0E0 0E0 0E0 0E0 0E0 0E0 0E0 0E0 0E0 0E0 0E0 0E0 0E0 0E0 0E0 -9999 -9999 -9999 -9999 -9999 -9999 -9999 -9999 -9999 -9999 -9999 -9999 -9999 -9999 -9999 -9999 -9999 -9999 -9999 -9999 -9999 -9999 -9999 -9999 -9999 -9999 -9999 -9999 -9999 -9999 -9999 -9999
2.63201E-3 3.88682E-3 2.13417E-3 1.72212E-3 1.67641E-3 2.41741E-3 1.58901E-3 1.94062E-3 2.44677E-3 2.44345E-3 1.19844E-3 1.95932E-3 1.66559E-3 8.47915E-4 8.41606E-4 8.43232E-4 2.90478E-6 8.5557E-4 6.90065E-4 2.97539E-6 0E0 0E0 0E0 0E0 0E0 0E0 0E0 0E0 0E0 0E0 0E0 0E0 0E0 0E0 0E0 0E0 0E0 0E0 0E0 0E0 0E0 0E0 0E0 0E0 0E0 -9999 -9999 -9999 -9999 -9999 -9999 -9999 -9999 -9999 -9999 -9999 -9999 -9999 -9999 -9999 -9999 -9999 -9999 -9999 -9999 -9999 -9999 -9999 -9999 -9999 -9999 -9999 -9999 -9999 -9999 -9999 -9999
2.58987E-3 3.81886E-3 3.23452E-3 1.59097E-3 1.95386E-3 1.67415E-3 1.94731E-3 1.19987E-3 1.57876E-3 1.70414E-3 1.20618E-3 1.21608E-3 1.21868E-3 1.34517E-3 6.82933E-4 8.50897E-4 5.80971E-6 8.58218E-4 6.93131E-4 2.99366E-6 0E0 0E0 0E0 1.47576E-6 1.46825E-6 0E0 0E0 0E0 0E0 0E0 0E0 0E0 0E0 0E0 0E0 0E0 0E0 0E0 0E0 0E0 0E0 0E0 0E0 0E0 0E0 0E0 -9999 -9999 -9999 -9999 -9999 -9999 -9999 -9999 -9999 -9999 -9999 -9999 -9999 -9999 -9999 -9999 -9999 -9999 -9999 -9999 -9999 -9999 -9999 -9999 -9999 -9999 -9999 -9999 -9999 -9999 -9999
2.58904E-3 2.60043E-3 2.28017E-3 2.43708E-3 1.9473E-3 1.97657E-3 1.95935E-3 1.1973E-3 1.59411E-3 1.21708E-3 1.20777E-3 2.00573E-3 1.33993E-3 8.19616E-4 8.25405E-4 6.86726E-4 8.65548E-4 8.68326E-4 6.96571E-4 5.96196E-6 1.03053E-8 0E0 0E0 4.35608E-4 4.36595E-4 2.98147E-6 0E0 0E0 0E0 0E0 0E0 0E0 0E0 0E0 0E0 0E0 0E0 0E0 0E0 0E0 0E0 0E0 0E0 0E0 0E0 0E0 -9999 -9999 -9999 -9999 -9999 -9999 -9999 -9999 -9999 -9999 -9999 -9999 -9999 -9999 -9999 -9999 -9999 -9999 -9999 -9999 -9999 -9999 -9999 -9999 -9999 -9999 -9999 -9999 -9999 -9999 -9999
2.6077E-3 2.46745E-3 1.97287E-3 1.66291E-3 1.66528E-3 1.64738E-3 1.65592E-3 1.9869E-3 1.32523E-3 1.67272E-3 1.21017E-3 1.23712E-3 8.2767E-4 8.25299E-4 8.27646E-4 8.31505E-4 8.34244E-4 6.93223E-4 6.96561E-4 8.90902E-4 6.00898E-6 3.02082E-6 2.44593E-6 4.36568E-4 4.37257E-4 4.4841E-4 0E0 0E0 0E0 0E0 0E0 0E0 0E0 0E0 0E0 0E0 0E0 0E0 0E0 0E0 0E0 0E0 0E0 0E0 0E0 0E0 -9999 -9999 -9999 -9999 -9999 -9999 -9999 -9999 -9999 -9999 -9999 -9999 -9999 -9999 -9999 -9999 -9999 -9999 -9999 -9999 -9999 -9999 -9999 -9999 -9999 -9999 -9999 -9999 -9999 -9999 -9999
2.59898E-3 2.39601E-3 1.87064E-3 1.65956E-3 1.68124E-3 1.65773E-3 1.32361E-3 1.22326E-3 8.19318E-4 8.24779E-4 1.21709E-3 8.24782E-4 8.27838E-4 8.32142E-4 8.34491E-4 8.39283E-4 8.34518E-4 4.28787E-4 4.3492E-4 7.13213E-4 8.93082E-4 7.22647E-4 4.44533E-4 4.41379E-4 8.48191E-4 8.56969E-4 4.41809E-4 1.50275E-6 1.4683E-6 4.98059E-9 0E0 0E0 0E0 0E0 0E0 0E0 0E0 0E0 0E0 0E0 0E0 0E0 0E0 0E0 0E0 0E0 -9999 -9999 -9999 -9999 -9999 -9999 -9999 -9999 -9999 -9999 -9999 -9999 -9999 -9999 -9999 -9999 -9999 -9999 -9999 -9999 -9999 -9999 -9999 -9999 -9999 -9999 -9999 -9999 -9999 -9999 -9999
1.34039E-3 1.16238E-3 1.72161E-3 8.44627E-4 8.50173E-4 8.57737E-4 8.52825E-4 1.34373E-3 1.22976E-3 1.2125E-3 1.23521E-3 1.2227E-3 8.37294E-4 1.23144E-3 1.19848E-3 8.37003E-4 8.43667E-4 8.47133E-4 8.71851E-4 7.12976E-4 7.25148E-4 4.4283E-4 4.43359E-4 4.5034E-4 4.39654E-4 8.6232E-4 4.33058E-4 3.02774E-6 4.37047E-4 1.46644E-6 0E0 0E0 0E0 0E0 0E0 0E0 0E0 0E0 0E0 0E0 0E0 0E0 0E0 0E0 0E0 0E0 -9999 -9999 -9999 -9999 -9999 -9999 -9999 -9999 -9999 -9999 -9999 -9999 -9999 -9999 -9999 -9999 -9999 -9999 -9999 -9999 -9999 -9999 -9999 -9999 -9999 -9999 -9999 -9999 -9999 -9999 -9999
2.62176E-3 1.15985E-3 8.79615E-4 8.50563E-4 1.33685E-3 8.78005E-4 8.57762E-4 1.68795E-3 1.71364E-3 1.22785E-3 8.37361E-4 1.20696E-3 8.36722E-4 8.44565E-4 1.21417E-3 8.45899E-4 8.44375E-4 8.45136E-4 8.63787E-4 1.42643E-3 7.30773E-4 7.23585E-4 8.82944E-4 8.83384E-4 8.69794E-4 8.60384E-4 8.55569E-4 4.4749E-4 4.41139E-4 2.90033E-6 5.07046E-9 0E0 0E0 0E0 0E0 0E0 0E0 0E0 0E0 0E0 0E0 0E0 0E0 0E0 0E0 0E0 -9999 -9999 -9999 -9999 -9999 -9999 -9999 -9999 -9999 -9999 -9999 -9999 -9999 -9999 -9999 -9999 -9999 -9999 -9999 -9999 -9999 -9999 -9999 -9999 -9999 -9999 -9999 -9999 -9999 -9999 -9999
1.33967E-3 1.18252E-3 8.52928E-4 8.5384E-4 8.57947E-4 8.82211E-4 8.56716E-4 1.7057E-3 8.69698E-4 1.38068E-3 1.37679E-3 1.21756E-3 1.22888E-3 8.49006E-4 8.5174E-4 8.52474E-4 1.25854E-3 8.63638E-4 8.6419E-4 8.77639E-4 1.44698E-3 8.8457E-4 8.87335E-4 8.94642E-4 8.67325E-4 8.60129E-4 8.66132E-4 8.62762E-4 7.40777E-6 4.28833E-4 1.48893E-6 0E0 1.35246E-6 4.50599E-9 0E0 0E0 0E0 0E0 0E0 0E0 0E0 0E0 0E0 0E0 0E0 0E0 -9999 -9999 -9999 -9999 -9999 -9999 -9999 -9999 -9999 -9999 -9999 -9999 -9999 -9999 -9999 -9999 -9999 -9999 -9999 -9999 -9999 -9999 -9999 -9999 -9999 -9999 -9999 -9999 -9999 -9999 -9999
1.36954E-3 9.83568E-4 8.6789E-4 8.64106E-4 8.54586E-4 8.77985E-4 8.73331E-4 8.65823E-4 1.37933E-3 1.72276E-3 8.78564E-4 1.22587E-3 1.2243E-3 1.23939E-3 8.60308E-4 1.26591E-3 1.279E-3 1.2929E-3 8.77793E-4 8.76959E-4 8.81927E-4 8.93013E-4 8.90505E-4 1.31027E-3 1.28901E-3 1.25607E-3 1.26127E-3 8.52215E-4 4.5085E-4 4.31671E-4 2.98867E-6 4.85047E-9 3.93002E-4 1.32771E-6 0E0 0E0 0E0 0E0 0E0 0E0 0E0 0E0 0E0 0E0 0E0 0E0 0E0 -9999 -9999 -9999 -9999 -9999 -9999 -9999 -9999 -9999 -9999 -9999 -9999 -9999 -9999 -9999 -9999 -9999 -9999 -9999 -9999 -9999 -9999 -9999 -9999 -9999 -9999 -9999 -9999 -9999 -9999
1.33117E-3 3.62608E-6 8.63825E-4 8.80417E-4 8.63764E-4 8.76846E-4 2.9812E-6 8.78932E-4 1.74236E-3 8.35162E-4 8.56589E-4 8.50859E-4 1.24103E-3 1.25679E-3 1.27934E-3 1.25327E-3 1.29289E-3 1.28845E-3 1.30658E-3 1.31207E-3 1.31299E-3 1.32625E-3 1.33367E-3 1.3296E-3 1.28836E-3 1.2658E-3 1.24825E-3 1.22913E-3 8.70309E-4 4.46277E-4 4.33193E-4 1.42932E-6 3.92841E-4 1.31461E-6 0E0 0E0 0E0 0E0 0E0 0E0 0E0 0E0 0E0 0E0 0E0 0E0 0E0 -9999 -9999 -9999 -9999 -9999 -9999 -9999 -9999 -9999 -9999 -9999 -9999 -9999 -9999 -9999 -9999 -9999 -9999 -9999 -9999 -9999 -9999 -9999 -9999 -9999 -9999 -9999 -9999 -9999 -9999
1.25577E-3 6.42097E-6 1.02377E-8 8.80414E-4 8.85468E-4 8.80281E-4 1.75583E-8 8.78195E-4 1.7339E-3 1.41186E-3 8.49034E-4 8.59318E-4 1.25096E-3 1.24868E-3 1.26925E-3 1.2805E-3 1.27674E-3 1.30367E-3 1.32867E-3 1.33087E-3 1.31993E-3 1.34092E-3 1.32873E-3 1.3446E-3 1.28949E-3 1.27786E-3 1.25177E-3 1.23935E-3 8.59688E-4 4.43283E-4 4.28298E-4 1.45792E-6 3.93322E-4 1.3034E-6 0E0 0E0 0E0 0E0 0E0 0E0 0E0 0E0 0E0 0E0 0E0 0E0 0E0 -9999 -9999 -9999 -9999 -9999 -9999 -9999 -9999 -9999 -9999 -9999 -9999 -9999 -9999 -9999 -9999 -9999 -9999 -9999 -9999 -9999 -9999 -9999 -9999 -9999 -9999 -9999 -9999 -9999 -9999
2.50832E-3 9.03205E-4 6.06519E-6 8.88957E-4 8.87365E-4 1.39824E-3 0E0 8.94031E-4 8.54962E-4 8.9296E-4 1.25702E-3 8.61229E-4 1.26394E-3 1.64004E-3 1.67321E-3 1.27256E-3 1.29025E-3 1.31518E-3 1.31636E-3 1.32791E-3 1.32578E-3 1.34255E-3 1.74161E-3 1.33077E-3 1.32986E-3 1.29883E-3 1.6395E-3 1.23994E-3 8.47631E-4 4.45214E-4 4.3731E-4 2.91906E-6 3.9223E-4 1.30576E-6 0E0 0E0 0E0 0E0 0E0 0E0 0E0 0E0 0E0 0E0 0E0 0E0 0E0 -9999 -9999 -9999 -9999 -9999 -9999 -9999 -9999 -9999 -9999 -9999 -9999 -9999 -9999 -9999 -9999 -9999 -9999 -9999 -9999 -9999 -9999 -9999 -9999 -9999 -9999 -9999 -9999 -9999 -9999
1.16628E-3 1.74115E-3 8.99297E-4 9.04656E-4 9.10239E-4 8.81797E-4 6.23666E-6 9.04329E-4 8.97599E-4 9.08113E-4 8.64069E-4 1.26267E-3 1.27766E-3 1.67618E-3 1.66695E-3 1.68025E-3 1.71772E-3 1.31852E-3 1.32359E-3 1.76013E-3 1.76607E-3 1.75869E-3 1.74955E-3 1.73751E-3 1.72119E-3 1.69626E-3 1.64728E-3 1.63431E-3 1.25619E-3 8.50347E-4 4.40447E-4 4.20505E-4 1.38196E-6 0E0 0E0 0E0 0E0 0E0 0E0 0E0 0E0 0E0 0E0 0E0 0E0 0E0 0E0 -9999 -9999 -9999 -9999 -9999 -9999 -9999 -9999 -9999 -9999 -9999 -9999 -9999 -9999 -9999 -9999 -9999 -9999 -9999 -9999 -9999 -9999 -9999 -9999 -9999 -9999 -9999 -9999 -9999 -9999
9.73078E-4 1.38919E-3 8.99387E-4 9.07622E-4 9.01904E-4 8.98947E-4 9.01679E-4 7.18361E-9 8.56429E-4 9.16774E-4 1.42781E-3 1.29016E-3 1.29453E-3 1.69166E-3 2.07581E-3 2.08334E-3 1.69127E-3 1.72846E-3 1.77631E-3 1.76244E-3 1.79097E-3 1.74883E-3 1.76039E-3 1.75627E-3 1.73E-3 1.65512E-3 1.64987E-3 1.61128E-3 1.24062E-3 8.47416E-4 4.29791E-4 2.37835E-6 0E0 0E0 0E0 0E0 0E0 0E0 0E0 0E0 0E0 0E0 0E0 0E0 0E0 0E0 0E0 -9999 -9999 -9999 -9999 -9999 -9999 -9999 -9999 -9999 -9999 -9999 -9999 -9999 -9999 -9999 -9999 -9999 -9999 -9999 -9999 -9999 -9999 -9999 -9999 -9999 -9999 -9999 -9999 -9999 -9999
9.15413E-4 1.77093E-3 1.76991E-3 1.78086E-3 9.0661E-4 9.04956E-4 8.91192E-4 0E0 9.17331E-4 9.26327E-4 1.82292E-3 1.68291E-3 1.31745E-3 1.6941E-3 2.07151E-3 2.06636E-3 2.11322E-3 2.13416E-3 1.73178E-3 1.74757E-3 1.77798E-3 1.75899E-3 1.76181E-3 1.7576E-3 1.7271E-3 1.67859E-3 1.6388E-3 1.62816E-3 1.23099E-3 8.38233E-4 4.32307E-4 2.4012E-6 0E0 0E0 0E0 0E0 0E0 0E0 0E0 0E0 0E0 0E0 0E0 0E0 0E0 0E0 0E0 -9999 -9999 -9999 -9999 -9999 -9999 -9999 -9999 -9999 -9999 -9999 -9999 -9999 -9999 -9999 -9999 -9999 -9999 -9999 -9999 -9999 -9999 -9999 -9999 -9999 -9999 -9999 -9999 -9999 -9999
0E0 9.27617E-4 9.16201E-4 9.10488E-4 9.08757E-4 1.78493E-3 1.77215E-3 9.64599E-6 9.15711E-4 9.38798E-4 9.39826E-4 1.32786E-3 1.72641E-3 1.73886E-3 2.09294E-3 2.08919E-3 2.13136E-3 2.14121E-3 2.09708E-3 2.13165E-3 2.19059E-3 1.79183E-3 1.78947E-3 1.75775E-3 1.75404E-3 1.6724E-3 1.64832E-3 1.61233E-3 1.21576E-3 8.32124E-4 4.30104E-4 1.45295E-6 0E0 0E0 0E0 0E0 0E0 0E0 0E0 0E0 0E0 0E0 0E0 0E0 0E0 0E0 0E0 -9999 -9999 -9999 -9999 -9999 -9999 -9999 -9999 -9999 -9999 -9999 -9999 -9999 -9999 -9999 -9999 -9999 -9999 -9999 -9999 -9999 -9999 -9999 -9999 -9999 -9999 -9999 -9999 -9999 -9999
0E0 9.11729E-4 9.47363E-6 0E0 3.13445E-6 9.15606E-4 1.79739E-3 9.45087E-4 9.47772E-4 1.84029E-3 1.85335E-3 1.33051E-3 1.33492E-3 1.76754E-3 2.15896E-3 2.11562E-3 2.51555E-3 2.1635E-3 2.16351E-3 2.53111E-3 2.15979E-3 2.17069E-3 1.78865E-3 1.78523E-3 1.74043E-3 1.69011E-3 1.65502E-3 1.24765E-3 1.21589E-3 8.28476E-4 4.22725E-4 1.45386E-6 0E0 0E0 0E0 0E0 0E0 0E0 0E0 0E0 0E0 0E0 0E0 0E0 0E0 0E0 0E0 -9999 -9999 -9999 -9999 -9999 -9999 -9999 -9999 -9999 -9999 -9999 -9999 -9999 -9999 -9999 -9999 -9999 -9999 -9999 -9999 -9999 -9999 -9999 -9999 -9999 -9999 -9999 -9999 -9999 -9999
0E0 9.31135E-4 1.80133E-3 0E0 9.3579E-4 9.38126E-4 9.2893E-4 1.44268E-3 1.32715E-5 1.86842E-3 2.75398E-3 1.73433E-3 2.9374E-3 2.78355E-3 2.20124E-3 2.17339E-3 2.12076E-3 2.14774E-3 2.15113E-3 2.16852E-3 2.17213E-3 2.15762E-3 2.18135E-3 1.76415E-3 1.75397E-3 1.70028E-3 1.64629E-3 1.60024E-3 1.21702E-3 8.16851E-4 8.12591E-4 2.83601E-6 0E0 0E0 0E0 0E0 0E0 0E0 0E0 0E0 0E0 0E0 0E0 0E0 0E0 0E0 0E0 -9999 -9999 -9999 -9999 -9999 -9999 -9999 -9999 -9999 -9999 -9999 -9999 -9999 -9999 -9999 -9999 -9999 -9999 -9999 -9999 -9999 -9999 -9999 -9999 -9999 -9999 -9999 -9999 -9999 -9999
1.10221E-8 9.46862E-4 1.3083E-3 1.59069E-5 2.20244E-8 9.35726E-4 9.43734E-4 1.82917E-3 1.88427E-3 1.88196E-3 2.74516E-3 1.77164E-3 2.17922E-3 2.84711E-3 2.20309E-3 2.16939E-3 2.56519E-3 2.5391E-3 2.55951E-3 2.17553E-3 2.17572E-3 2.17181E-3 2.16341E-3 1.78041E-3 1.73959E-3 1.71312E-3 1.65128E-3 1.61254E-3 1.21274E-3 8.16003E-4 4.21245E-4 1.43881E-6 0E0 0E0 0E0 0E0 0E0 0E0 0E0 0E0 0E0 0E0 0E0 0E0 0E0 0E0 0E0 -9999 -9999 -9999 -9999 -9999 -9999 -9999 -9999 -9999 -9999 -9999 -9999 -9999 -9999 -9999 -9999 -9999 -9999 -9999 -9999 -9999 -9999 -9999 -9999 -9999 -9999 -9999 -9999 -9999 -9999
3.27998E-6 9.29261E-4 1.44805E-3 1.81559E-3 1.2833E-5 9.42466E-4 6.58585E-6 9.76783E-4 1.91802E-3 2.91962E-3 2.91695E-3 2.1694E-3 2.18942E-3 3.75737E-3 3.67984E-3 2.6169E-3 2.55658E-3 2.5415E-3 2.55911E-3 2.56398E-3 2.54995E-3 2.14402E-3 2.14492E-3 1.77672E-3 1.74576E-3 1.7215E-3 1.64543E-3 1.60568E-3 1.2013E-3 8.0484E-4 4.16921E-4 1.39906E-6 0E0 0E0 0E0 0E0 0E0 0E0 0E0 0E0 0E0 0E0 0E0 0E0 0E0 0E0 0E0 -9999 -9999 -9999 -9999 -9999 -9999 -9999 -9999 -9999 -9999 -9999 -9999 -9999 -9999 -9999 -9999 -9999 -9999 -9999 -9999 -9999 -9999 -9999 -9999 -9999 -9999 -9999 -9999 -9999 -9999
6.52788E-6 1.84032E-3 9.3853E-4 9.3397E-4 1.84731E-3 1.87119E-3 9.67597E-4 1.90777E-3 2.76221E-3 2.78596E-3 3.75738E-3 2.55994E-3 2.56711E-3 2.61735E-3 3.78296E-3 2.63786E-3 2.58111E-3 2.94084E-3 2.51439E-3 2.56042E-3 2.55359E-3 2.56125E-3 2.15445E-3 2.18664E-3 1.76743E-3 1.72953E-3 1.6768E-3 1.5885E-3 1.20259E-3 8.06252E-4 4.08899E-4 1.38423E-6 0E0 0E0 0E0 0E0 0E0 0E0 0E0 0E0 0E0 0E0 0E0 0E0 0E0 0E0 0E0 -9999 -9999 -9999 -9999 -9999 -9999 -9999 -9999 -9999 -9999 -9999 -9999 -9999 -9999 -9999 -9999 -9999 -9999 -9999 -9999 -9999 -9999 -9999 -9999 -9999 -9999 -9999 -9999 -9999 -9999
9.49678E-4 1.85025E-3 1.84717E-3 1.85515E-3 1.85722E-3 2.74214E-3 2.77541E-3 2.81894E-3 2.81054E-3 2.81729E-3 3.72503E-3 2.2596E-3 2.60492E-3 2.91919E-3 4.57798E-3 2.66543E-3 2.57878E-3 2.92873E-3 2.91346E-3 2.91509E-3 2.56729E-3 2.56316E-3 2.16392E-3 2.16372E-3 1.75623E-3 1.74922E-3 1.27077E-3 1.23305E-3 1.19088E-3 8.01637E-4 4.0534E-4 1.37939E-6 0E0 0E0 0E0 0E0 0E0 0E0 0E0 0E0 0E0 0E0 0E0 0E0 0E0 0E0 0E0 -9999 -9999 -9999 -9999 -9999 -9999 -9999 -9999 -9999 -9999 -9999 -9999 -9999 -9999 -9999 -9999 -9999 -9999 -9999 -9999 -9999 -9999 -9999 -9999 -9999 -9999 -9999 -9999 -9999 -9999
9.64721E-4 1.86667E-3 1.8572E-3 1.86792E-3 1.91722E-3 2.75614E-3 1.79387E-3 1.78665E-3 2.89089E-3 2.93701E-3 3.74802E-3 3.65515E-3 2.9746E-3 2.91609E-3 2.61335E-3 2.65056E-3 2.97811E-3 2.9203E-3 2.91038E-3 2.90572E-3 2.53988E-3 2.52392E-3 2.51317E-3 2.13254E-3 1.76392E-3 1.73548E-3 1.28963E-3 1.27028E-3 8.30339E-4 7.95815E-4 4.04486E-4 1.36603E-6 0E0 0E0 0E0 0E0 0E0 0E0 0E0 0E0 0E0 0E0 0E0 0E0 0E0 0E0 0E0 -9999 -9999 -9999 -9999 -9999 -9999 -9999 -9999 -9999 -9999 -9999 -9999 -9999 -9999 -9999 -9999 -9999 -9999 -9999 -9999 -9999 -9999 -9999 -9999 -9999 -9999 -9999 -9999 -9999 -9999
9.75879E-4 9.86573E-4 1.35646E-3 1.9005E-3 1.95894E-3 2.94755E-3 2.21435E-3 2.17123E-3 3.87832E-3 3.77577E-3 4.66818E-3 4.68241E-3 2.99781E-3 2.99565E-3 3.03717E-3 3.02422E-3 2.90169E-3 2.90371E-3 2.87812E-3 2.87161E-3 2.90896E-3 2.53309E-3 2.51645E-3 2.11975E-3 2.12823E-3 1.7018E-3 1.29592E-3 1.24372E-3 1.19661E-3 8.05602E-4 4.08668E-4 1.37301E-6 0E0 0E0 0E0 0E0 0E0 0E0 0E0 0E0 0E0 0E0 0E0 0E0 0E0 0E0 0E0 -9999 -9999 -9999 -9999 -9999 -9999 -9999 -9999 -9999 -9999 -9999 -9999 -9999 -9999 -9999 -9999 -9999 -9999 -9999 -9999 -9999 -9999 -9999 -9999 -9999 -9999 -9999 -9999 -9999 -9999
9.84916E-4 1.92928E-3 2.23028E-3 2.82151E-3 1.82168E-3 2.22194E-3 2.19255E-3 2.56883E-3 3.88243E-3 4.67386E-3 4.71887E-3 4.69104E-3 2.97012E-3 3.00697E-3 3.0046E-3 3.02358E-3 3.28648E-3 3.25473E-3 2.88448E-3 2.88065E-3 2.8863E-3 2.49957E-3 2.47716E-3 2.4742E-3 2.10163E-3 1.72648E-3 1.29874E-3 1.23624E-3 8.15143E-4 8.07375E-4 4.08134E-4 1.02141E-6 0E0 0E0 0E0 0E0 0E0 0E0 0E0 0E0 0E0 0E0 0E0 0E0 0E0 0E0 0E0 -9999 -9999 -9999 -9999 -9999 -9999 -9999 -9999 -9999 -9999 -9999 -9999 -9999 -9999 -9999 -9999 -9999 -9999 -9999 -9999 -9999 -9999 -9999 -9999 -9999 -9999 -9999 -9999 -9999 -9999
2.83793E-3 2.96716E-3 2.95209E-3 3.68076E-3 2.26799E-3 2.24663E-3 2.25164E-3 2.62018E-3 4.67055E-3 4.75888E-3 5.4724E-3 4.78514E-3 3.00782E-3 3.37009E-3 3.33497E-3 3.0045E-3 3.25449E-3 3.232E-3 3.21831E-3 3.19257E-3 2.82368E-3 2.82132E-3 2.45726E-3 2.42679E-3 2.05198E-3 1.68816E-3 1.28029E-3 1.27387E-3 8.27687E-4 8.01778E-4 4.002E-4 8.95819E-7 0E0 0E0 0E0 0E0 0E0 0E0 0E0 0E0 0E0 0E0 0E0 0E0 0E0 0E0 0E0 -9999 -9999 -9999 -9999 -9999 -9999 -9999 -9999 -9999 -9999 -9999 -9999 -9999 -9999 -9999 -9999 -9999 -9999 -9999 -9999 -9999 -9999 -9999 -9999 -9999 -9999 -9999 -9999 -9999 -9999
2.8169E-3 3.73384E-3 3.77411E-3 2.98072E-3 2.23033E-3 2.24161E-3 2.25308E-3 2.63776E-3 2.69295E-3 4.73259E-3 4.38719E-3 4.77742E-3 3.10142E-3 3.3191E-3 3.24201E-3 3.3044E-3 3.30866E-3 3.19069E-3 3.17369E-3 3.18392E-3 2.80497E-3 2.76477E-3 2.80192E-3 2.39346E-3 2.03157E-3 2.01332E-3 1.66192E-3 1.25732E-3 8.24345E-4 7.95988E-4 4.01862E-4 9.0054E-7 0E0 0E0 0E0 0E0 0E0 0E0 0E0 0E0 0E0 0E0 0E0 0E0 0E0 0E0 0E0 -9999 -9999 -9999 -9999 -9999 -9999 -9999 -9999 -9999 -9999 -9999 -9999 -9999 -9999 -9999 -9999 -9999 -9999 -9999 -9999 -9999 -9999 -9999 0E0 0E0 0E0 0E0 -9999 -9999 -9999
3.74579E-3 2.26549E-3 2.25074E-3 2.25573E-3 3.69053E-3 2.27372E-3 2.6711E-3 2.65733E-3 2.67708E-3 5.61089E-3 3.04944E-3 5.62636E-3 3.10318E-3 3.30654E-3 3.23627E-3 3.26616E-3 3.27392E-3 3.22252E-3 3.15072E-3 3.15312E-3 3.12358E-3 2.73294E-3 2.70277E-3 2.66206E-3 2.31682E-3 1.98412E-3 1.62767E-3 1.24772E-3 8.18201E-4 7.85113E-4 3.98193E-4 8.93288E-7 0E0 0E0 0E0 0E0 0E0 0E0 0E0 0E0 0E0 0E0 0E0 0E0 0E0 0E0 0E0 -9999 -9999 -9999 -9999 -9999 -9999 -9999 -9999 -9999 -9999 -9999 -9999 -9999 -9999 -9999 -9999 -9999 -9999 0E0 0E0 0E0 0E0 0E0 0E0 0E0 0E0 0E0 0E0 0E0 0E0
3.76997E-3 2.26113E-3 4.62442E-3 3.70895E-3 2.27477E-3 3.68807E-3 2.71145E-3 2.71292E-3 3.05016E-3 4.43535E-3 5.5655E-3 4.43522E-3 5.53705E-3 3.04629E-3 3.23298E-3 3.2344E-3 3.19216E-3 3.26446E-3 3.25775E-3 3.18795E-3 3.09682E-3 2.69954E-3 2.66427E-3 2.64051E-3 2.2824E-3 2.24426E-3 1.92239E-3 1.21601E-3 8.34582E-4 7.84973E-4 2.95241E-4 8.74804E-7 0E0 0E0 0E0 0E0 0E0 0E0 0E0 0E0 0E0 0E0 0E0 0E0 0E0 0E0 0E0 -9999 -9999 -9999 -9999 -9999 -9999 -9999 -9999 -9999 -9999 -9999 -9999 -9999 -9999 -9999 -9999 -9999 0E0 0E0 0E0 0E0 0E0 0E0 0E0 0E0 0E0 0E0 0E0 0E0 0E0
4.67505E-3 2.27045E-3 3.73488E-3 3.74167E-3 4.66526E-3 4.37981E-3 2.7272E-3 4.4298E-3 3.11887E-3 3.0892E-3 5.71236E-3 3.04238E-3 5.65795E-3 3.11723E-3 3.26621E-3 3.24463E-3 3.23011E-3 3.20367E-3 3.19479E-3 3.16149E-3 3.07268E-3 2.7365E-3 2.68873E-3 2.64056E-3 2.2505E-3 2.21843E-3 1.8738E-3 1.56001E-3 1.18281E-3 4.11665E-4 2.55083E-4 8.60356E-7 0E0 0E0 0E0 0E0 0E0 0E0 0E0 0E0 0E0 0E0 0E0 0E0 0E0 0E0 0E0 -9999 -9999 -9999 -9999 -9999 -9999 -9999 -9999 -9999 -9999 -9999 -9999 -9999 -9999 -9999 -9999 -9999 0E0 0E0 0E0 0E0 0E0 0E0 0E0 0E0 0E0 0E0 0E0 0E0 0E0
2.2754E-3 3.72769E-3 3.73456E-3 4.42752E-3 4.47036E-3 4.42999E-3 4.40473E-3 2.71516E-3 2.68702E-3 3.04154E-3 5.57023E-3 5.07544E-3 5.51463E-3 5.56446E-3 3.2931E-3 3.19996E-3 3.20744E-3 3.16067E-3 3.16617E-3 3.12317E-3 3.04999E-3 3.04474E-3 2.68217E-3 2.63274E-3 2.23437E-3 2.19788E-3 1.82476E-3 1.5183E-3 1.16444E-3 4.06064E-4 2.52434E-4 8.63838E-7 0E0 0E0 0E0 0E0 0E0 0E0 0E0 0E0 0E0 0E0 0E0 0E0 0E0 0E0 0E0 -9999 -9999 -9999 -9999 -9999 -9999 -9999 -9999 -9999 -9999 -9999 -9999 -9999 -9999 -9999 -9999 -9999 8.96818E-3 0E0 0E0 0E0 0E0 0E0 0E0 0E0 0E0 0E0 0E0 0E0 0E0
