day_2/Results/Podomys_floridanus/projections/PaleoClim/-21000/R_clampingUN_1.asc
ncols         385
nrows         252
xllcorner     -91.50013924285
yllcorner     25.49986064915003
cellsize      0.041666666500000005
NODATA_value  -9999
[rows 175 to 209 of 252, columns 231 to 307 of 385]
8.67636E-3 2.08933E-2 1.71915E-2 1.60292E-2 6.94366E-3 8.59113E-3 8.51007E-3 7.05079E-3 1.27414E-2 1.27046E-2 1.27238E-2 5.56371E-3 8.35138E-3 4.08736E-3 4.09528E-3 1.31715E-3 1.30942E-3 1.10254E-5 0E0 0E0 1.3169E-3 4.42935E-6 0E0 0E0 0E0 0E0 0E0 0E0 0E0 0E0 0E0 0E0 0E0 0E0 0E0 0E0 0E0 0E0 0E0 0E0 0E0 0E0 0E0 0E0 0E0 -9999 -9999 -9999 -9999 -9999 -9999 -9999 -9999 -9999 -9999 -9999 -9999 -9999 -9999 -9999 -9999 -9999 -9999 -9999 -9999 -9999 -9999 -9999 -9999 -9999 -9999 -9999 -9999 -9999 -9999 -9999 -9999
6.84293E-3 1.74247E-2 6.79067E-3 9.00022E-3 5.53799E-3 6.95278E-3 8.55884E-3 8.61523E-3 5.57106E-3 1.05745E-2 1.27854E-2 1.0604E-2 8.38983E-3 8.3128E-3 3.39422E-3 2.67738E-3 2.23253E-5 0E0 0E0 0E0 0E0 0E0 0E0 0E0 0E0 0E0 0E0 0E0 0E0 0E0 0E0 0E0 0E0 0E0 0E0 0E0 0E0 0E0 0E0 0E0 0E0 0E0 0E0 0E0 0E0 -9999 -9999 -9999 -9999 -9999 -9999 -9999 -9999 -9999 -9999 -9999 -9999 -9999 -9999 -9999 -9999 -9999 -9999 -9999 -9999 -9999 -9999 -9999 -9999 -9999 -9999 -9999 -9999 -9999 -9999 -9999 -9999
1.7394E-2 1.73701E-2 6.79595E-3 8.86738E-3 1.27714E-2 5.50984E-3 6.97459E-3 7.0228E-3 1.27476E-2 1.04944E-2 4.11787E-3 1.06074E-2 6.90886E-3 4.10587E-3 3.41522E-3 3.39986E-3 1.12445E-5 1.11552E-5 4.67621E-8 0E0 0E0 0E0 0E0 0E0 0E0 0E0 0E0 0E0 0E0 0E0 0E0 0E0 0E0 0E0 0E0 0E0 0E0 0E0 0E0 0E0 0E0 0E0 0E0 0E0 0E0 -9999 -9999 -9999 -9999 -9999 -9999 -9999 -9999 -9999 -9999 -9999 -9999 -9999 -9999 -9999 -9999 -9999 -9999 -9999 -9999 -9999 -9999 -9999 -9999 -9999 -9999 -9999 -9999 -9999 -9999 -9999 -9999
1.53408E-2 1.27679E-2 6.38162E-3 8.59414E-3 8.3291E-3 5.56723E-3 5.50017E-3 5.63437E-3 1.06689E-2 1.05815E-2 4.13514E-3 1.05963E-2 6.92963E-3 4.12086E-3 3.41022E-3 3.42047E-3 1.35911E-5 3.43697E-3 2.26201E-5 0E0 0E0 0E0 0E0 0E0 0E0 0E0 0E0 0E0 0E0 0E0 0E0 0E0 0E0 0E0 0E0 0E0 0E0 0E0 0E0 0E0 0E0 0E0 0E0 0E0 0E0 -9999 -9999 -9999 -9999 -9999 -9999 -9999 -9999 -9999 -9999 -9999 -9999 -9999 -9999 -9999 -9999 -9999 -9999 -9999 -9999 -9999 -9999 -9999 -9999 -9999 -9999 -9999 -9999 -9999 -9999 -9999 -9999
1.01441E-2 1.29313E-2 6.42246E-3 8.56513E-3 8.3958E-3 1.04426E-2 5.59352E-3 4.10286E-3 1.05664E-2 1.05912E-2 4.10078E-3 4.13302E-3 6.97119E-3 4.14111E-3 3.40884E-3 3.40516E-3 1.35724E-5 1.34151E-3 1.35012E-3 1.36905E-5 0E0 0E0 0E0 0E0 0E0 0E0 0E0 0E0 0E0 0E0 0E0 0E0 0E0 0E0 0E0 0E0 0E0 0E0 0E0 0E0 0E0 0E0 0E0 0E0 0E0 -9999 -9999 -9999 -9999 -9999 -9999 -9999 -9999 -9999 -9999 -9999 -9999 -9999 -9999 -9999 -9999 -9999 -9999 -9999 -9999 -9999 -9999 -9999 -9999 -9999 -9999 -9999 -9999 -9999 -9999 -9999 -9999
1.00202E-2 1.27536E-2 1.18689E-2 5.59653E-3 4.11551E-3 8.43618E-3 4.12334E-3 4.12655E-3 5.60622E-3 8.49883E-3 4.12866E-3 4.16531E-3 4.12321E-3 2.72306E-3 1.34808E-3 1.34334E-3 2.72342E-5 3.43019E-3 1.34402E-3 1.37266E-5 0E0 0E0 0E0 4.4207E-6 4.46088E-6 0E0 0E0 0E0 0E0 0E0 0E0 0E0 0E0 0E0 0E0 0E0 0E0 0E0 0E0 0E0 0E0 0E0 0E0 0E0 0E0 0E0 -9999 -9999 -9999 -9999 -9999 -9999 -9999 -9999 -9999 -9999 -9999 -9999 -9999 -9999 -9999 -9999 -9999 -9999 -9999 -9999 -9999 -9999 -9999 -9999 -9999 -9999 -9999 -9999 -9999 -9999 -9999
1.00616E-2 8.42929E-3 7.95813E-3 1.05257E-2 4.12317E-3 4.1511E-3 4.1347E-3 4.09903E-3 5.59166E-3 4.14825E-3 4.10936E-3 4.15225E-3 2.71825E-3 2.69019E-3 2.7105E-3 1.3493E-3 3.4564E-3 3.46731E-3 1.35247E-3 2.29395E-5 3.93303E-8 0E0 0E0 1.34752E-3 1.34488E-3 8.95291E-6 0E0 0E0 0E0 0E0 0E0 0E0 0E0 0E0 0E0 0E0 0E0 0E0 0E0 0E0 0E0 0E0 0E0 0E0 0E0 0E0 -9999 -9999 -9999 -9999 -9999 -9999 -9999 -9999 -9999 -9999 -9999 -9999 -9999 -9999 -9999 -9999 -9999 -9999 -9999 -9999 -9999 -9999 -9999 -9999 -9999 -9999 -9999 -9999 -9999 -9999 -9999
8.4396E-3 8.27361E-3 8.98785E-3 6.96179E-3 6.96591E-3 6.89415E-3 6.90965E-3 4.15637E-3 2.70818E-3 2.73891E-3 4.12846E-3 4.16931E-3 2.70475E-3 2.71035E-3 2.72543E-3 2.71383E-3 2.73998E-3 1.34668E-3 1.35245E-3 3.48405E-3 2.30172E-5 4.51853E-6 4.50916E-6 1.35303E-3 1.35231E-3 1.37532E-3 0E0 0E0 0E0 0E0 0E0 0E0 0E0 0E0 0E0 0E0 0E0 0E0 0E0 0E0 0E0 0E0 0E0 0E0 0E0 0E0 -9999 -9999 -9999 -9999 -9999 -9999 -9999 -9999 -9999 -9999 -9999 -9999 -9999 -9999 -9999 -9999 -9999 -9999 -9999 -9999 -9999 -9999 -9999 -9999 -9999 -9999 -9999 -9999 -9999 -9999 -9999
8.45534E-3 8.07947E-3 7.36154E-3 6.97902E-3 6.94911E-3 6.93562E-3 2.70139E-3 4.17059E-3 2.69937E-3 2.71689E-3 4.15684E-3 2.70324E-3 2.7141E-3 2.7348E-3 2.72096E-3 2.73634E-3 2.72215E-3 1.35648E-3 1.36788E-3 1.36821E-3 1.36954E-3 1.38112E-3 1.37306E-3 1.36635E-3 2.72412E-3 2.72654E-3 1.35014E-3 4.42562E-6 4.35324E-6 1.47801E-8 0E0 0E0 0E0 0E0 0E0 0E0 0E0 0E0 0E0 0E0 0E0 0E0 0E0 0E0 0E0 0E0 -9999 -9999 -9999 -9999 -9999 -9999 -9999 -9999 -9999 -9999 -9999 -9999 -9999 -9999 -9999 -9999 -9999 -9999 -9999 -9999 -9999 -9999 -9999 -9999 -9999 -9999 -9999 -9999 -9999 -9999 -9999
5.00443E-3 4.68769E-3 7.04422E-3 4.10884E-3 4.16149E-3 4.12843E-3 4.13516E-3 2.71648E-3 4.1554E-3 4.10922E-3 4.15837E-3 4.14222E-3 2.74241E-3 4.14021E-3 4.12809E-3 2.7178E-3 2.7355E-3 2.76159E-3 2.77814E-3 1.37817E-3 1.3786E-3 1.36628E-3 1.36346E-3 1.36636E-3 1.34828E-3 2.73821E-3 1.34374E-3 8.8842E-6 1.32615E-3 4.33207E-6 0E0 0E0 0E0 0E0 0E0 0E0 0E0 0E0 0E0 0E0 0E0 0E0 0E0 0E0 0E0 0E0 -9999 -9999 -9999 -9999 -9999 -9999 -9999 -9999 -9999 -9999 -9999 -9999 -9999 -9999 -9999 -9999 -9999 -9999 -9999 -9999 -9999 -9999 -9999 -9999 -9999 -9999 -9999 -9999 -9999 -9999 -9999
8.46716E-3 4.71218E-3 3.48067E-3 3.42967E-3 2.72345E-3 4.19592E-3 4.12143E-3 6.97872E-3 7.05324E-3 4.14447E-3 2.74246E-3 4.10586E-3 2.72684E-3 2.74407E-3 4.1028E-3 2.74148E-3 2.74984E-3 2.73949E-3 2.77656E-3 2.78021E-3 1.38865E-3 1.37432E-3 2.7834E-3 2.77229E-3 2.74477E-3 2.71477E-3 2.69644E-3 1.35754E-3 1.3343E-3 8.5264E-6 1.46619E-8 0E0 0E0 0E0 0E0 0E0 0E0 0E0 0E0 0E0 0E0 0E0 0E0 0E0 0E0 0E0 -9999 -9999 -9999 -9999 -9999 -9999 -9999 -9999 -9999 -9999 -9999 -9999 -9999 -9999 -9999 -9999 -9999 -9999 -9999 -9999 -9999 -9999 -9999 -9999 -9999 -9999 -9999 -9999 -9999 -9999 -9999
5.02433E-3 4.76178E-3 4.13543E-3 4.09642E-3 3.43751E-3 4.21324E-3 3.44974E-3 7.03184E-3 3.46506E-3 2.75736E-3 2.72484E-3 4.13825E-3 4.15856E-3 2.73794E-3 2.74722E-3 2.76177E-3 4.17487E-3 2.77176E-3 2.78689E-3 2.78603E-3 2.82712E-3 2.802E-3 2.79233E-3 2.79857E-3 2.74404E-3 2.72357E-3 2.71408E-3 2.69328E-3 1.33622E-5 1.29712E-3 4.29886E-6 0E0 4.27149E-6 1.43399E-8 0E0 0E0 0E0 0E0 0E0 0E0 0E0 0E0 0E0 0E0 0E0 0E0 -9999 -9999 -9999 -9999 -9999 -9999 -9999 -9999 -9999 -9999 -9999 -9999 -9999 -9999 -9999 -9999 -9999 -9999 -9999 -9999 -9999 -9999 -9999 -9999 -9999 -9999 -9999 -9999 -9999 -9999 -9999
5.02316E-3 4.40694E-3 4.14242E-3 4.1345E-3 3.43169E-3 4.16307E-3 4.12065E-3 3.44474E-3 2.75608E-3 2.76719E-3 3.4725E-3 4.10143E-3 4.1237E-3 4.16248E-3 2.76517E-3 4.23069E-3 4.22333E-3 4.25883E-3 2.7821E-3 2.79709E-3 2.7923E-3 2.79485E-3 2.77718E-3 4.25008E-3 4.1966E-3 4.13081E-3 4.11011E-3 2.68887E-3 1.34245E-3 1.30549E-3 8.60668E-6 1.50766E-8 1.2867E-3 4.20445E-6 0E0 0E0 0E0 0E0 0E0 0E0 0E0 0E0 0E0 0E0 0E0 0E0 0E0 -9999 -9999 -9999 -9999 -9999 -9999 -9999 -9999 -9999 -9999 -9999 -9999 -9999 -9999 -9999 -9999 -9999 -9999 -9999 -9999 -9999 -9999 -9999 -9999 -9999 -9999 -9999 -9999 -9999 -9999
5.03043E-3 1.49083E-5 3.44872E-3 4.1848E-3 3.46213E-3 4.17735E-3 1.3809E-5 4.16403E-3 7.04344E-3 2.73034E-3 2.76159E-3 2.73514E-3 4.16212E-3 4.1886E-3 4.23814E-3 4.16987E-3 4.24363E-3 4.26676E-3 4.26217E-3 4.25161E-3 4.27908E-3 4.2771E-3 4.26478E-3 4.23446E-3 4.15936E-3 4.10819E-3 4.05374E-3 4.00333E-3 2.69596E-3 1.3277E-3 1.28371E-3 4.42572E-6 1.27301E-3 4.14091E-6 0E0 0E0 0E0 0E0 0E0 0E0 0E0 0E0 0E0 0E0 0E0 0E0 0E0 -9999 -9999 -9999 -9999 -9999 -9999 -9999 -9999 -9999 -9999 -9999 -9999 -9999 -9999 -9999 -9999 -9999 -9999 -9999 -9999 -9999 -9999 -9999 -9999 -9999 -9999 -9999 -9999 -9999 -9999
4.88654E-3 2.84149E-5 4.7155E-8 4.19274E-3 4.16977E-3 3.47665E-3 7.94062E-8 3.45159E-3 2.76655E-3 2.77934E-3 2.73525E-3 2.74732E-3 4.19268E-3 4.15059E-3 4.19644E-3 4.22533E-3 4.18943E-3 4.25767E-3 4.30826E-3 4.29227E-3 4.25556E-3 4.29821E-3 4.27197E-3 4.26662E-3 4.17059E-3 4.12577E-3 4.06963E-3 4.0183E-3 2.68553E-3 1.3257E-3 1.27889E-3 4.46531E-6 1.27496E-3 4.12845E-6 0E0 0E0 0E0 0E0 0E0 0E0 0E0 0E0 0E0 0E0 0E0 0E0 0E0 -9999 -9999 -9999 -9999 -9999 -9999 -9999 -9999 -9999 -9999 -9999 -9999 -9999 -9999 -9999 -9999 -9999 -9999 -9999 -9999 -9999 -9999 -9999 -9999 -9999 -9999 -9999 -9999 -9999 -9999
8.27201E-3 4.2643E-3 2.78344E-5 4.16864E-3 4.1895E-3 2.77052E-3 0E0 4.17538E-3 2.75372E-3 3.51681E-3 4.18034E-3 2.76643E-3 4.18281E-3 5.66226E-3 5.71662E-3 4.18904E-3 4.22665E-3 4.27461E-3 4.25786E-3 4.29087E-3 4.26701E-3 4.31551E-3 5.78849E-3 4.26312E-3 4.2317E-3 4.16745E-3 5.50535E-3 4.0318E-3 2.64556E-3 1.33074E-3 1.29094E-3 8.93952E-6 1.27214E-3 4.12726E-6 0E0 0E0 0E0 0E0 0E0 0E0 0E0 0E0 0E0 0E0 0E0 0E0 0E0 -9999 -9999 -9999 -9999 -9999 -9999 -9999 -9999 -9999 -9999 -9999 -9999 -9999 -9999 -9999 -9999 -9999 -9999 -9999 -9999 -9999 -9999 -9999 -9999 -9999 -9999 -9999 -9999 -9999 -9999
4.7131E-3 7.08622E-3 4.22209E-3 4.2246E-3 4.25161E-3 3.50001E-3 2.80819E-5 4.19619E-3 3.48898E-3 4.20735E-3 2.74343E-3 4.1808E-3 4.20605E-3 5.65694E-3 5.66825E-3 5.70763E-3 5.78004E-3 4.29937E-3 4.28466E-3 5.84905E-3 5.83093E-3 5.78767E-3 5.74007E-3 5.76275E-3 5.7005E-3 5.57249E-3 5.45841E-3 5.46703E-3 4.02694E-3 2.62863E-3 1.38484E-3 1.32512E-3 4.27283E-6 0E0 0E0 0E0 0E0 0E0 0E0 0E0 0E0 0E0 0E0 0E0 0E0 0E0 0E0 -9999 -9999 -9999 -9999 -9999 -9999 -9999 -9999 -9999 -9999 -9999 -9999 -9999 -9999 -9999 -9999 -9999 -9999 -9999 -9999 -9999 -9999 -9999 -9999 -9999 -9999 -9999 -9999 -9999 -9999
4.32356E-3 2.74752E-3 4.24616E-3 4.25469E-3 4.23477E-3 4.20196E-3 4.20738E-3 3.21147E-8 2.74584E-3 4.23297E-3 2.76735E-3 4.22428E-3 4.24606E-3 5.69988E-3 7.26002E-3 7.29822E-3 5.70259E-3 5.77324E-3 5.85889E-3 5.80919E-3 5.88334E-3 5.78806E-3 5.77011E-3 5.72727E-3 5.66234E-3 5.52174E-3 5.47207E-3 5.38025E-3 4.0103E-3 2.62821E-3 1.37136E-3 4.49931E-6 0E0 0E0 0E0 0E0 0E0 0E0 0E0 0E0 0E0 0E0 0E0 0E0 0E0 0E0 0E0 -9999 -9999 -9999 -9999 -9999 -9999 -9999 -9999 -9999 -9999 -9999 -9999 -9999 -9999 -9999 -9999 -9999 -9999 -9999 -9999 -9999 -9999 -9999 -9999 -9999 -9999 -9999 -9999 -9999 -9999
4.20151E-3 7.11267E-3 7.11814E-3 7.13734E-3 4.22562E-3 3.53753E-3 3.51396E-3 0E0 4.20932E-3 4.25797E-3 7.15619E-3 5.66099E-3 4.25465E-3 5.72255E-3 7.19825E-3 7.21551E-3 7.31029E-3 7.36437E-3 5.75325E-3 5.80614E-3 5.81915E-3 5.81729E-3 5.7859E-3 5.74205E-3 5.66958E-3 5.55682E-3 5.465E-3 5.40554E-3 3.95719E-3 2.61866E-3 1.37491E-3 4.5188E-6 0E0 0E0 0E0 0E0 0E0 0E0 0E0 0E0 0E0 0E0 0E0 0E0 0E0 0E0 0E0 -9999 -9999 -9999 -9999 -9999 -9999 -9999 -9999 -9999 -9999 -9999 -9999 -9999 -9999 -9999 -9999 -9999 -9999 -9999 -9999 -9999 -9999 -9999 -9999 -9999 -9999 -9999 -9999 -9999 -9999
0E0 4.26586E-3 4.24319E-3 4.23174E-3 4.24297E-3 7.18822E-3 2.81982E-3 4.2737E-5 4.22869E-3 4.30505E-3 4.27767E-3 4.2581E-3 5.76811E-3 5.81178E-3 7.25403E-3 7.27314E-3 7.28391E-3 7.31648E-3 7.28821E-3 7.28495E-3 7.39017E-3 5.80815E-3 5.82611E-3 5.75465E-3 5.70918E-3 5.55765E-3 5.48818E-3 5.38748E-3 3.94076E-3 2.58057E-3 1.35772E-3 4.42124E-6 0E0 0E0 0E0 0E0 0E0 0E0 0E0 0E0 0E0 0E0 0E0 0E0 0E0 0E0 0E0 -9999 -9999 -9999 -9999 -9999 -9999 -9999 -9999 -9999 -9999 -9999 -9999 -9999 -9999 -9999 -9999 -9999 -9999 -9999 -9999 -9999 -9999 -9999 -9999 -9999 -9999 -9999 -9999 -9999 -9999
0E0 4.24881E-3 4.22376E-5 0E0 1.40481E-5 4.22843E-3 7.16155E-3 4.31184E-3 4.30582E-3 8.63633E-3 7.27657E-3 4.28244E-3 4.29182E-3 5.78585E-3 7.37768E-3 7.33552E-3 8.89706E-3 7.37416E-3 7.31091E-3 8.91637E-3 7.36481E-3 7.33299E-3 5.7806E-3 5.79453E-3 5.70024E-3 5.53174E-3 5.43656E-3 4.02322E-3 3.94355E-3 2.7488E-3 1.35128E-3 4.43505E-6 0E0 0E0 0E0 0E0 0E0 0E0 0E0 0E0 0E0 0E0 0E0 0E0 0E0 0E0 0E0 -9999 -9999 -9999 -9999 -9999 -9999 -9999 -9999 -9999 -9999 -9999 -9999 -9999 -9999 -9999 -9999 -9999 -9999 -9999 -9999 -9999 -9999 -9999 -9999 -9999 -9999 -9999 -9999 -9999 -9999
0E0 4.2448E-3 7.2315E-3 0E0 4.25145E-3 4.28126E-3 4.27719E-3 2.82122E-3 5.75668E-5 8.70967E-3 1.10132E-2 5.73979E-3 5.92681E-3 1.11437E-2 7.43925E-3 7.34474E-3 7.30858E-3 7.29015E-3 7.31449E-3 7.3564E-3 7.3178E-3 7.32948E-3 7.31711E-3 5.71533E-3 5.6674E-3 5.54652E-3 5.43245E-3 5.32726E-3 3.90315E-3 2.73453E-3 2.70094E-3 8.75765E-6 0E0 0E0 0E0 0E0 0E0 0E0 0E0 0E0 0E0 0E0 0E0 0E0 0E0 0E0 0E0 -9999 -9999 -9999 -9999 -9999 -9999 -9999 -9999 -9999 -9999 -9999 -9999 -9999 -9999 -9999 -9999 -9999 -9999 -9999 -9999 -9999 -9999 -9999 -9999 -9999 -9999 -9999 -9999 -9999 -9999
4.84983E-8 4.28977E-3 4.28791E-3 7.11354E-5 9.72906E-8 4.28209E-3 4.29798E-3 7.26427E-3 8.75965E-3 8.68441E-3 1.10054E-2 5.8608E-3 7.4667E-3 1.34698E-2 7.46053E-3 7.36306E-3 9.00251E-3 8.89115E-3 8.96806E-3 7.31163E-3 7.3436E-3 7.28692E-3 7.30489E-3 5.75062E-3 5.64657E-3 5.5749E-3 5.44839E-3 5.35322E-3 3.90219E-3 2.70541E-3 1.34793E-3 4.40989E-6 0E0 0E0 0E0 0E0 0E0 0E0 0E0 0E0 0E0 0E0 0E0 0E0 0E0 0E0 0E0 -9999 -9999 -9999 -9999 -9999 -9999 -9999 -9999 -9999 -9999 -9999 -9999 -9999 -9999 -9999 -9999 -9999 -9999 -9999 -9999 -9999 -9999 -9999 -9999 -9999 -9999 -9999 -9999 -9999 -9999
1.42783E-5 4.23481E-3 2.80345E-3 7.22436E-3 5.67118E-5 4.27441E-3 2.88079E-5 4.35422E-3 8.85184E-3 5.89819E-3 5.90491E-3 7.37506E-3 7.40874E-3 1.53224E-2 1.50441E-2 9.08042E-3 8.91854E-3 8.9209E-3 8.98894E-3 8.91984E-3 8.93763E-3 7.26706E-3 7.21147E-3 5.75942E-3 5.66603E-3 5.59648E-3 5.44774E-3 5.34282E-3 4.1468E-3 2.69177E-3 1.32776E-3 4.30839E-6 0E0 0E0 0E0 0E0 0E0 0E0 0E0 0E0 0E0 0E0 0E0 0E0 0E0 0E0 0E0 -9999 -9999 -9999 -9999 -9999 -9999 -9999 -9999 -9999 -9999 -9999 -9999 -9999 -9999 -9999 -9999 -9999 -9999 -9999 -9999 -9999 -9999 -9999 -9999 -9999 -9999 -9999 -9999 -9999 -9999
2.8383E-5 7.20941E-3 4.28341E-3 4.27938E-3 7.25184E-3 8.74197E-3 4.36198E-3 8.83157E-3 1.10598E-2 1.11087E-2 1.80355E-2 9.0106E-3 9.05816E-3 9.14058E-3 1.82563E-2 9.11312E-3 8.97976E-3 1.06341E-2 8.84873E-3 8.93759E-3 8.86471E-3 8.89483E-3 7.22907E-3 7.302E-3 5.71048E-3 5.61703E-3 5.42956E-3 5.26126E-3 4.10662E-3 2.6937E-3 1.31746E-3 4.29135E-6 0E0 0E0 0E0 0E0 0E0 0E0 0E0 0E0 0E0 0E0 0E0 0E0 0E0 0E0 0E0 -9999 -9999 -9999 -9999 -9999 -9999 -9999 -9999 -9999 -9999 -9999 -9999 -9999 -9999 -9999 -9999 -9999 -9999 -9999 -9999 -9999 -9999 -9999 -9999 -9999 -9999 -9999 -9999 -9999 -9999
4.30162E-3 7.25659E-3 7.2587E-3 7.27243E-3 7.29847E-3 1.09928E-2 1.10656E-2 1.33583E-2 1.11513E-2 1.33806E-2 1.50373E-2 7.52992E-3 9.11756E-3 1.06086E-2 1.92963E-2 9.18307E-3 9.00197E-3 1.05238E-2 1.0526E-2 1.04594E-2 8.88921E-3 8.81797E-3 7.26035E-3 7.20066E-3 5.64042E-3 5.58244E-3 4.01414E-3 3.92871E-3 4.08789E-3 2.65902E-3 1.29843E-3 4.28765E-6 0E0 0E0 0E0 0E0 0E0 0E0 0E0 0E0 0E0 0E0 0E0 0E0 0E0 0E0 0E0 -9999 -9999 -9999 -9999 -9999 -9999 -9999 -9999 -9999 -9999 -9999 -9999 -9999 -9999 -9999 -9999 -9999 -9999 -9999 -9999 -9999 -9999 -9999 -9999 -9999 -9999 -9999 -9999 -9999 -9999
4.30011E-3 7.22511E-3 7.23087E-3 7.26377E-3 8.7861E-3 1.10564E-2 5.84911E-3 5.90487E-3 1.35482E-2 1.36302E-2 1.51256E-2 7.46939E-3 1.07221E-2 1.05196E-2 9.11237E-3 9.0909E-3 1.06943E-2 1.05378E-2 1.04293E-2 1.0466E-2 8.86828E-3 8.77466E-3 8.69351E-3 7.16949E-3 5.65457E-3 5.57141E-3 4.04657E-3 3.9816E-3 2.72933E-3 2.65051E-3 1.29838E-3 4.21979E-6 0E0 0E0 0E0 0E0 0E0 0E0 0E0 0E0 0E0 0E0 0E0 0E0 0E0 0E0 0E0 -9999 -9999 -9999 -9999 -9999 -9999 -9999 -9999 -9999 -9999 -9999 -9999 -9999 -9999 -9999 -9999 -9999 -9999 -9999 -9999 -9999 -9999 -9999 -9999 -9999 -9999 -9999 -9999 -9999 -9999
4.3342E-3 4.36297E-3 4.29585E-3 8.77065E-3 8.88558E-3 5.88515E-3 7.46191E-3 7.4033E-3 1.84868E-2 1.51824E-2 1.93357E-2 1.92169E-2 1.06433E-2 1.0674E-2 1.08844E-2 1.07722E-2 1.05112E-2 1.05373E-2 1.03999E-2 1.04317E-2 1.03979E-2 8.80896E-3 8.71447E-3 7.08624E-3 7.11618E-3 5.53391E-3 4.05546E-3 4.20907E-3 4.10126E-3 2.67041E-3 1.3044E-3 4.23269E-6 0E0 0E0 0E0 0E0 0E0 0E0 0E0 0E0 0E0 0E0 0E0 0E0 0E0 0E0 0E0 -9999 -9999 -9999 -9999 -9999 -9999 -9999 -9999 -9999 -9999 -9999 -9999 -9999 -9999 -9999 -9999 -9999 -9999 -9999 -9999 -9999 -9999 -9999 -9999 -9999 -9999 -9999 -9999 -9999 -9999
4.38077E-3 8.75347E-3 4.33162E-3 1.1094E-2 5.90762E-3 7.47345E-3 7.37366E-3 9.05714E-3 1.85598E-2 1.93465E-2 2.32619E-2 2.3008E-2 1.06262E-2 1.07219E-2 1.07441E-2 1.06788E-2 1.22416E-2 1.21105E-2 1.04385E-2 1.03353E-2 1.03812E-2 8.77598E-3 8.66854E-3 8.59615E-3 7.09029E-3 5.56964E-3 4.06502E-3 4.20267E-3 2.67912E-3 2.67022E-3 1.30472E-3 4.21903E-6 0E0 0E0 0E0 0E0 0E0 0E0 0E0 0E0 0E0 0E0 0E0 0E0 0E0 0E0 0E0 -9999 -9999 -9999 -9999 -9999 -9999 -9999 -9999 -9999 -9999 -9999 -9999 -9999 -9999 -9999 -9999 -9999 -9999 -9999 -9999 -9999 -9999 -9999 -9999 -9999 -9999 -9999 -9999 -9999 -9999
1.1137E-2 5.85738E-3 5.91053E-3 5.88187E-3 7.48298E-3 7.45461E-3 7.46207E-3 9.13761E-3 1.93656E-2 2.33341E-2 2.35885E-2 2.32601E-2 1.0713E-2 1.23253E-2 1.2299E-2 1.06794E-2 1.20811E-2 1.20719E-2 1.19649E-2 1.19449E-2 1.03022E-2 1.02182E-2 8.65802E-3 8.53547E-3 6.94711E-3 5.46259E-3 4.04681E-3 4.21136E-3 2.69745E-3 2.63402E-3 1.27942E-3 3.09498E-6 0E0 0E0 0E0 0E0 0E0 0E0 0E0 0E0 0E0 0E0 0E0 0E0 0E0 0E0 0E0 -9999 -9999 -9999 -9999 -9999 -9999 -9999 -9999 -9999 -9999 -9999 -9999 -9999 -9999 -9999 -9999 -9999 -9999 -9999 -9999 -9999 -9999 -9999 -9999 -9999 -9999 -9999 -9999 -9999 -9999
1.10232E-2 1.49824E-2 1.50611E-2 5.91156E-3 7.44833E-3 7.46853E-3 7.489E-3 9.0916E-3 9.18003E-3 2.31145E-2 9.259E-3 2.32535E-2 1.0887E-2 1.2269E-2 1.21709E-2 1.21674E-2 1.21992E-2 1.18951E-2 1.19131E-2 1.19526E-2 1.01803E-2 1.01428E-2 1.01072E-2 8.40737E-3 6.929E-3 6.83725E-3 5.38211E-3 4.19438E-3 2.69539E-3 2.628E-3 1.28287E-3 3.10233E-6 0E0 0E0 0E0 0E0 0E0 0E0 0E0 0E0 0E0 0E0 0E0 0E0 0E0 0E0 0E0 -9999 -9999 -9999 -9999 -9999 -9999 -9999 -9999 -9999 -9999 -9999 -9999 -9999 -9999 -9999 -9999 -9999 -9999 -9999 -9999 -9999 -9999 -9999 0E0 0E0 0E0 0E0 -9999 -9999 -9999
1.48773E-2 7.43969E-3 7.5025E-3 7.51023E-3 7.54838E-3 7.53712E-3 9.16737E-3 9.14968E-3 9.20778E-3 2.82182E-2 1.07792E-2 2.80293E-2 1.07963E-2 1.21371E-2 1.20535E-2 1.21293E-2 1.20331E-2 1.19716E-2 1.18965E-2 1.17911E-2 1.17825E-2 9.99863E-3 9.86613E-3 9.82922E-3 8.22604E-3 6.80752E-3 5.69304E-3 4.18481E-3 2.68908E-3 2.61429E-3 1.27761E-3 3.09335E-6 0E0 0E0 0E0 0E0 0E0 0E0 0E0 0E0 0E0 0E0 0E0 0E0 0E0 0E0 0E0 -9999 -9999 -9999 -9999 -9999 -9999 -9999 -9999 -9999 -9999 -9999 -9999 -9999 -9999 -9999 -9999 -9999 -9999 0E0 0E0 0E0 0E0 0E0 0E0 0E0 0E0 0E0 0E0 0E0 0E0
1.49627E-2 7.45349E-3 1.8959E-2 7.48329E-3 7.45675E-3 7.48823E-3 9.15311E-3 9.15886E-3 1.07836E-2 9.23533E-3 2.34291E-2 9.25503E-3 2.31807E-2 1.0641E-2 1.19371E-2 1.21002E-2 1.19214E-2 1.20641E-2 1.19426E-2 1.18701E-2 1.16269E-2 9.95938E-3 9.81836E-3 9.69827E-3 8.18219E-3 8.04844E-3 7.01656E-3 4.14674E-3 2.71571E-3 2.6114E-3 1.2717E-3 3.06649E-6 0E0 0E0 0E0 0E0 0E0 0E0 0E0 0E0 0E0 0E0 0E0 0E0 0E0 0E0 0E0 -9999 -9999 -9999 -9999 -9999 -9999 -9999 -9999 -9999 -9999 -9999 -9999 -9999 -9999 -9999 -9999 -9999 0E0 0E0 0E0 0E0 0E0 0E0 0E0 0E0 0E0 0E0 0E0 0E0 0E0
1.90819E-2 7.47043E-3 7.52765E-3 7.53747E-3 1.90825E-2 9.17204E-3 9.20369E-3 9.2227E-3 1.0914E-2 1.08749E-2 2.82589E-2 1.07048E-2 2.7953E-2 1.07478E-2 1.20165E-2 1.20083E-2 1.20071E-2 1.18534E-2 1.18597E-2 1.18463E-2 1.16053E-2 9.91186E-3 9.85797E-3 9.69841E-3 8.05031E-3 8.54418E-3 6.94506E-3 5.48248E-3 4.00973E-3 1.29823E-3 9.25062E-4 3.0099E-6 0E0 0E0 0E0 0E0 0E0 0E0 0E0 0E0 0E0 0E0 0E0 0E0 0E0 0E0 0E0 -9999 -9999 -9999 -9999 -9999 -9999 -9999 -9999 -9999 -9999 -9999 -9999 -9999 -9999 -9999 -9999 -9999 0E0 0E0 0E0 0E0 0E0 0E0 0E0 0E0 0E0 0E0 0E0 0E0 0E0
7.41896E-3 7.45914E-3 7.46866E-3 9.21668E-3 9.26088E-3 9.22296E-3 9.12223E-3 9.10791E-3 9.09093E-3 1.07032E-2 2.3258E-2 1.08794E-2 2.32415E-2 2.3112E-2 1.20774E-2 1.19568E-2 1.18597E-2 1.18028E-2 1.1702E-2 1.16707E-2 1.14527E-2 1.14651E-2 9.7551E-3 9.69925E-3 8.03521E-3 8.4236E-3 6.79614E-3 5.42502E-3 3.98584E-3 1.29378E-3 9.21516E-4 3.01539E-6 0E0 0E0 0E0 0E0 0E0 0E0 0E0 0E0 0E0 0E0 0E0 0E0 0E0 0E0 0E0 -9999 -9999 -9999 -9999 -9999 -9999 -9999 -9999 -9999 -9999 -9999 -9999 -9999 -9999 -9999 -9999 -9999 3.9763E-3 0E0 0E0 0E0 0E0 0E0 0E0 0E0 0E0 0E0 0E0 0E0 0E0
