day_2/Results/Podomys_floridanus/projections/PaleoClim/-21000/R_clampingUN_2.asc
ncols         385
nrows         252
xllcorner     -91.50013924285
yllcorner     25.49986064915003
cellsize      0.041666666500000005
NODATA_value  -9999
[rows 210 to 244 of 252, columns 231 to 307 of 385]
2.74057E-3 3.71176E-3 2.74374E-3 2.70417E-3 2.72925E-3 2.71228E-3 2.70909E-3 2.72933E-3 3.08015E-3 3.07891E-3 3.01415E-3 5.65961E-3 5.07767E-3 5.7638E-3 3.02998E-3 3.238E-3 3.17988E-3 3.13981E-3 3.14617E-3 3.11216E-3 2.7467E-3 2.98405E-3 2.60904E-3 2.58582E-3 2.26229E-3 2.14301E-3 2.10502E-3 1.76336E-3 1.11263E-3 7.87155E-4 2.59697E-4 8.5529E-7 0E0 0E0 0E0 0E0 0E0 0E0 0E0 0E0 0E0 0E0 0E0 0E0 0E0 0E0 0E0 -9999 -9999 -9999 -9999 -9999 -9999 -9999 -9999 -9999 -9999 -9999 -9999 -9999 -9999 -9999 -9999 -9999 5.53179E-3 0E0 0E0 0E0 0E0 0E0 0E0 0E0 0E0 0E0 0E0 0E0 0E0
2.69133E-3 2.71531E-3 2.70704E-3 2.67585E-3 2.69955E-3 2.69998E-3 2.70339E-3 3.10445E-3 3.05068E-3 3.02903E-3 3.00559E-3 5.13053E-3 5.76096E-3 5.00602E-3 3.04056E-3 3.27616E-3 3.21109E-3 3.15794E-3 3.09684E-3 3.05476E-3 3.07018E-3 2.68586E-3 2.58875E-3 2.53683E-3 2.50992E-3 2.08192E-3 2.02064E-3 1.69676E-3 1.39376E-3 8.16534E-4 2.55221E-4 8.51361E-7 0E0 0E0 0E0 0E0 0E0 0E0 0E0 0E0 0E0 0E0 0E0 0E0 0E0 0E0 0E0 -9999 -9999 -9999 -9999 -9999 -9999 -9999 -9999 -9999 -9999 -9999 -9999 -9999 -9999 -9999 -9999 -9999 0E0 0E0 0E0 0E0 0E0 0E0 0E0 0E0 0E0 0E0 0E0 0E0 0E0
2.68005E-3 2.70633E-3 2.69372E-3 2.6811E-3 2.69187E-3 2.67662E-3 3.08507E-3 3.10567E-3 3.06034E-3 2.99252E-3 3.3471E-3 3.04428E-3 5.67307E-3 5.03718E-3 3.0316E-3 3.29872E-3 3.18158E-3 3.1308E-3 3.10991E-3 3.09777E-3 2.74622E-3 2.69805E-3 2.59598E-3 2.5589E-3 2.18779E-3 2.0795E-3 2.01838E-3 1.90701E-3 1.63713E-3 7.00588E-4 2.48132E-4 8.5761E-7 0E0 0E0 0E0 0E0 0E0 0E0 0E0 0E0 0E0 0E0 0E0 0E0 0E0 0E0 0E0 -9999 -9999 -9999 -9999 -9999 -9999 -9999 -9999 -9999 -9999 -9999 -9999 -9999 -9999 -9999 -9999 -9999 0E0 4.35947E-3 0E0 0E0 0E0 0E0 0E0 0E0 0E0 0E0 0E0 0E0 0E0
2.71108E-3 2.70906E-3 2.67404E-3 2.65956E-3 3.0709E-3 3.05423E-3 3.0793E-3 3.08547E-3 3.07243E-3 3.01265E-3 3.36244E-3 3.34033E-3 5.55263E-3 5.77333E-3 3.05175E-3 3.28434E-3 3.24232E-3 3.12204E-3 3.07896E-3 3.07027E-3 2.70575E-3 2.62765E-3 2.58226E-3 2.53975E-3 2.46137E-3 2.05424E-3 1.98824E-3 1.68008E-3 1.18254E-3 8.76184E-4 4.68223E-4 3.36374E-6 0E0 0E0 0E0 0E0 0E0 0E0 0E0 0E0 0E0 0E0 0E0 0E0 0E0 0E0 0E0 -9999 -9999 -9999 -9999 -9999 -9999 -9999 -9999 -9999 -9999 -9999 -9999 -9999 -9999 -9999 -9999 -9999 0E0 3.22745E-3 0E0 0E0 0E0 0E0 0E0 0E0 0E0 0E0 0E0 0E0 0E0
2.70127E-3 2.6833E-3 2.67817E-3 3.04726E-3 3.04867E-3 3.03048E-3 3.39153E-3 3.06896E-3 3.08599E-3 3.03045E-3 3.03398E-3 3.04791E-3 6.33792E-3 5.08791E-3 3.01217E-3 2.90143E-3 2.86453E-3 3.19606E-3 3.08835E-3 2.74743E-3 2.68587E-3 2.5895E-3 2.53955E-3 2.45745E-3 2.41056E-3 2.30238E-3 1.9769E-3 1.65246E-3 1.03883E-3 8.49229E-4 6.44401E-4 4.40299E-4 0E0 0E0 0E0 0E0 0E0 0E0 0E0 0E0 0E0 0E0 0E0 0E0 0E0 0E0 0E0 -9999 -9999 -9999 -9999 -9999 -9999 -9999 -9999 -9999 -9999 -9999 -9999 -9999 -9999 -9999 -9999 -9999 0E0 0E0 0E0 5.71569E-3 0E0 0E0 0E0 0E0 0E0 0E0 0E0 0E0 0E0
2.70243E-3 2.69291E-3 3.05996E-3 3.05379E-3 3.11861E-3 3.04695E-3 3.36618E-3 3.41014E-3 3.39908E-3 3.02278E-3 3.05885E-3 3.07339E-3 3.08542E-3 3.05015E-3 2.95467E-3 2.92457E-3 2.89563E-3 3.14997E-3 3.08034E-3 3.06126E-3 2.96571E-3 2.59561E-3 2.51428E-3 2.42391E-3 2.35816E-3 2.29157E-3 1.96086E-3 1.90099E-3 1.02921E-3 8.30518E-4 6.3956E-4 4.31565E-4 1.53636E-6 0E0 0E0 0E0 0E0 0E0 0E0 0E0 0E0 0E0 0E0 0E0 0E0 0E0 0E0 -9999 -9999 -9999 -9999 -9999 -9999 -9999 -9999 -9999 -9999 -9999 -9999 -9999 -9999 -9999 -9999 -9999 -9999 0E0 2.06684E-3 2.56185E-2 9.71865E-3 1.07475E-2 1.17753E-3 0E0 0E0 0E0 0E0 0E0 0E0
2.67446E-3 2.68087E-3 3.06648E-3 3.04211E-3 3.08587E-3 3.1119E-3 3.08275E-3 3.11243E-3 3.07761E-3 3.39976E-3 3.10056E-3 3.04511E-3 3.05014E-3 3.00879E-3 2.95934E-3 2.91016E-3 2.86356E-3 2.84825E-3 2.76421E-3 2.99843E-3 2.91622E-3 2.8407E-3 2.48771E-3 2.40897E-3 2.33951E-3 2.26759E-3 1.92116E-3 1.39732E-3 1.03958E-3 9.71776E-4 6.32468E-4 2.28447E-4 7.84517E-7 0E0 0E0 0E0 0E0 0E0 0E0 0E0 0E0 0E0 0E0 0E0 0E0 0E0 0E0 -9999 -9999 -9999 -9999 -9999 -9999 -9999 -9999 -9999 -9999 -9999 -9999 -9999 -9999 -9999 -9999 -9999 -9999 -9999 0E0 1.11946E-2 2.9734E-2 1.53082E-2 1.81147E-3 5.82567E-4 0E0 0E0 0E0 0E0 0E0
2.70658E-3 2.70519E-3 3.11489E-3 3.05892E-3 3.08821E-3 3.11443E-3 3.07005E-3 3.09579E-3 5.09393E-3 3.1176E-3 3.07281E-3 3.0466E-3 3.04538E-3 3.00438E-3 2.98982E-3 2.92423E-3 2.8554E-3 2.87968E-3 2.76965E-3 2.71243E-3 2.91354E-3 2.8185E-3 2.71044E-3 2.37128E-3 2.29756E-3 2.24503E-3 2.16958E-3 1.20883E-3 1.01051E-3 9.5948E-4 7.88344E-4 4.35696E-4 2.30825E-6 0E0 0E0 0E0 0E0 0E0 0E0 0E0 0E0 0E0 0E0 0E0 0E0 0E0 -9999 -9999 -9999 -9999 -9999 -9999 -9999 -9999 -9999 -9999 -9999 -9999 -9999 -9999 -9999 -9999 -9999 -9999 -9999 -9999 0E0 0E0 3.54767E-2 3.8371E-2 1.26128E-2 1.19521E-3 0E0 0E0 0E0 0E0 0E0
3.11353E-3 2.70746E-3 3.08237E-3 3.05745E-3 3.06511E-3 3.09844E-3 3.09476E-3 3.10226E-3 5.04984E-3 5.00104E-3 5.04879E-3 3.06217E-3 3.0261E-3 2.99359E-3 2.95668E-3 2.9197E-3 2.85501E-3 2.81272E-3 2.73319E-3 2.6982E-3 2.89469E-3 2.8502E-3 2.68821E-3 2.35064E-3 2.2737E-3 2.1917E-3 2.11891E-3 1.1919E-3 1.14555E-3 9.33007E-4 7.72115E-4 5.81055E-4 4.61088E-4 0E0 0E0 0E0 0E0 0E0 0E0 0E0 0E0 0E0 0E0 0E0 0E0 0E0 -9999 -9999 -9999 -9999 -9999 -9999 -9999 -9999 -9999 -9999 -9999 -9999 -9999 -9999 -9999 -9999 -9999 -9999 -9999 -9999 -9999 1.6513E-2 4.48837E-2 3.21655E-2 1.50344E-2 2.31447E-3 0E0 0E0 0E0 0E0 0E0
3.06649E-3 3.07391E-3 3.06878E-3 3.05398E-3 3.11381E-3 3.06668E-3 3.05009E-3 3.06233E-3 5.06296E-3 5.03486E-3 5.05504E-3 3.08632E-3 2.995E-3 2.96952E-3 2.93779E-3 2.90527E-3 2.81901E-3 2.78799E-3 2.76085E-3 2.68584E-3 2.86474E-3 2.57853E-3 2.72889E-3 2.62621E-3 2.29837E-3 2.1698E-3 1.56598E-3 1.33392E-3 1.11648E-3 9.50212E-4 7.66045E-4 5.86667E-4 8.42548E-4 4.29793E-4 0E0 0E0 0E0 0E0 0E0 0E0 0E0 0E0 0E0 0E0 0E0 0E0 -9999 -9999 -9999 -9999 -9999 -9999 -9999 -9999 -9999 -9999 -9999 -9999 -9999 -9999 -9999 -9999 -9999 -9999 -9999 -9999 -9999 1.14019E-2 4.37769E-2 2.68034E-5 0E0 0E0 0E0 0E0 0E0 0E0 0E0
3.08826E-3 3.08077E-3 3.07323E-3 3.06937E-3 3.09305E-3 3.08456E-3 3.05915E-3 3.38397E-3 3.40175E-3 3.09111E-3 3.04202E-3 3.04796E-3 3.31509E-3 3.2794E-3 2.91018E-3 2.87315E-3 3.12549E-3 3.07509E-3 3.01161E-3 2.93652E-3 2.89532E-3 2.8223E-3 2.72533E-3 2.58507E-3 2.48942E-3 2.13203E-3 1.36205E-3 1.30517E-3 1.10288E-3 9.40117E-4 7.48209E-4 1.26108E-3 8.19252E-4 4.17429E-4 0E0 0E0 0E0 0E0 0E0 0E0 0E0 0E0 0E0 0E0 0E0 0E0 -9999 -9999 -9999 -9999 -9999 -9999 -9999 -9999 -9999 -9999 -9999 -9999 -9999 -9999 -9999 -9999 -9999 -9999 -9999 -9999 -9999 -9999 1.03415E-2 0E0 0E0 0E0 0E0 0E0 0E0 0E0 0E0
5.01971E-3 5.01971E-3 5.00165E-3 3.07021E-3 3.42042E-3 5.03719E-3 3.42355E-3 3.38143E-3 3.42148E-3 3.06801E-3 3.03914E-3 3.40432E-3 3.35329E-3 3.27099E-3 2.91897E-3 2.86881E-3 2.83532E-3 3.05301E-3 3.02248E-3 2.94406E-3 2.89203E-3 2.79053E-3 2.74375E-3 2.59918E-3 2.46665E-3 2.36718E-3 1.33275E-3 1.27919E-3 1.11558E-3 1.05037E-3 7.60156E-4 1.2361E-3 8.08842E-4 4.05951E-4 1.31642E-6 0E0 0E0 0E0 0E0 0E0 0E0 0E0 0E0 0E0 0E0 0E0 -9999 -9999 -9999 -9999 -9999 -9999 -9999 -9999 -9999 -9999 -9999 -9999 -9999 -9999 -9999 -9999 -9999 -9999 -9999 -9999 -9999 -9999 2.17732E-2 0E0 0E0 0E0 0E0 0E0 0E0 0E0 0E0
5.60826E-3 5.60174E-3 5.62926E-3 3.42613E-3 3.06336E-3 5.5843E-3 5.55385E-3 3.41915E-3 4.99336E-3 3.37169E-3 3.02886E-3 3.03508E-3 3.01434E-3 3.27358E-3 3.21904E-3 2.87967E-3 3.11922E-3 3.07904E-3 3.04202E-3 2.91815E-3 2.84795E-3 2.75726E-3 2.67764E-3 2.58795E-3 2.43982E-3 1.76499E-3 1.31311E-3 1.26263E-3 1.0983E-3 1.01999E-3 1.9278E-3 1.21067E-3 8.16627E-4 3.98356E-4 1.29061E-6 0E0 0E0 0E0 0E0 0E0 0E0 0E0 0E0 0E0 0E0 0E0 -9999 -9999 -9999 -9999 -9999 -9999 -9999 -9999 -9999 -9999 -9999 -9999 -9999 -9999 -9999 -9999 -9999 -9999 -9999 -9999 -9999 -9999 3.69852E-2 0E0 0E0 0E0 0E0 0E0 0E0 0E0 0E0
3.39754E-3 3.44261E-3 5.6332E-3 5.02718E-3 6.24359E-3 5.0394E-3 6.18378E-3 4.98106E-3 4.95664E-3 4.96856E-3 4.94449E-3 3.03695E-3 3.33663E-3 2.95921E-3 3.20136E-3 3.14397E-3 3.11442E-3 3.07356E-3 2.98986E-3 2.99427E-3 2.83115E-3 2.74212E-3 2.64717E-3 2.51615E-3 2.41181E-3 1.54632E-3 1.35267E-3 1.23841E-3 1.1969E-3 1.00678E-3 1.86299E-3 1.48614E-3 1.12241E-3 3.88835E-4 1.26389E-6 0E0 0E0 0E0 0E0 0E0 0E0 0E0 0E0 0E0 0E0 0E0 -9999 -9999 -9999 -9999 -9999 -9999 -9999 -9999 -9999 -9999 -9999 -9999 -9999 -9999 -9999 -9999 -9999 -9999 -9999 -9999 -9999 -9999 5.90537E-2 1.21531E-4 0E0 0E0 0E0 0E0 0E0 0E0 0E0
3.6766E-3 6.90283E-3 7.01113E-3 6.24156E-3 6.91592E-3 6.91808E-3 6.21089E-3 6.89361E-3 5.56041E-3 5.51935E-3 5.42677E-3 3.2863E-3 3.29718E-3 3.23487E-3 3.21844E-3 3.15448E-3 3.0894E-3 3.07099E-3 3.00635E-3 2.90886E-3 2.87024E-3 2.73096E-3 2.58317E-3 2.48871E-3 1.79917E-3 1.52258E-3 1.33093E-3 1.22906E-3 1.15969E-3 2.22048E-3 1.82495E-3 1.50027E-3 1.09559E-3 7.01035E-4 2.525E-6 0E0 0E0 0E0 0E0 0E0 0E0 0E0 0E0 0E0 0E0 0E0 -9999 -9999 -9999 -9999 -9999 -9999 -9999 -9999 -9999 -9999 -9999 -9999 -9999 -9999 -9999 -9999 -9999 -9999 -9999 -9999 -9999 -9999 -9999 5.35413E-2 4.31209E-3 0E0 0E0 0E0 0E0 0E0 0E0
5.97593E-3 6.88911E-3 7.04E-3 6.92503E-3 6.90792E-3 6.90422E-3 6.83E-3 6.82499E-3 6.8083E-3 6.75547E-3 5.42109E-3 5.32483E-3 3.30759E-3 3.25168E-3 3.15237E-3 3.14101E-3 3.07529E-3 3.02751E-3 2.9948E-3 2.84852E-3 2.82558E-3 2.69489E-3 2.59399E-3 2.49345E-3 1.55909E-3 1.48523E-3 1.4162E-3 1.26097E-3 1.14794E-3 2.15549E-3 1.77714E-3 1.45822E-3 1.05607E-3 6.70041E-4 2.46254E-6 0E0 0E0 0E0 0E0 0E0 0E0 0E0 0E0 0E0 0E0 -9999 -9999 -9999 -9999 -9999 -9999 -9999 -9999 -9999 -9999 -9999 -9999 -9999 -9999 -9999 -9999 -9999 -9999 -9999 -9999 -9999 -9999 -9999 -9999 -9999 7.45354E-2 1.73976E-2 7.04022E-5 1.42896E-5 4.8058E-8 1.43224E-5 1.0244E-2
5.94722E-3 6.80127E-3 6.84718E-3 6.82221E-3 6.85562E-3 6.81392E-3 6.79725E-3 6.82202E-3 6.79917E-3 6.73425E-3 6.74896E-3 5.32475E-3 3.26591E-3 3.2358E-3 3.15759E-3 3.09894E-3 3.09263E-3 3.02733E-3 2.98145E-3 2.85963E-3 2.81462E-3 2.72641E-3 2.60328E-3 1.85285E-3 1.54776E-3 1.46732E-3 1.39863E-3 1.22763E-3 1.11717E-3 2.11471E-3 1.75755E-3 1.41458E-3 1.02727E-3 6.80365E-4 3.56694E-6 0E0 0E0 0E0 0E0 0E0 0E0 0E0 0E0 0E0 0E0 -9999 -9999 -9999 -9999 -9999 -9999 -9999 -9999 -9999 -9999 -9999 -9999 -9999 -9999 -9999 -9999 -9999 -9999 -9999 -9999 -9999 -9999 -9999 -9999 -9999 -9999 8.34853E-2 3.47206E-2 4.51575E-3 4.22458E-5 5.59013E-3 1.55347E-2
5.89581E-3 7.41971E-3 6.77998E-3 6.76954E-3 6.7694E-3 6.77652E-3 6.81825E-3 6.76022E-3 5.94335E-3 6.71253E-3 6.67296E-3 6.55397E-3 5.26494E-3 3.20333E-3 3.18014E-3 3.10367E-3 3.07177E-3 2.9719E-3 2.96038E-3 2.93939E-3 2.81053E-3 2.6919E-3 2.56427E-3 1.59641E-3 1.52412E-3 1.45153E-3 1.38044E-3 1.20695E-3 2.38681E-3 2.07679E-3 1.71953E-3 1.38578E-3 9.91329E-4 6.62895E-4 5.07313E-4 0E0 0E0 0E0 0E0 0E0 0E0 0E0 0E0 0E0 0E0 -9999 -9999 -9999 -9999 -9999 -9999 -9999 -9999 -9999 -9999 -9999 -9999 -9999 -9999 -9999 -9999 -9999 -9999 -9999 -9999 -9999 -9999 -9999 -9999 -9999 -9999 -9999 1.1679E-1 7.57668E-2 3.02537E-2 4.52772E-3 4.53734E-3
3.55326E-3 5.84879E-3 7.34175E-3 7.36934E-3 7.33333E-3 7.36925E-3 7.31547E-3 7.43999E-3 3.56939E-3 5.82796E-3 7.28559E-3 6.55871E-3 6.57774E-3 5.63986E-3 3.41663E-3 3.37843E-3 3.29983E-3 2.99346E-3 2.97069E-3 2.84394E-3 2.80312E-3 2.68956E-3 1.91138E-3 1.59269E-3 1.50808E-3 1.42983E-3 1.34733E-3 1.1798E-3 2.34597E-3 2.04012E-3 1.67868E-3 1.33756E-3 9.61131E-4 6.36516E-4 4.56051E-6 0E0 0E0 0E0 0E0 0E0 0E0 0E0 0E0 0E0 0E0 -9999 -9999 -9999 -9999 -9999 -9999 -9999 -9999 -9999 -9999 -9999 -9999 -9999 -9999 -9999 -9999 -9999 -9999 -9999 -9999 -9999 -9999 -9999 -9999 -9999 -9999 -9999 -9999 -9999 1.05843E-1 4.38612E-2 4.7552E-5
3.74478E-3 5.71368E-3 7.28474E-3 7.29458E-3 7.32182E-3 7.27665E-3 7.37666E-3 7.10814E-3 5.76764E-3 3.82196E-3 7.23052E-3 7.07992E-3 6.91123E-3 5.60161E-3 3.39391E-3 5.42334E-3 3.28015E-3 5.27367E-3 2.94696E-3 2.83341E-3 2.80034E-3 2.69063E-3 1.68522E-3 1.58643E-3 1.49772E-3 1.41346E-3 1.33621E-3 2.54514E-3 2.27621E-3 1.99043E-3 2.72995E-3 2.06399E-3 1.53677E-3 9.79336E-4 4.44181E-6 0E0 0E0 0E0 0E0 0E0 0E0 0E0 0E0 0E0 0E0 -9999 -9999 -9999 -9999 -9999 -9999 -9999 -9999 -9999 -9999 -9999 -9999 -9999 -9999 -9999 -9999 -9999 -9999 -9999 -9999 -9999 -9999 -9999 -9999 -9999 -9999 -9999 -9999 -9999 -9999 -9999 -9999
3.60687E-3 7.07289E-3 7.11499E-3 7.12412E-3 7.14372E-3 7.12632E-3 7.23168E-3 7.13525E-3 7.04417E-3 5.97502E-3 5.65342E-3 6.99451E-3 5.49677E-3 6.741E-3 6.83954E-3 5.34566E-3 6.6085E-3 6.44981E-3 6.38551E-3 5.75348E-3 4.84234E-3 1.98407E-3 1.67254E-3 1.56283E-3 1.47482E-3 1.40209E-3 2.86116E-3 2.49474E-3 2.23131E-3 1.93737E-3 2.62888E-3 2.46082E-3 1.49183E-3 1.14915E-3 4.2206E-6 0E0 0E0 0E0 0E0 0E0 0E0 0E0 0E0 0E0 0E0 -9999 -9999 -9999 -9999 -9999 -9999 -9999 -9999 -9999 -9999 -9999 -9999 -9999 -9999 -9999 -9999 -9999 -9999 -9999 -9999 -9999 -9999 -9999 -9999 -9999 -9999 -9999 -9999 -9999 -9999 -9999 -9999
3.57142E-3 6.06626E-3 7.06437E-3 7.09833E-3 7.59325E-3 7.69649E-3 7.18145E-3 7.61185E-3 6.92727E-3 7.35349E-3 6.94349E-3 6.82546E-3 6.83157E-3 5.37436E-3 6.60181E-3 6.5868E-3 5.27034E-3 6.41035E-3 6.1362E-3 6.0725E-3 4.74378E-3 3.52971E-3 2.70683E-3 1.5717E-3 1.46129E-3 1.36549E-3 2.80044E-3 2.43365E-3 2.17169E-3 1.89846E-3 2.71244E-3 2.35758E-3 1.76979E-3 1.10439E-3 4.09157E-6 0E0 0E0 0E0 0E0 0E0 0E0 0E0 0E0 0E0 0E0 -9999 -9999 -9999 -9999 -9999 -9999 -9999 -9999 -9999 -9999 -9999 -9999 -9999 -9999 -9999 -9999 -9999 -9999 -9999 -9999 -9999 -9999 -9999 -9999 -9999 -9999 -9999 -9999 -9999 -9999 -9999 -9999
3.5864E-3 7.29042E-3 7.49982E-3 7.51947E-3 7.57656E-3 7.76006E-3 7.65426E-3 7.35186E-3 7.36006E-3 7.43468E-3 7.22651E-3 7.30422E-3 6.7101E-3 7.0609E-3 5.61457E-3 6.37314E-3 6.29911E-3 6.19088E-3 6.17002E-3 6.01995E-3 3.8265E-3 3.52847E-3 3.33506E-3 2.5169E-3 1.44493E-3 2.96072E-3 2.74072E-3 2.38112E-3 2.09033E-3 3.60114E-3 2.63342E-3 2.26944E-3 1.69054E-3 1.0397E-3 2.44516E-6 0E0 0E0 0E0 0E0 0E0 0E0 0E0 0E0 0E0 0E0 -9999 -9999 -9999 -9999 -9999 -9999 -9999 -9999 -9999 -9999 -9999 -9999 -9999 -9999 -9999 -9999 -9999 -9999 -9999 -9999 -9999 -9999 -9999 -9999 -9999 -9999 -9999 -9999 -9999 -9999 -9999 -9999
3.52684E-3 6.10298E-3 7.26269E-3 7.39233E-3 7.38386E-3 7.3497E-3 7.43079E-3 7.40257E-3 7.38385E-3 7.3929E-3 7.2258E-3 7.19734E-3 7.21605E-3 7.16973E-3 7.04081E-3 6.77639E-3 6.56567E-3 6.09759E-3 5.95805E-3 4.52687E-3 3.85957E-3 3.51316E-3 3.29574E-3 3.12658E-3 4.97425E-3 4.62088E-3 2.68177E-3 2.23041E-3 2.02592E-3 3.47583E-3 2.53993E-3 2.17783E-3 1.60887E-3 9.94298E-4 2.32653E-6 0E0 0E0 0E0 0E0 0E0 0E0 0E0 0E0 0E0 -9999 -9999 -9999 -9999 -9999 -9999 -9999 -9999 -9999 -9999 -9999 -9999 -9999 -9999 -9999 -9999 -9999 -9999 -9999 -9999 -9999 -9999 -9999 -9999 -9999 -9999 -9999 -9999 -9999 -9999 -9999 -9999 -9999
3.42144E-3 5.86805E-3 6.97295E-3 7.1781E-3 7.30892E-3 7.21652E-3 7.35994E-3 7.26744E-3 7.28993E-3 7.21614E-3 7.11041E-3 6.95617E-3 7.1255E-3 6.94452E-3 6.81592E-3 6.57301E-3 6.2826E-3 6.38199E-3 4.54716E-3 3.77309E-3 3.71123E-3 3.55751E-3 3.25677E-3 3.05245E-3 5.92614E-3 4.47501E-3 3.95412E-3 3.42418E-3 3.8359E-3 3.0778E-3 2.77868E-3 2.06189E-3 1.52166E-3 5.76096E-4 2.22445E-6 0E0 0E0 0E0 0E0 0E0 0E0 0E0 0E0 0E0 -9999 -9999 -9999 -9999 -9999 -9999 -9999 -9999 -9999 -9999 -9999 -9999 -9999 -9999 -9999 -9999 -9999 -9999 -9999 -9999 -9999 -9999 -9999 -9999 -9999 -9999 -9999 -9999 -9999 -9999 -9999 -9999 -9999
3.3794E-3 3.45736E-3 7.30698E-3 6.90481E-3 7.35078E-3 7.14702E-3 7.02008E-3 7.06896E-3 7.07292E-3 7.06277E-3 6.98896E-3 6.97075E-3 6.85114E-3 6.84614E-3 6.65772E-3 6.58593E-3 4.74742E-3 4.12079E-3 4.05646E-3 3.75379E-3 3.52334E-3 3.43384E-3 3.21684E-3 6.12763E-3 5.61818E-3 5.10759E-3 4.64591E-3 4.01047E-3 3.64569E-3 2.98647E-3 2.48883E-3 1.95484E-3 1.42706E-3 5.36983E-4 3.10863E-6 0E0 0E0 0E0 0E0 0E0 0E0 0E0 0E0 0E0 -9999 -9999 -9999 -9999 -9999 -9999 -9999 -9999 -9999 -9999 -9999 -9999 -9999 -9999 -9999 -9999 -9999 -9999 -9999 -9999 -9999 -9999 -9999 -9999 -9999 -9999 -9999 -9999 -9999 -9999 -9999 -9999 -9999
3.22128E-3 3.48891E-3 6.86087E-3 7.17264E-3 7.18348E-3 7.37489E-3 7.38527E-3 7.23553E-3 7.14606E-3 6.86165E-3 6.86917E-3 6.83288E-3 6.70931E-3 6.55991E-3 4.85485E-3 4.92773E-3 4.19344E-3 3.95401E-3 3.82256E-3 3.58123E-3 3.46534E-3 3.24333E-3 6.63495E-3 6.21878E-3 5.44098E-3 4.97501E-3 4.48958E-3 3.883E-3 3.50698E-3 2.83745E-3 2.34187E-3 1.83022E-3 1.34222E-3 5.02207E-4 2.5168E-4 7.63481E-7 0E0 0E0 0E0 0E0 0E0 0E0 0E0 0E0 -9999 -9999 -9999 -9999 -9999 -9999 -9999 -9999 -9999 -9999 -9999 -9999 -9999 -9999 -9999 -9999 -9999 -9999 -9999 -9999 -9999 -9999 0E0 0E0 -9999 -9999 -9999 -9999 -9999 -9999 -9999 -9999 -9999
2.36257E-3 3.26138E-3 5.43693E-3 6.77929E-3 6.94776E-3 6.95758E-3 7.03852E-3 7.01238E-3 7.13506E-3 6.91626E-3 6.84465E-3 6.90053E-3 4.86526E-3 4.2161E-3 4.2492E-3 4.12785E-3 4.0309E-3 3.89467E-3 3.80997E-3 3.55234E-3 3.28795E-3 6.73898E-3 6.22729E-3 6.02632E-3 5.48107E-3 4.7975E-3 4.31359E-3 3.72829E-3 3.3568E-3 2.69931E-3 2.19394E-3 1.69745E-3 7.63797E-4 4.64979E-4 2.15409E-4 6.92516E-7 0E0 0E0 0E0 0E0 0E0 0E0 0E0 0E0 -9999 -9999 -9999 -9999 -9999 -9999 -9999 -9999 -9999 -9999 -9999 -9999 -9999 -9999 -9999 -9999 -9999 -9999 -9999 -9999 -9999 3.70672E-2 0E0 0E0 0E0 4.20886E-3 -9999 -9999 -9999 -9999 -9999 -9999 -9999
2.02209E-3 2.01129E-3 2.45658E-3 3.90575E-3 4.87972E-3 4.94455E-3 4.91949E-3 5.07074E-3 5.01785E-3 5.08424E-3 5.16199E-3 4.41802E-3 4.29299E-3 4.18396E-3 4.06955E-3 3.90551E-3 3.83624E-3 3.70274E-3 3.59106E-3 3.47474E-3 6.86383E-3 6.35058E-3 6.06623E-3 5.53267E-3 4.94752E-3 4.32173E-3 3.80632E-3 3.31997E-3 2.9437E-3 2.51737E-3 2.04183E-3 1.65865E-3 7.8532E-4 5.10753E-4 1.94065E-4 1.22944E-6 0E0 0E0 0E0 0E0 0E0 0E0 0E0 0E0 -9999 -9999 -9999 -9999 -9999 -9999 -9999 -9999 -9999 -9999 -9999 -9999 -9999 -9999 -9999 -9999 -9999 -9999 -9999 -9999 7.06676E-2 1.53419E-2 0E0 0E0 0E0 0E0 0E0 4.49624E-3 -9999 -9999 -9999 -9999 -9999
1.88376E-3 1.88887E-3 2.00918E-3 3.33654E-3 4.07128E-3 4.07652E-3 4.2554E-3 4.33642E-3 4.23255E-3 4.28272E-3 4.34273E-3 4.31474E-3 4.23209E-3 4.16989E-3 3.96473E-3 3.79791E-3 3.75974E-3 3.62965E-3 7.43599E-3 7.13084E-3 6.57673E-3 6.30611E-3 5.60602E-3 5.30289E-3 4.75505E-3 4.13866E-3 3.60819E-3 3.09197E-3 2.72067E-3 2.30324E-3 1.85136E-3 9.20463E-4 6.09697E-4 4.15722E-4 2.65126E-4 1.23735E-4 3.0603E-7 0E0 0E0 0E0 0E0 0E0 0E0 0E0 -9999 -9999 -9999 -9999 -9999 -9999 -9999 -9999 -9999 -9999 -9999 -9999 -9999 -9999 -9999 -9999 -9999 -9999 -9999 9.61516E-2 5.78321E-2 8.52141E-3 4.26401E-3 4.66843E-5 2.87073E-5 1.49221E-5 0E0 0E0 9.25225E-3 -9999 -9999 -9999 -9999
1.74708E-3 1.74731E-3 1.83477E-3 1.91297E-3 3.26299E-3 4.06584E-3 4.04852E-3 4.12398E-3 4.2022E-3 4.06827E-3 4.09722E-3 4.18613E-3 3.96145E-3 3.8586E-3 3.83707E-3 3.6837E-3 7.57341E-3 7.05944E-3 6.91398E-3 6.5582E-3 6.29806E-3 5.69733E-3 5.31743E-3 4.78016E-3 4.18263E-3 3.89705E-3 3.29721E-3 2.85943E-3 2.50876E-3 2.09837E-3 1.64661E-3 6.85139E-4 4.52032E-4 3.51467E-4 2.18914E-4 1.21912E-4 9.54257E-7 0E0 0E0 0E0 0E0 0E0 0E0 0E0 -9999 -9999 -9999 -9999 -9999 -9999 -9999 -9999 -9999 -9999 -9999 -9999 -9999 -9999 -9999 -9999 -9999 -9999 -9999 8.99367E-2 4.67653E-2 1.51884E-2 9.84627E-3 1.02002E-2 1.02675E-2 5.13716E-3 5.24675E-3 5.08819E-5 3.56395E-5 4.8678E-3 9.96502E-3 -9999 -9999
1.60141E-3 1.67618E-3 1.68348E-3 1.83179E-3 1.85555E-3 3.05896E-3 3.88294E-3 3.88134E-3 3.90369E-3 3.77111E-3 3.80082E-3 3.82123E-3 3.656E-3 7.80507E-3 7.54427E-3 7.28298E-3 6.94509E-3 6.84771E-3 6.30849E-3 6.03445E-3 5.73999E-3 5.45856E-3 4.75941E-3 4.09625E-3 3.93287E-3 3.32372E-3 2.70864E-3 2.08728E-3 1.81818E-3 1.50207E-3 7.40759E-4 4.5714E-4 3.13776E-4 2.22899E-4 1.41313E-4 7.31413E-5 4.01413E-5 3.08274E-8 0E0 0E0 0E0 0E0 0E0 0E0 -9999 -9999 -9999 -9999 -9999 -9999 -9999 -9999 -9999 -9999 -9999 -9999 -9999 -9999 -9999 -9999 -9999 -9999 1.42053E-1 8.55448E-2 3.04114E-2 2.07258E-2 1.55056E-2 1.55413E-2 1.59701E-2 1.60555E-2 1.63725E-2 1.06753E-2 1.10739E-2 5.54437E-3 5.62111E-3 1.16657E-2 1.02968E-2
3.1785E-3 3.32847E-3 3.32104E-3 3.39185E-3 1.70461E-3 3.77983E-3 3.77487E-3 7.58274E-3 3.61032E-3 7.83345E-3 7.53432E-3 7.42744E-3 7.10809E-3 7.11618E-3 6.95163E-3 6.58749E-3 6.6985E-3 6.33167E-3 6.04177E-3 5.77389E-3 5.1341E-3 4.81528E-3 4.1072E-3 3.80397E-3 3.14777E-3 2.72181E-3 2.40485E-3 1.78757E-3 1.53105E-3 7.70099E-4 4.35307E-4 3.1346E-4 2.21972E-5 1.27374E-4 6.86857E-5 2.08134E-4 3.09059E-5 3.04443E-7 0E0 0E0 0E0 0E0 0E0 0E0 -9999 -9999 -9999 -9999 -9999 -9999 -9999 -9999 -9999 -9999 -9999 -9999 -9999 -9999 -9999 -9999 -9999 -9999 1.38068E-1 6.94587E-2 2.70529E-2 2.70799E-2 2.71644E-2 2.13863E-2 2.15229E-2 2.2075E-2 2.22335E-2 2.28214E-2 2.29959E-2 1.73145E-2 1.73181E-2 1.7861E-2 1.15927E-2
2.83135E-3 2.98827E-3 3.03231E-3 3.0186E-3 3.38085E-3 3.39143E-3 3.3869E-3 3.4242E-3 5.60842E-3 6.95877E-3 6.72116E-3 6.72502E-3 6.9177E-3 6.55385E-3 6.14474E-3 6.22368E-3 5.92074E-3 5.61935E-3 5.32438E-3 5.01944E-3 4.82425E-3 4.18866E-3 3.80682E-3 3.13529E-3 2.80495E-3 2.11103E-3 1.77579E-3 1.13175E-3 5.73692E-4 6.08246E-4 9.67816E-5 2.30176E-4 2.56167E-4 2.70553E-4 3.66308E-4 2.16648E-4 2.45324E-4 4.39723E-4 3.24144E-6 0E0 0E0 0E0 0E0 0E0 -9999 -9999 -9999 -9999 -9999 -9999 -9999 -9999 -9999 -9999 -9999 -9999 -9999 -9999 -9999 -9999 -9999 -9999 1.42234E-1 8.12404E-2 4.08011E-2 3.75712E-2 3.71369E-2 2.96337E-2 2.95862E-2 2.812E-2 2.87819E-2 2.90815E-2 2.50772E-2 2.33986E-2 2.36352E-2 2.42543E-2 1.76922E-2
2.4739E-3 2.5954E-3 2.68594E-3 2.7349E-3 2.98397E-3 3.03478E-3 3.05596E-3 3.07299E-3 3.08155E-3 2.93799E-3 4.80861E-3 5.9729E-3 5.5841E-3 6.01573E-3 5.55492E-3 5.41614E-3 5.33688E-3 4.93097E-3 4.61519E-3 4.35249E-3 3.95612E-3 3.60034E-3 3.12829E-3 2.80395E-3 2.10821E-3 1.39011E-3 1.03199E-3 8.03567E-4 3.78892E-4 5.48016E-6 3.71497E-4 3.92744E-4 3.97425E-4 6.93334E-4 8.98533E-4 7.75395E-4 6.40736E-4 1.45594E-3 9.41956E-4 3.30222E-6 0E0 0E0 0E0 0E0 -9999 -9999 -9999 -9999 -9999 -9999 -9999 -9999 -9999 -9999 -9999 -9999 -9999 -9999 -9999 -9999 -9999 1.39636E-1 1.03653E-1 7.17966E-2 5.60882E-2 5.51975E-2 5.46641E-2 5.30081E-2 4.15203E-2 4.03605E-2 3.95131E-2 3.68044E-2 2.9555E-2 2.97356E-2 3.06643E-2 2.40122E-2 2.0995E-2
