day_2/Results/Podomys_floridanus/projections/PaleoClim/-21000/R_clampingUN_3.asc
ncols         385
nrows         252
xllcorner     -91.50013924285
yllcorner     25.49986064915003
cellsize      0.041666666500000005
NODATA_value  -9999
[rows 210 to 244 of 252, columns 231 to 307 of 385]
2.75972E-3 3.21642E-3 2.75958E-3 2.76139E-3 2.76139E-3 2.75404E-3 2.75402E-3 2.75568E-3 3.24941E-3 3.29943E-3 3.25124E-3 7.64181E-3 4.70642E-3 7.83032E-3 3.35203E-3 3.91209E-3 3.89779E-3 3.93891E-3 3.97988E-3 4.00198E-3 3.44508E-3 3.99758E-3 3.47552E-3 3.53846E-3 3.01239E-3 3.77507E-3 3.7815E-3 3.12542E-3 1.83298E-3 1.22899E-3 4.31949E-4 1.43529E-6 0E0 0E0 0E0 0E0 0E0 0E0 0E0 0E0 0E0 0E0 0E0 0E0 0E0 0E0 0E0 -9999 -9999 -9999 -9999 -9999 -9999 -9999 -9999 -9999 -9999 -9999 -9999 -9999 -9999 -9999 -9999 -9999 0E0 0E0 0E0 0E0 0E0 0E0 0E0 0E0 0E0 0E0 0E0 0E0 0E0
2.75401E-3 2.75402E-3 2.75402E-3 2.75402E-3 2.75402E-3 2.78704E-3 2.78884E-3 3.29802E-3 3.28939E-3 3.28936E-3 3.29108E-3 4.72733E-3 7.74834E-3 6.41971E-3 3.38749E-3 3.97026E-3 3.93916E-3 3.97988E-3 3.96209E-3 3.98281E-3 4.02006E-3 3.49399E-3 3.5064E-3 3.51847E-3 4.50518E-3 3.80879E-3 3.81174E-3 3.12994E-3 2.48152E-3 1.86979E-3 4.36491E-4 1.44499E-6 0E0 0E0 0E0 0E0 0E0 0E0 0E0 0E0 0E0 0E0 0E0 0E0 0E0 0E0 0E0 -9999 -9999 -9999 -9999 -9999 -9999 -9999 -9999 -9999 -9999 -9999 -9999 -9999 -9999 -9999 -9999 -9999 0E0 0E0 0E0 0E0 0E0 0E0 0E0 0E0 0E0 0E0 0E0 0E0 0E0
2.7856E-3 2.78729E-3 2.78726E-3 2.78726E-3 2.78895E-3 2.78068E-3 3.28763E-3 3.33826E-3 3.32753E-3 3.32762E-3 3.85587E-3 3.33107E-3 7.80903E-3 6.42462E-3 3.37473E-3 3.95402E-3 3.98E-3 3.96209E-3 4.00212E-3 4.04194E-3 3.51185E-3 3.52539E-3 3.53881E-3 3.54985E-3 3.80315E-3 3.83726E-3 3.84134E-3 3.8123E-3 3.14983E-3 1.32926E-3 4.34558E-4 1.44993E-6 0E0 0E0 0E0 0E0 0E0 0E0 0E0 0E0 0E0 0E0 0E0 0E0 0E0 0E0 0E0 -9999 -9999 -9999 -9999 -9999 -9999 -9999 -9999 -9999 -9999 -9999 -9999 -9999 -9999 -9999 -9999 -9999 0E0 0E0 0E0 0E0 0E0 0E0 0E0 0E0 0E0 0E0 0E0 0E0 0E0
2.81884E-3 2.82054E-3 2.8118E-3 2.81347E-3 3.32588E-3 3.32762E-3 3.32936E-3 3.32762E-3 3.32762E-3 3.36556E-3 3.8975E-3 3.88503E-3 7.60071E-3 7.86635E-3 3.41333E-3 3.99388E-3 3.97843E-3 4.00224E-3 4.04194E-3 4.02026E-3 3.49399E-3 3.5064E-3 3.57058E-3 4.50772E-3 4.51711E-3 3.81632E-3 3.81439E-3 3.19736E-3 3.16945E-3 1.79585E-3 8.77942E-4 5.81645E-6 0E0 0E0 0E0 0E0 0E0 0E0 0E0 0E0 0E0 0E0 0E0 0E0 0E0 0E0 0E0 -9999 -9999 -9999 -9999 -9999 -9999 -9999 -9999 -9999 -9999 -9999 -9999 -9999 -9999 -9999 -9999 -9999 0E0 0E0 0E0 0E0 0E0 0E0 0E0 0E0 0E0 0E0 0E0 0E0 0E0
2.84288E-3 2.84457E-3 2.84628E-3 3.36409E-3 3.36585E-3 3.36585E-3 3.89951E-3 3.36938E-3 3.36758E-3 3.35392E-3 3.35388E-3 3.39134E-3 9.19861E-3 4.92503E-3 3.45189E-3 3.43749E-3 3.47333E-3 4.0598E-3 4.02217E-3 3.51378E-3 3.52739E-3 3.53881E-3 3.54985E-3 4.47981E-3 4.55349E-3 4.52637E-3 3.8451E-3 3.17616E-3 2.28079E-3 1.80769E-3 1.33085E-3 8.78272E-4 0E0 0E0 0E0 0E0 0E0 0E0 0E0 0E0 0E0 0E0 0E0 0E0 0E0 0E0 0E0 -9999 -9999 -9999 -9999 -9999 -9999 -9999 -9999 -9999 -9999 -9999 -9999 -9999 -9999 -9999 -9999 -9999 0E0 0E0 0E0 0E0 0E0 0E0 0E0 0E0 0E0 0E0 0E0 0E0 0E0
2.87705E-3 2.87719E-3 3.40209E-3 3.40387E-3 3.40387E-3 3.40387E-3 3.94125E-3 3.94307E-3 3.92789E-3 3.395E-3 3.39147E-3 3.42868E-3 3.41539E-3 3.45184E-3 3.43749E-3 3.47333E-3 3.50901E-3 4.03862E-3 4.05909E-3 4.0996E-3 4.11491E-3 3.57461E-3 4.50795E-3 4.51711E-3 4.52328E-3 4.52637E-3 3.87279E-3 3.86774E-3 2.26412E-3 1.79426E-3 1.33878E-3 8.81825E-4 2.86364E-6 0E0 0E0 0E0 0E0 0E0 0E0 0E0 0E0 0E0 0E0 0E0 0E0 0E0 0E0 -9999 -9999 -9999 -9999 -9999 -9999 -9999 -9999 -9999 -9999 -9999 -9999 -9999 -9999 -9999 -9999 -9999 -9999 0E0 0E0 1.35613E-3 9.90971E-6 1.80571E-8 0E0 0E0 0E0 0E0 0E0 0E0 0E0
2.86718E-3 2.86718E-3 3.38973E-3 3.39146E-3 3.39146E-3 3.39146E-3 3.44183E-3 3.442E-3 3.42889E-3 3.96877E-3 3.43072E-3 3.4154E-3 3.45201E-3 3.43749E-3 3.47333E-3 3.50901E-3 3.4929E-3 3.52773E-3 3.5443E-3 4.13406E-3 4.15197E-3 4.16345E-3 4.55066E-3 4.55373E-3 4.55837E-3 4.56011E-3 3.84611E-3 3.83717E-3 2.2975E-3 2.27141E-3 1.34188E-3 4.38076E-4 1.4595E-6 0E0 0E0 0E0 0E0 0E0 0E0 0E0 0E0 0E0 0E0 0E0 0E0 0E0 0E0 -9999 -9999 -9999 -9999 -9999 -9999 -9999 -9999 -9999 -9999 -9999 -9999 -9999 -9999 -9999 -9999 -9999 -9999 -9999 0E0 0E0 1.36868E-3 1.49005E-5 0E0 0E0 0E0 0E0 0E0 0E0 0E0
2.90114E-3 2.8994E-3 3.44028E-3 3.42885E-3 3.42897E-3 3.42897E-3 3.42897E-3 3.42897E-3 4.92527E-3 3.4661E-3 3.45206E-3 3.45213E-3 3.48868E-3 3.4735E-3 3.50901E-3 3.4929E-3 3.52773E-3 3.56236E-3 3.57799E-3 3.55882E-3 4.12572E-3 5.20846E-3 5.21721E-3 4.5256E-3 4.52637E-3 4.59281E-3 4.58964E-3 2.76303E-3 2.2802E-3 2.28449E-3 1.80867E-3 8.91265E-4 4.32477E-6 0E0 0E0 0E0 0E0 0E0 0E0 0E0 0E0 0E0 0E0 0E0 0E0 0E0 -9999 -9999 -9999 -9999 -9999 -9999 -9999 -9999 -9999 -9999 -9999 -9999 -9999 -9999 -9999 -9999 -9999 -9999 -9999 -9999 0E0 0E0 1.76147E-3 2.68146E-3 1.49035E-5 0E0 0E0 0E0 0E0 0E0 0E0
3.46623E-3 2.93492E-3 3.46442E-3 3.41552E-3 3.46623E-3 3.4664E-3 3.4664E-3 3.4664E-3 3.4664E-3 3.45218E-3 4.95772E-3 3.48868E-3 3.52503E-3 3.50936E-3 3.4929E-3 3.52773E-3 3.56236E-3 3.54441E-3 3.55877E-3 3.59151E-3 4.16156E-3 5.24923E-3 5.25892E-3 4.56336E-3 4.56023E-3 4.5584E-3 4.55339E-3 2.78232E-3 2.77218E-3 2.26557E-3 1.79189E-3 1.33521E-3 4.40703E-4 0E0 0E0 0E0 0E0 0E0 0E0 0E0 0E0 0E0 0E0 0E0 0E0 0E0 -9999 -9999 -9999 -9999 -9999 -9999 -9999 -9999 -9999 -9999 -9999 -9999 -9999 -9999 -9999 -9999 -9999 -9999 -9999 -9999 -9999 9.04408E-4 2.58034E-3 2.66972E-3 1.45971E-3 4.95535E-6 0E0 0E0 0E0 0E0 0E0
3.45213E-3 3.45213E-3 3.45213E-3 3.45213E-3 3.50337E-3 3.50354E-3 3.50371E-3 3.50549E-3 5.03382E-3 5.00977E-3 5.00962E-3 3.52521E-3 3.51118E-3 3.54655E-3 3.52791E-3 3.56253E-3 3.54625E-3 3.57995E-3 3.6134E-3 3.62586E-3 5.20646E-3 4.55079E-3 5.33374E-3 5.33992E-3 4.63207E-3 4.58977E-3 4.58311E-3 3.27024E-3 2.74938E-3 2.29892E-3 1.80118E-3 1.33525E-3 2.05506E-3 1.01612E-3 0E0 0E0 0E0 0E0 0E0 0E0 0E0 0E0 0E0 0E0 0E0 0E0 -9999 -9999 -9999 -9999 -9999 -9999 -9999 -9999 -9999 -9999 -9999 -9999 -9999 -9999 -9999 -9999 -9999 -9999 -9999 -9999 -9999 1.04278E-3 2.78426E-3 9.89313E-6 0E0 0E0 0E0 0E0 0E0 0E0 0E0
3.4888E-3 3.4888E-3 3.4888E-3 3.4888E-3 3.49061E-3 3.48881E-3 3.5424E-3 4.07924E-3 4.08125E-3 3.52716E-3 3.50936E-3 3.56338E-3 4.10079E-3 4.08213E-3 3.56438E-3 3.59694E-3 4.13447E-3 4.17597E-3 4.15231E-3 4.16366E-3 5.28554E-3 5.29449E-3 5.2998E-3 5.30149E-3 5.29946E-3 4.55825E-3 3.29791E-3 3.28997E-3 2.76505E-3 2.27933E-3 1.78378E-3 1.34144E-3 2.03359E-3 1.0195E-3 0E0 0E0 0E0 0E0 0E0 0E0 0E0 0E0 0E0 0E0 0E0 0E0 -9999 -9999 -9999 -9999 -9999 -9999 -9999 -9999 -9999 -9999 -9999 -9999 -9999 -9999 -9999 -9999 -9999 -9999 -9999 -9999 -9999 -9999 1.46041E-3 0E0 0E0 0E0 0E0 0E0 0E0 0E0 0E0
5.06408E-3 5.06408E-3 5.06408E-3 3.52717E-3 4.0775E-3 5.06669E-3 4.07931E-3 4.06207E-3 4.12055E-3 3.56534E-3 3.54506E-3 4.15959E-3 4.14113E-3 4.12167E-3 3.60066E-3 3.57828E-3 3.6134E-3 4.15042E-3 4.18903E-3 5.28539E-3 5.32917E-3 5.3364E-3 5.33992E-3 5.33974E-3 5.33577E-3 5.32819E-3 3.27199E-3 3.26096E-3 2.80574E-3 2.76582E-3 1.81329E-3 1.32792E-3 2.04055E-3 1.00832E-3 3.27397E-6 0E0 0E0 0E0 0E0 0E0 0E0 0E0 0E0 0E0 0E0 0E0 -9999 -9999 -9999 -9999 -9999 -9999 -9999 -9999 -9999 -9999 -9999 -9999 -9999 -9999 -9999 -9999 -9999 -9999 -9999 -9999 -9999 -9999 2.86035E-3 0E0 0E0 0E0 0E0 0E0 0E0 0E0 0E0
5.91734E-3 5.91744E-3 5.91744E-3 4.12075E-3 3.56355E-3 4.11885E-3 5.88589E-3 4.10072E-3 5.16635E-3 4.13911E-3 3.58235E-3 3.5805E-3 3.61738E-3 4.15716E-3 4.13824E-3 3.61526E-3 4.15042E-3 4.18903E-3 4.22539E-3 5.25212E-3 5.29438E-3 5.2998E-3 5.30149E-3 5.29946E-3 5.29363E-3 5.36141E-3 3.29183E-3 3.27933E-3 2.78159E-3 2.73858E-3 2.28846E-3 3.10697E-3 2.04404E-3 1.01122E-3 3.28166E-6 0E0 0E0 0E0 0E0 0E0 0E0 0E0 0E0 0E0 0E0 0E0 -9999 -9999 -9999 -9999 -9999 -9999 -9999 -9999 -9999 -9999 -9999 -9999 -9999 -9999 -9999 -9999 -9999 -9999 -9999 -9999 -9999 -9999 4.20793E-3 0E0 0E0 0E0 0E0 0E0 0E0 0E0 0E0
4.14474E-3 4.16355E-3 5.97539E-3 5.16661E-3 9.72977E-3 5.16661E-3 9.67686E-3 5.14169E-3 5.1417E-3 5.1417E-3 5.19122E-3 3.61744E-3 4.15906E-3 3.63504E-3 4.17448E-3 4.15231E-3 4.18903E-3 4.22539E-3 5.2858E-3 5.32931E-3 5.33641E-3 5.34018E-3 5.33974E-3 5.33577E-3 5.32793E-3 3.80225E-3 3.2918E-3 3.24922E-3 3.28243E-3 2.75287E-3 2.26497E-3 4.17057E-3 3.08599E-3 1.00631E-3 3.29953E-6 0E0 0E0 0E0 0E0 0E0 0E0 0E0 0E0 0E0 0E0 0E0 -9999 -9999 -9999 -9999 -9999 -9999 -9999 -9999 -9999 -9999 -9999 -9999 -9999 -9999 -9999 -9999 -9999 -9999 -9999 -9999 -9999 -9999 6.2653E-3 4.80906E-5 0E0 0E0 0E0 0E0 0E0 0E0 0E0
4.69382E-3 1.11964E-2 1.11914E-2 9.68698E-3 1.11863E-2 1.11914E-2 9.68682E-3 1.12871E-2 6.00197E-3 6.00216E-3 5.97034E-3 4.13825E-3 4.19967E-3 4.17639E-3 4.21378E-3 4.18924E-3 4.22539E-3 5.2858E-3 5.32917E-3 5.3364E-3 5.29994E-3 5.37938E-3 5.29972E-3 5.29363E-3 5.28391E-3 3.82503E-3 3.31266E-3 3.26645E-3 3.25034E-3 2.79331E-3 5.28341E-3 4.17066E-3 3.09437E-3 2.01025E-3 6.58048E-6 0E0 0E0 0E0 0E0 0E0 0E0 0E0 0E0 0E0 0E0 0E0 -9999 -9999 -9999 -9999 -9999 -9999 -9999 -9999 -9999 -9999 -9999 -9999 -9999 -9999 -9999 -9999 -9999 -9999 -9999 -9999 -9999 -9999 -9999 4.76222E-3 1.49664E-3 0E0 0E0 0E0 0E0 0E0 0E0
6.79667E-3 1.12979E-2 1.1293E-2 1.1293E-2 1.1293E-2 1.1293E-2 1.12321E-2 1.12319E-2 1.12319E-2 1.13295E-2 6.02528E-3 5.99141E-3 4.23814E-3 4.21419E-3 4.18924E-3 4.22539E-3 5.2858E-3 5.32943E-3 5.29463E-3 5.2998E-3 5.34005E-3 5.34E-3 5.33603E-3 5.32819E-3 3.80225E-3 3.79153E-3 3.77786E-3 3.31614E-3 3.26532E-3 2.76472E-3 5.22623E-3 4.18308E-3 3.05852E-3 1.98581E-3 6.5916E-6 0E0 0E0 0E0 0E0 0E0 0E0 0E0 0E0 0E0 0E0 -9999 -9999 -9999 -9999 -9999 -9999 -9999 -9999 -9999 -9999 -9999 -9999 -9999 -9999 -9999 -9999 -9999 -9999 -9999 -9999 -9999 -9999 -9999 -9999 -9999 6.25955E-3 2.71322E-3 2.33639E-5 4.40217E-6 1.4954E-8 4.05597E-6 1.18821E-3
6.85811E-3 1.13407E-2 1.13299E-2 1.13299E-2 1.13299E-2 1.13304E-2 1.13304E-2 1.13304E-2 1.13355E-2 1.12658E-2 1.14267E-2 6.04444E-3 4.21411E-3 4.25124E-3 4.22581E-3 5.2858E-3 5.32943E-3 5.37251E-3 5.33681E-3 5.34031E-3 5.37951E-3 5.37754E-3 5.37158E-3 5.36167E-3 3.82521E-3 3.81292E-3 3.79782E-3 3.2844E-3 3.23185E-3 6.44704E-3 5.24258E-3 4.13585E-3 3.06514E-3 2.01414E-3 9.75069E-6 0E0 0E0 0E0 0E0 0E0 0E0 0E0 0E0 0E0 0E0 -9999 -9999 -9999 -9999 -9999 -9999 -9999 -9999 -9999 -9999 -9999 -9999 -9999 -9999 -9999 -9999 -9999 -9999 -9999 -9999 -9999 -9999 -9999 -9999 -9999 -9999 5.17455E-3 3.68646E-3 1.30316E-3 1.31337E-5 1.18466E-3 2.31265E-3
6.91872E-3 1.29993E-2 1.12763E-2 1.12706E-2 1.12706E-2 1.14319E-2 1.14325E-2 1.1433E-2 6.91603E-3 1.13712E-2 1.13658E-2 1.12923E-2 4.25136E-3 4.22773E-3 5.36602E-3 5.33211E-3 5.37494E-3 5.33681E-3 5.37811E-3 5.41865E-3 5.34026E-3 5.33603E-3 5.32819E-3 3.80225E-3 3.79153E-3 3.77786E-3 3.81672E-3 3.30014E-3 3.24536E-3 6.37782E-3 5.25716E-3 4.14631E-3 3.02809E-3 2.01727E-3 1.37975E-3 0E0 0E0 0E0 0E0 0E0 0E0 0E0 0E0 0E0 0E0 -9999 -9999 -9999 -9999 -9999 -9999 -9999 -9999 -9999 -9999 -9999 -9999 -9999 -9999 -9999 -9999 -9999 -9999 -9999 -9999 -9999 -9999 -9999 -9999 -9999 -9999 -9999 4.57589E-3 4.92214E-3 2.34269E-3 1.19926E-3 1.18346E-3
4.83929E-3 6.87777E-3 1.29212E-2 1.29212E-2 1.29212E-2 1.29212E-2 1.29212E-2 1.31055E-2 4.83741E-3 6.93935E-3 1.30257E-2 1.13942E-2 1.15512E-2 8.72258E-3 6.06028E-3 6.10816E-3 6.06621E-3 5.38296E-3 5.41879E-3 5.34026E-3 5.37766E-3 5.37184E-3 5.36194E-3 3.8254E-3 3.81311E-3 3.79782E-3 3.77948E-3 3.26701E-3 7.56379E-3 6.39799E-3 5.19703E-3 4.09728E-3 3.03315E-3 1.99167E-3 1.64341E-5 0E0 0E0 0E0 0E0 0E0 0E0 0E0 0E0 0E0 0E0 -9999 -9999 -9999 -9999 -9999 -9999 -9999 -9999 -9999 -9999 -9999 -9999 -9999 -9999 -9999 -9999 -9999 -9999 -9999 -9999 -9999 -9999 -9999 -9999 -9999 -9999 -9999 -9999 -9999 4.10681E-3 2.85921E-3 9.48653E-6
5.48062E-3 6.89611E-3 1.30252E-2 1.30254E-2 1.30254E-2 1.30254E-2 1.30254E-2 1.29431E-2 6.994E-3 5.47858E-3 1.31338E-2 1.62643E-2 1.61549E-2 8.79392E-3 6.10846E-3 6.15535E-3 6.11235E-3 8.80122E-3 5.38488E-3 5.37781E-3 5.41715E-3 5.40661E-3 3.85865E-3 3.84774E-3 3.83385E-3 3.81709E-3 3.79705E-3 3.28139E-3 7.48119E-3 6.41604E-3 7.44039E-3 4.10588E-3 4.27968E-3 2.81129E-3 1.65034E-5 0E0 0E0 0E0 0E0 0E0 0E0 0E0 0E0 0E0 0E0 -9999 -9999 -9999 -9999 -9999 -9999 -9999 -9999 -9999 -9999 -9999 -9999 -9999 -9999 -9999 -9999 -9999 -9999 -9999 -9999 -9999 -9999 -9999 -9999 -9999 -9999 -9999 -9999 -9999 -9999 -9999 -9999
6.80579E-3 1.62767E-2 1.6264E-2 1.62639E-2 1.62705E-2 1.62705E-2 1.66605E-2 1.62705E-2 1.62636E-2 9.72916E-3 8.7977E-3 1.63823E-2 8.73549E-3 1.61556E-2 1.63819E-2 8.73898E-3 1.63717E-2 1.62489E-2 1.63489E-2 1.43913E-2 8.83542E-3 5.3646E-3 3.8254E-3 3.81311E-3 3.79782E-3 3.83526E-3 3.81367E-3 7.65021E-3 7.50338E-3 6.34271E-3 7.34751E-3 1.0372E-2 4.28407E-3 4.95214E-3 1.39965E-5 0E0 0E0 0E0 0E0 0E0 0E0 0E0 0E0 0E0 0E0 -9999 -9999 -9999 -9999 -9999 -9999 -9999 -9999 -9999 -9999 -9999 -9999 -9999 -9999 -9999 -9999 -9999 -9999 -9999 -9999 -9999 -9999 -9999 -9999 -9999 -9999 -9999 -9999 -9999 -9999 -9999 -9999
6.86085E-3 9.87442E-3 1.63956E-2 1.63894E-2 1.8378E-2 1.83847E-2 1.67951E-2 1.83776E-2 1.62834E-2 1.82483E-2 1.62827E-2 1.63893E-2 1.63826E-2 8.7425E-3 1.63783E-2 1.63717E-2 8.86334E-3 1.63497E-2 1.63157E-2 1.61815E-2 8.76545E-3 1.03812E-2 5.51492E-3 3.83403E-3 3.81709E-3 3.79705E-3 3.77385E-3 7.568E-3 7.52305E-3 6.35805E-3 1.05088E-2 1.02316E-2 7.64922E-3 4.97085E-3 1.39828E-5 0E0 0E0 0E0 0E0 0E0 0E0 0E0 0E0 0E0 0E0 -9999 -9999 -9999 -9999 -9999 -9999 -9999 -9999 -9999 -9999 -9999 -9999 -9999 -9999 -9999 -9999 -9999 -9999 -9999 -9999 -9999 -9999 -9999 -9999 -9999 -9999 -9999 -9999 -9999 -9999 -9999 -9999
7.62013E-3 1.83915E-2 1.88247E-2 1.85113E-2 1.85117E-2 1.89603E-2 1.89612E-2 1.83789E-2 1.83785E-2 1.83785E-2 1.82432E-2 1.84976E-2 1.63856E-2 1.83529E-2 9.94289E-3 1.63632E-2 1.64538E-2 1.6316E-2 1.64067E-2 1.627E-2 1.17685E-2 1.04375E-2 1.03917E-2 5.52216E-3 3.83564E-3 3.81386E-3 8.79396E-3 7.59191E-3 7.43566E-3 1.6066E-2 1.05125E-2 1.02273E-2 7.54739E-3 4.2161E-3 7.39104E-6 0E0 0E0 0E0 0E0 0E0 0E0 0E0 0E0 0E0 0E0 -9999 -9999 -9999 -9999 -9999 -9999 -9999 -9999 -9999 -9999 -9999 -9999 -9999 -9999 -9999 -9999 -9999 -9999 -9999 -9999 -9999 -9999 -9999 -9999 -9999 -9999 -9999 -9999 -9999 -9999 -9999 -9999
7.67608E-3 1.10525E-2 1.85048E-2 1.84985E-2 1.84985E-2 1.86864E-2 1.89469E-2 1.89478E-2 1.84989E-2 1.84989E-2 1.83601E-2 1.83592E-2 1.89195E-2 1.89203E-2 1.85831E-2 1.84349E-2 1.8283E-2 1.64206E-2 1.62701E-2 1.67487E-2 1.19529E-2 1.07547E-2 1.05499E-2 1.03879E-2 5.51882E-3 1.25548E-2 8.82201E-3 7.5275E-3 7.45186E-3 1.58593E-2 1.06191E-2 1.04428E-2 7.7419E-3 4.21016E-3 7.28506E-6 0E0 0E0 0E0 0E0 0E0 0E0 0E0 0E0 0E0 -9999 -9999 -9999 -9999 -9999 -9999 -9999 -9999 -9999 -9999 -9999 -9999 -9999 -9999 -9999 -9999 -9999 -9999 -9999 -9999 -9999 -9999 -9999 -9999 -9999 -9999 -9999 -9999 -9999 -9999 -9999 -9999 -9999
7.66779E-3 1.10411E-2 1.82328E-2 1.83587E-2 1.8811E-2 1.83592E-2 1.90659E-2 1.8617E-2 1.89204E-2 1.89199E-2 1.84732E-2 1.83284E-2 1.87708E-2 1.888E-2 1.87252E-2 1.83826E-2 1.82254E-2 1.84781E-2 1.67628E-2 1.18311E-2 1.20131E-2 1.1956E-2 1.06068E-2 1.05386E-2 1.02196E-2 1.24194E-2 1.23433E-2 1.06457E-2 1.88075E-2 1.34761E-2 1.32804E-2 1.03105E-2 7.63414E-3 2.22716E-3 7.27871E-6 0E0 0E0 0E0 0E0 0E0 0E0 0E0 0E0 0E0 -9999 -9999 -9999 -9999 -9999 -9999 -9999 -9999 -9999 -9999 -9999 -9999 -9999 -9999 -9999 -9999 -9999 -9999 -9999 -9999 -9999 -9999 -9999 -9999 -9999 -9999 -9999 -9999 -9999 -9999 -9999 -9999 -9999
7.7173E-3 7.71992E-3 2.06213E-2 1.83421E-2 2.03318E-2 1.8785E-2 1.87782E-2 1.90391E-2 1.87786E-2 1.87717E-2 1.888E-2 1.88798E-2 1.87252E-2 1.89848E-2 1.88263E-2 1.89234E-2 1.83178E-2 1.33705E-2 1.35763E-2 1.21883E-2 1.1835E-2 1.20087E-2 1.19374E-2 1.04805E-2 2.22815E-2 2.20646E-2 2.18292E-2 1.88115E-2 1.85719E-2 1.34727E-2 1.3092E-2 1.03464E-2 6.41946E-3 2.19431E-3 1.07398E-5 0E0 0E0 0E0 0E0 0E0 0E0 0E0 0E0 0E0 -9999 -9999 -9999 -9999 -9999 -9999 -9999 -9999 -9999 -9999 -9999 -9999 -9999 -9999 -9999 -9999 -9999 -9999 -9999 -9999 -9999 -9999 -9999 -9999 -9999 -9999 -9999 -9999 -9999 -9999 -9999 -9999 -9999
7.70296E-3 8.54606E-3 2.02891E-2 2.04524E-2 2.04529E-2 2.09465E-2 2.09465E-2 2.04529E-2 2.07723E-2 1.89985E-2 1.89925E-2 1.88268E-2 1.88257E-2 1.89237E-2 1.87589E-2 1.87578E-2 1.37004E-2 1.36416E-2 1.3513E-2 1.2131E-2 1.21786E-2 1.1938E-2 1.19815E-2 2.60425E-2 2.23372E-2 2.20899E-2 2.18431E-2 1.88175E-2 1.85677E-2 1.33074E-2 1.29123E-2 1.02004E-2 6.40826E-3 2.19153E-3 1.07628E-3 3.513E-6 0E0 0E0 0E0 0E0 0E0 0E0 0E0 0E0 -9999 -9999 -9999 -9999 -9999 -9999 -9999 -9999 -9999 -9999 -9999 -9999 -9999 -9999 -9999 -9999 -9999 -9999 -9999 -9999 -9999 -9999 0E0 0E0 -9999 -9999 -9999 -9999 -9999 -9999 -9999 -9999 -9999
8.44429E-3 8.52338E-3 1.10027E-2 2.03877E-2 2.08788E-2 2.08788E-2 2.08788E-2 2.08788E-2 2.11677E-2 2.09841E-2 2.09845E-2 1.89309E-2 1.87589E-2 1.37009E-2 1.37007E-2 1.35763E-2 1.36414E-2 1.35126E-2 1.35717E-2 1.21882E-2 1.1938E-2 1.19815E-2 2.60425E-2 2.60819E-2 2.58153E-2 2.21168E-2 2.18491E-2 1.88257E-2 1.8963E-2 1.57641E-2 1.29636E-2 8.58518E-3 3.35201E-3 2.19145E-3 1.07398E-3 3.50365E-6 0E0 0E0 0E0 0E0 0E0 0E0 0E0 0E0 -9999 -9999 -9999 -9999 -9999 -9999 -9999 -9999 -9999 -9999 -9999 -9999 -9999 -9999 -9999 -9999 -9999 -9999 -9999 -9999 -9999 2.25452E-3 0E0 0E0 0E0 4.18668E-4 -9999 -9999 -9999 -9999 -9999 -9999 -9999
6.07777E-3 6.07766E-3 8.44719E-3 1.09672E-2 2.03075E-2 2.03075E-2 2.03081E-2 2.07965E-2 2.07959E-2 2.07959E-2 2.1084E-2 1.37064E-2 1.37056E-2 1.37744E-2 1.36469E-2 1.3513E-2 1.35722E-2 1.34387E-2 1.34919E-2 1.33536E-2 1.1991E-2 2.60527E-2 2.60819E-2 2.58163E-2 2.52095E-2 2.20695E-2 2.17703E-2 2.1471E-2 1.86967E-2 1.58164E-2 1.29463E-2 1.07163E-2 4.46854E-3 3.23424E-3 1.06353E-3 6.89362E-6 0E0 0E0 0E0 0E0 0E0 0E0 0E0 0E0 -9999 -9999 -9999 -9999 -9999 -9999 -9999 -9999 -9999 -9999 -9999 -9999 -9999 -9999 -9999 -9999 -9999 -9999 -9999 -9999 2.71149E-3 2.17208E-3 0E0 0E0 0E0 0E0 0E0 2.20738E-4 -9999 -9999 -9999 -9999 -9999
6.05165E-3 6.05135E-3 6.10977E-3 8.62511E-3 1.46983E-2 1.46935E-2 1.48253E-2 1.51963E-2 1.50561E-2 1.50559E-2 1.52641E-2 1.37795E-2 1.51157E-2 1.5187E-2 1.50383E-2 1.35817E-2 1.36338E-2 1.34921E-2 1.35424E-2 1.34008E-2 2.90846E-2 2.91227E-2 2.58262E-2 2.5513E-2 2.52166E-2 2.48998E-2 2.17781E-2 2.14482E-2 1.84389E-2 1.55918E-2 1.29156E-2 5.68529E-3 4.39367E-3 3.22578E-3 2.10613E-3 1.03517E-3 3.30799E-6 0E0 0E0 0E0 0E0 0E0 0E0 0E0 -9999 -9999 -9999 -9999 -9999 -9999 -9999 -9999 -9999 -9999 -9999 -9999 -9999 -9999 -9999 -9999 -9999 -9999 -9999 2.7184E-3 3.53368E-3 2.14823E-3 1.10163E-3 1.12442E-5 6.90687E-6 3.16628E-6 0E0 0E0 3.99176E-4 -9999 -9999 -9999 -9999
6.02063E-3 6.02054E-3 6.08089E-3 5.9926E-3 8.66718E-3 1.62201E-2 1.47665E-2 1.62103E-2 1.6615E-2 1.62891E-2 1.51971E-2 1.51872E-2 1.50378E-2 1.5098E-2 1.50977E-2 1.49431E-2 1.4996E-2 1.34061E-2 2.94074E-2 2.90837E-2 2.91227E-2 2.88165E-2 2.55327E-2 2.52263E-2 2.48998E-2 2.48864E-2 2.45345E-2 2.1436E-2 1.85057E-2 1.55658E-2 1.28851E-2 5.5136E-3 5.40261E-3 3.22313E-3 2.10219E-3 2.04928E-3 1.07749E-5 0E0 0E0 0E0 0E0 0E0 0E0 0E0 -9999 -9999 -9999 -9999 -9999 -9999 -9999 -9999 -9999 -9999 -9999 -9999 -9999 -9999 -9999 -9999 -9999 -9999 -9999 5.00333E-3 4.46086E-3 3.1322E-3 2.14526E-3 1.96215E-3 1.96095E-3 9.26733E-4 8.3323E-4 8.5855E-6 4.51625E-6 4.67766E-4 5.25768E-4 -9999 -9999
5.98514E-3 6.04722E-3 6.04926E-3 6.02235E-3 6.02034E-3 8.62195E-3 1.61264E-2 1.50479E-2 1.52548E-2 1.61839E-2 1.65801E-2 1.51026E-2 1.49431E-2 1.51542E-2 1.49967E-2 1.48365E-2 3.25179E-2 2.94282E-2 2.91351E-2 2.87907E-2 2.88142E-2 2.88324E-2 2.81314E-2 2.7766E-2 2.49054E-2 2.45346E-2 2.41611E-2 2.38821E-2 2.08248E-2 1.50698E-2 6.73579E-3 6.60363E-3 5.39344E-3 4.21817E-3 3.09293E-3 2.01805E-3 1.07891E-3 3.43214E-6 0E0 0E0 0E0 0E0 0E0 0E0 -9999 -9999 -9999 -9999 -9999 -9999 -9999 -9999 -9999 -9999 -9999 -9999 -9999 -9999 -9999 -9999 -9999 -9999 4.77682E-3 5.85444E-3 4.92517E-3 4.05571E-3 2.86192E-3 2.85435E-3 2.58515E-3 2.58335E-3 2.31468E-3 1.60497E-3 1.42343E-3 6.5471E-4 5.62903E-4 8.80133E-4 7.03133E-4
1.39814E-2 6.00901E-3 6.55178E-3 6.55544E-3 5.98674E-3 6.07305E-3 6.07335E-3 1.62463E-2 1.602E-2 1.66439E-2 1.50065E-2 1.50011E-2 1.4837E-2 3.28775E-2 3.25181E-2 3.21544E-2 3.2561E-2 3.21912E-2 3.22195E-2 2.88355E-2 2.84842E-2 2.84853E-2 2.77672E-2 2.77453E-2 2.73436E-2 2.41795E-2 2.42318E-2 2.38204E-2 1.75241E-2 7.99739E-3 7.84692E-3 6.59145E-3 6.44792E-3 4.20817E-3 3.08207E-3 3.2245E-3 1.05802E-3 6.81837E-6 0E0 0E0 0E0 0E0 0E0 0E0 -9999 -9999 -9999 -9999 -9999 -9999 -9999 -9999 -9999 -9999 -9999 -9999 -9999 -9999 -9999 -9999 -9999 -9999 4.79513E-3 5.85656E-3 4.92647E-3 4.47244E-3 4.46943E-3 3.33391E-3 3.32911E-3 2.97077E-3 2.96838E-3 2.6108E-3 2.60961E-3 1.77157E-3 1.77448E-3 1.50193E-3 1.06009E-3
1.38665E-2 1.38316E-2 1.38267E-2 1.50641E-2 1.39851E-2 1.39814E-2 1.39814E-2 1.39814E-2 1.97258E-2 3.52775E-2 3.48858E-2 3.48845E-2 3.25365E-2 3.25623E-2 3.21912E-2 3.22016E-2 3.22195E-2 3.18382E-2 3.18504E-2 3.14589E-2 2.8505E-2 2.81263E-2 2.77465E-2 2.73436E-2 2.72994E-2 2.69893E-2 2.38396E-2 1.97455E-2 9.15954E-3 7.98339E-3 7.69676E-3 7.53002E-3 6.3083E-3 5.13506E-3 4.39083E-3 3.27541E-3 2.08527E-3 4.24433E-3 2.72351E-5 0E0 0E0 0E0 0E0 0E0 -9999 -9999 -9999 -9999 -9999 -9999 -9999 -9999 -9999 -9999 -9999 -9999 -9999 -9999 -9999 -9999 -9999 -9999 5.94464E-3 6.46172E-3 5.19721E-3 5.19078E-3 4.65175E-3 4.02182E-3 3.56937E-3 3.56787E-3 3.11932E-3 3.11782E-3 3.10516E-3 2.24616E-3 2.2423E-3 1.88623E-3 1.50152E-3
1.37399E-2 1.51449E-2 1.37116E-2 1.37069E-2 1.38659E-2 1.38665E-2 1.38665E-2 1.38665E-2 1.38665E-2 1.37074E-2 1.93296E-2 3.45246E-2 3.41192E-2 3.22285E-2 3.18394E-2 3.53106E-2 3.18719E-2 3.1459E-2 3.14549E-2 3.10534E-2 3.1033E-2 3.10048E-2 2.73623E-2 2.73087E-2 2.69894E-2 2.65204E-2 2.64346E-2 1.96989E-2 9.01602E-3 8.83361E-3 8.64946E-3 7.40146E-3 6.19457E-3 6.03494E-3 5.37107E-3 4.1822E-3 3.04998E-3 8.21616E-3 3.97003E-3 1.27367E-5 0E0 0E0 0E0 0E0 -9999 -9999 -9999 -9999 -9999 -9999 -9999 -9999 -9999 -9999 -9999 -9999 -9999 -9999 -9999 -9999 -9999 6.93581E-3 6.2016E-3 6.45837E-3 5.85444E-3 5.22353E-3 5.21932E-3 4.592E-3 4.11023E-3 4.10672E-3 3.57016E-3 3.55422E-3 2.67161E-3 2.66733E-3 2.21552E-3 1.88742E-3 1.53104E-3
