day_2/Results/Podomys_floridanus/projections/PaleoClim/-21000/R_clampingUN_3.asc
ncols         385
nrows         252
xllcorner     -91.50013924285
yllcorner     25.49986064915003
cellsize      0.041666666500000005
NODATA_value  -9999
[rows 210 to 244 of 252, columns 154 to 230 of 385]
-9999 -9999 -9999 -9999 -9999 -9999 -9999 -9999 -9999 -9999 -9999 -9999 -9999 -9999 -9999 -9999 -9999 -9999 0E0 0E0 0E0 0E0 0E0 0E0 0E0 0E0 0E0 0E0 0E0 0E0 0E0 0E0 0E0 0E0 0E0 0E0 0E0 0E0 0E0 0E0 0E0 0E0 0E0 0E0 0E0 0E0 0E0 0E0 0E0 0E0 0E0 0E0 0E0 0E0 0E0 0E0 0E0 0E0 1.16987E-3 1.17387E-3 2.37775E-3 2.39116E-3 1.1672E-3 2.3486E-3 2.38687E-3 2.35275E-3 3.62862E-3 3.63319E-3 3.63319E-3 3.63319E-3 3.63319E-3 3.63319E-3 3.63319E-3 3.54769E-3 4.79412E-3 4.79413E-3 2.26685E-3
-9999 -9999 -9999 -9999 -9999 -9999 -9999 -9999 -9999 -9999 -9999 -9999 -9999 -9999 -9999 -9999 -9999 -9999 0E0 0E0 0E0 0E0 0E0 0E0 0E0 0E0 0E0 0E0 0E0 0E0 0E0 0E0 0E0 0E0 0E0 0E0 0E0 0E0 0E0 0E0 0E0 0E0 0E0 0E0 0E0 0E0 0E0 0E0 0E0 0E0 0E0 0E0 0E0 0E0 0E0 0E0 0E0 3.89798E-6 1.18172E-3 1.19247E-3 2.40694E-3 3.6642E-3 2.3901E-3 2.38186E-3 2.38593E-3 2.38594E-3 3.62042E-3 3.67728E-3 3.67746E-3 3.67746E-3 3.6819E-3 3.68192E-3 3.59117E-3 4.84776E-3 3.24872E-3 4.86059E-3 2.74902E-3
-9999 -9999 -9999 -9999 -9999 -9999 -9999 -9999 -9999 -9999 -9999 -9999 -9999 -9999 -9999 -9999 -9999 -9999 -9999 0E0 0E0 0E0 0E0 0E0 0E0 0E0 0E0 0E0 0E0 0E0 0E0 0E0 0E0 0E0 0E0 0E0 0E0 0E0 0E0 0E0 0E0 0E0 0E0 0E0 0E0 0E0 0E0 0E0 0E0 0E0 0E0 0E0 0E0 0E0 0E0 0E0 3.93664E-6 1.193E-3 1.20011E-3 2.42976E-3 2.44025E-3 3.70796E-3 3.66324E-3 2.41934E-3 3.66422E-3 3.66846E-3 3.67271E-3 3.67273E-3 3.67273E-3 3.67273E-3 5.0289E-3 4.90969E-3 5.03381E-3 4.91426E-3 2.28735E-3 3.29049E-3 3.29049E-3
-9999 -9999 -9999 -9999 -9999 -9999 -9999 -9999 -9999 -9999 -9999 -9999 -9999 -9999 -9999 -9999 -9999 -9999 -9999 0E0 0E0 0E0 0E0 0E0 0E0 0E0 0E0 0E0 0E0 0E0 0E0 0E0 0E0 0E0 0E0 0E0 0E0 0E0 0E0 0E0 0E0 0E0 0E0 0E0 0E0 0E0 0E0 0E0 0E0 0E0 0E0 0E0 0E0 0E0 0E0 0E0 1.20376E-3 1.21123E-3 1.21534E-3 2.45849E-3 2.46275E-3 3.74089E-3 4.87805E-3 3.71655E-3 3.71227E-3 3.71657E-3 5.01536E-3 5.01978E-3 5.01978E-3 5.01978E-3 5.02419E-3 4.90059E-3 4.97171E-3 6.29304E-3 3.33228E-3 3.32994E-3 3.32993E-3
-9999 -9999 -9999 -9999 -9999 -9999 -9999 -9999 -9999 -9999 -9999 -9999 -9999 -9999 -9999 -9999 -9999 -9999 -9999 -9999 0E0 0E0 0E0 0E0 0E0 0E0 0E0 0E0 0E0 0E0 0E0 0E0 0E0 0E0 0E0 0E0 0E0 0E0 0E0 0E0 0E0 0E0 0E0 0E0 0E0 0E0 0E0 0E0 0E0 0E0 0E0 0E0 0E0 0E0 0E0 4.0664E-6 1.21769E-3 1.22955E-3 2.47978E-3 2.48402E-3 2.49574E-3 3.78397E-3 4.98988E-3 3.75835E-3 3.7496E-3 5.05818E-3 5.07805E-3 5.08257E-3 5.08258E-3 5.08258E-3 6.4316E-3 6.43619E-3 6.27806E-3 6.36904E-3 2.84288E-3 2.34764E-3 3.37158E-3
-9999 -9999 -9999 -9999 -9999 -9999 -9999 -9999 -9999 -9999 -9999 -9999 -9999 -9999 -9999 -9999 -9999 -9999 -9999 -9999 0E0 0E0 0E0 0E0 0E0 0E0 0E0 0E0 0E0 0E0 0E0 0E0 0E0 0E0 0E0 0E0 0E0 0E0 0E0 0E0 0E0 0E0 0E0 0E0 0E0 0E0 0E0 0E0 0E0 0E0 0E0 0E0 0E0 0E0 0E0 1.24539E-3 1.23175E-3 2.49974E-3 2.51227E-3 2.51659E-3 3.81431E-3 3.83573E-3 5.04582E-3 6.30169E-3 5.12893E-3 5.12005E-3 5.12003E-3 6.48253E-3 6.32795E-3 6.33245E-3 6.33247E-3 6.33247E-3 6.33247E-3 6.33247E-3 2.87546E-3 2.83506E-3 2.83492E-3
-9999 -9999 -9999 -9999 -9999 -9999 -9999 -9999 -9999 -9999 -9999 -9999 -9999 -9999 -9999 -9999 -9999 -9999 -9999 -9999 0E0 0E0 0E0 0E0 0E0 0E0 0E0 0E0 0E0 0E0 0E0 0E0 0E0 0E0 0E0 0E0 0E0 0E0 0E0 0E0 0E0 0E0 0E0 0E0 0E0 0E0 0E0 0E0 0E0 0E0 0E0 0E0 0E0 0E0 4.14509E-6 1.2548E-3 1.24963E-3 2.52746E-3 2.53182E-3 3.84267E-3 3.86534E-3 5.21097E-3 5.10596E-3 6.37025E-3 6.3791E-3 5.18631E-3 5.18187E-3 6.55394E-3 6.39777E-3 4.11688E-3 7.7804E-3 4.11936E-3 4.11936E-3 2.8689E-3 2.90978E-3 2.86905E-3 2.86719E-3
-9999 -9999 -9999 -9999 -9999 -9999 -9999 -9999 -9999 -9999 -9999 -9999 -9999 -9999 -9999 -9999 -9999 -9999 -9999 -9999 -9999 0E0 0E0 0E0 0E0 0E0 0E0 0E0 0E0 0E0 0E0 0E0 0E0 0E0 0E0 0E0 0E0 0E0 0E0 0E0 0E0 0E0 0E0 0E0 0E0 0E0 0E0 0E0 0E0 0E0 0E0 0E0 0E0 4.15952E-6 1.26347E-3 1.27262E-3 2.53613E-3 2.54999E-3 2.55441E-3 3.88396E-3 5.11794E-3 5.14203E-3 5.14667E-3 6.41361E-3 4.14651E-3 6.45218E-3 6.63438E-3 6.62983E-3 6.62981E-3 7.85895E-3 7.86829E-3 2.9011E-3 2.90114E-3 3.42719E-3 2.90288E-3 3.42719E-3 2.90288E-3
-9999 -9999 -9999 -9999 -9999 -9999 -9999 -9999 -9999 -9999 -9999 -9999 -9999 -9999 -9999 -9999 -9999 -9999 -9999 -9999 -9999 0E0 0E0 0E0 0E0 0E0 0E0 0E0 0E0 0E0 0E0 0E0 0E0 0E0 0E0 0E0 0E0 0E0 0E0 0E0 0E0 0E0 0E0 0E0 0E0 0E0 0E0 0E0 0E0 0E0 0E0 0E0 0E0 1.27151E-3 1.2758E-3 1.28539E-3 2.59965E-3 2.567E-3 3.90938E-3 3.91401E-3 5.1713E-3 5.10231E-3 6.48005E-3 6.48484E-3 4.17168E-3 2.91988E-3 7.91427E-3 6.70981E-3 6.70514E-3 8.1409E-3 4.9552E-3 3.45213E-3 3.46811E-3 3.46821E-3 3.46623E-3 3.46623E-3 3.46623E-3
-9999 -9999 -9999 -9999 -9999 -9999 -9999 -9999 -9999 -9999 -9999 -9999 -9999 -9999 -9999 -9999 -9999 -9999 -9999 -9999 -9999 0E0 0E0 0E0 0E0 0E0 0E0 0E0 0E0 0E0 0E0 0E0 0E0 0E0 0E0 0E0 0E0 0E0 0E0 0E0 0E0 0E0 0E0 0E0 0E0 0E0 0E0 0E0 0E0 0E0 0E0 0E0 4.27086E-6 1.27879E-3 1.25723E-3 2.61517E-3 2.61973E-3 2.59786E-3 3.83661E-3 3.86194E-3 5.20216E-3 5.2337E-3 6.5188E-3 6.5513E-3 3.47471E-3 2.93724E-3 4.24108E-3 8.08371E-3 7.88566E-3 7.99939E-3 9.4414E-3 3.49061E-3 4.0378E-3 4.05736E-3 3.45411E-3 3.45213E-3 3.45213E-3
-9999 -9999 -9999 -9999 -9999 -9999 -9999 -9999 -9999 -9999 -9999 -9999 -9999 -9999 -9999 -9999 -9999 -9999 -9999 -9999 -9999 0E0 0E0 0E0 0E0 0E0 0E0 0E0 0E0 0E0 0E0 0E0 0E0 0E0 0E0 0E0 0E0 0E0 0E0 0E0 0E0 0E0 0E0 0E0 0E0 0E0 0E0 0E0 0E0 0E0 0E0 0E0 1.27202E-3 1.25818E-3 1.26833E-3 2.565E-3 2.58561E-3 3.85741E-3 3.87936E-3 5.22987E-3 5.25853E-3 6.64803E-3 3.49355E-3 3.49596E-3 4.24237E-3 2.96976E-3 3.50748E-3 9.40376E-3 9.40345E-3 9.4036E-3 9.54392E-3 4.07937E-3 4.08105E-3 4.0398E-3 3.49243E-3 3.49062E-3 3.48881E-3
-9999 -9999 -9999 -9999 -9999 -9999 -9999 -9999 -9999 -9999 -9999 -9999 -9999 -9999 -9999 -9999 -9999 -9999 -9999 -9999 -9999 0E0 0E0 0E0 0E0 0E0 0E0 0E0 0E0 0E0 0E0 0E0 0E0 0E0 0E0 0E0 0E0 0E0 0E0 0E0 0E0 0E0 0E0 0E0 0E0 0E0 0E0 0E0 0E0 0E0 0E0 5.25802E-6 1.27772E-3 1.27023E-3 2.57722E-3 2.58171E-3 3.93156E-3 3.89915E-3 3.90351E-3 5.28029E-3 5.28506E-3 3.56212E-3 3.51287E-3 4.28488E-3 4.28751E-3 2.98835E-3 3.54305E-3 5.01475E-3 5.01451E-3 5.03813E-3 4.06007E-3 4.12224E-3 4.06221E-3 4.08112E-3 4.08119E-3 5.85886E-3 5.0667E-3
-9999 -9999 -9999 -9999 -9999 -9999 -9999 -9999 -9999 -9999 -9999 -9999 -9999 -9999 -9999 -9999 -9999 -9999 -9999 -9999 -9999 -9999 -9999 0E0 0E0 0E0 0E0 0E0 0E0 0E0 0E0 0E0 0E0 0E0 0E0 0E0 0E0 0E0 0E0 0E0 0E0 0E0 0E0 0E0 0E0 0E0 0E0 0E0 0E0 0E0 0E0 1.59363E-3 1.60788E-3 1.62205E-3 2.58801E-3 2.61027E-3 3.94778E-3 3.91642E-3 5.27603E-3 2.81784E-3 2.83437E-3 3.57958E-3 3.55011E-3 2.99973E-3 3.00336E-3 3.56069E-3 3.56265E-3 5.06412E-3 5.06404E-3 3.52967E-3 4.08019E-3 4.10247E-3 4.1026E-3 4.1026E-3 4.1026E-3 4.12251E-3 5.91744E-3
-9999 -9999 -9999 -9999 -9999 -9999 -9999 -9999 -9999 -9999 -9999 -9999 -9999 -9999 -9999 -9999 -9999 -9999 -9999 -9999 -9999 -9999 -9999 -9999 0E0 0E0 0E0 0E0 0E0 0E0 0E0 0E0 0E0 0E0 0E0 0E0 0E0 0E0 0E0 0E0 0E0 0E0 0E0 0E0 0E0 0E0 0E0 0E0 0E0 2.83579E-6 5.38542E-6 8.54065E-4 8.61833E-4 3.27136E-3 1.73639E-3 4.9477E-3 2.64769E-3 2.08991E-3 2.82747E-3 2.83003E-3 3.59476E-3 3.59744E-3 3.01305E-3 3.0166E-3 3.57624E-3 3.57821E-3 3.59897E-3 5.08973E-3 9.63222E-3 4.11972E-3 1.11324E-2 4.12161E-3 4.14473E-3 4.14298E-3 4.14297E-3 4.14297E-3 5.97822E-3
-9999 -9999 -9999 -9999 -9999 -9999 -9999 -9999 -9999 -9999 -9999 -9999 -9999 -9999 -9999 -9999 -9999 -9999 -9999 -9999 -9999 -9999 -9999 -9999 0E0 0E0 6.54802E-6 6.59349E-6 2.31194E-8 0E0 0E0 0E0 0E0 0E0 0E0 0E0 0E0 0E0 0E0 0E0 0E0 0E0 0E0 0E0 0E0 0E0 0E0 0E0 2.00154E-6 6.03066E-4 8.71672E-4 8.64401E-4 6.05675E-4 1.22511E-3 1.2165E-3 2.65299E-3 2.67145E-3 3.54572E-3 2.49229E-3 1.99213E-3 2.51454E-3 2.53209E-3 3.02456E-3 3.58963E-3 3.59162E-3 3.61169E-3 4.1744E-3 4.13822E-3 4.13817E-3 4.16073E-3 4.16271E-3 5.96995E-3 4.73553E-3 6.00451E-3 6.00197E-3 6.00471E-3 4.76139E-3
-9999 -9999 -9999 -9999 -9999 -9999 -9999 -9999 -9999 -9999 -9999 -9999 -9999 -9999 -9999 -9999 -9999 -9999 -9999 -9999 -9999 -9999 -9999 -9999 -9999 5.28267E-6 1.91218E-3 1.97085E-3 1.31565E-5 2.31194E-8 0E0 0E0 0E0 0E0 0E0 0E0 0E0 0E0 0E0 0E0 0E0 0E0 0E0 0E0 0E0 0E0 0E0 2.00439E-6 6.08925E-4 6.06195E-4 6.12191E-4 6.16134E-4 1.22812E-3 1.23784E-3 1.24E-3 1.85802E-3 1.87353E-3 2.53484E-3 2.50235E-3 3.17557E-3 3.19667E-3 3.87626E-3 3.05375E-3 3.60094E-3 3.62406E-3 3.62607E-3 4.21203E-3 4.15243E-3 4.17615E-3 4.17631E-3 4.75142E-3 5.94308E-3 4.7786E-3 5.94048E-3 1.12366E-2 6.79376E-3 4.73748E-3
-9999 -9999 -9999 -9999 -9999 -9999 -9999 -9999 -9999 -9999 -9999 -9999 -9999 -9999 -9999 -9999 -9999 -9999 -9999 -9999 -9999 -9999 -9999 -9999 -9999 1.56156E-3 1.56164E-3 1.92397E-3 1.94497E-3 1.31565E-5 6.75896E-6 1.71121E-8 0E0 0E0 0E0 0E0 0E0 0E0 0E0 0E0 0E0 0E0 0E0 0E0 0E0 1.44325E-6 1.44872E-6 4.38671E-4 6.11411E-4 6.17818E-4 1.23152E-3 1.24213E-3 1.23444E-3 1.24253E-3 1.8894E-3 1.86411E-3 2.5247E-3 2.54314E-3 3.18333E-3 3.18555E-3 3.20763E-3 3.90969E-3 3.85512E-3 4.57227E-3 4.57481E-3 4.22362E-3 4.22551E-3 4.1892E-3 4.19106E-3 4.21587E-3 4.79359E-3 1.28155E-2 4.75328E-3 5.99676E-3 6.81547E-3 4.75337E-3 4.78084E-3
-9999 -9999 -9999 -9999 -9999 -9999 -9999 -9999 -9999 -9999 -9999 -9999 -9999 -9999 -9999 -9999 -9999 -9999 -9999 -9999 -9999 -9999 -9999 -9999 -9999 7.86889E-4 7.9848E-4 1.56156E-3 1.9304E-3 1.97751E-3 1.99682E-3 1.34879E-5 4.86562E-6 1.11992E-8 0E0 0E0 0E0 0E0 0E0 0E0 0E0 0E0 0E0 0E0 1.42998E-6 4.34499E-4 4.36595E-4 4.40018E-4 4.38371E-4 8.86766E-4 1.23406E-3 1.24507E-3 1.86586E-3 1.88111E-3 1.89635E-3 1.88151E-3 2.52833E-3 2.54754E-3 3.18898E-3 3.21197E-3 3.89203E-3 3.91998E-3 3.86557E-3 4.58153E-3 4.61343E-3 5.32716E-3 5.28572E-3 5.28568E-3 4.80489E-3 4.80706E-3 4.83711E-3 4.76655E-3 6.8356E-3 4.79535E-3 6.88051E-3 6.87771E-3 4.79555E-3
-9999 -9999 -9999 -9999 -9999 -9999 -9999 -9999 -9999 -9999 -9999 -9999 -9999 -9999 -9999 -9999 -9999 -9999 -9999 -9999 -9999 -9999 -9999 -9999 -9999 -9999 7.8681E-4 8.01112E-4 3.12663E-3 3.85949E-3 1.958E-3 1.99673E-3 1.90002E-3 7.69473E-6 1.11876E-8 3.24841E-6 1.1115E-8 1.40145E-6 1.42093E-6 4.8386E-9 0E0 1.43002E-6 4.88171E-9 1.43504E-6 4.36102E-4 4.38746E-4 4.37459E-4 4.41033E-4 8.79206E-4 8.89198E-4 8.96184E-4 1.34294E-3 1.89537E-3 1.88395E-3 2.54879E-3 2.56962E-3 2.5525E-3 2.5525E-3 3.23924E-3 3.21655E-3 3.89612E-3 3.92764E-3 4.65566E-3 4.59052E-3 4.62121E-3 5.37024E-3 5.29478E-3 5.32934E-3 6.05768E-3 6.10008E-3 8.72551E-3 4.80709E-3 6.89296E-3 4.80706E-3 5.43331E-3 6.94204E-3 4.83929E-3
-9999 -9999 -9999 -9999 -9999 -9999 -9999 -9999 -9999 -9999 -9999 -9999 -9999 -9999 -9999 -9999 -9999 -9999 -9999 -9999 -9999 -9999 -9999 -9999 -9999 -9999 7.65828E-4 1.55154E-3 1.60164E-3 3.13172E-3 3.85948E-3 1.958E-3 1.99677E-3 1.16341E-3 6.4709E-6 9.78868E-4 6.50412E-6 9.73273E-4 9.87454E-4 2.83548E-6 1.43544E-6 4.28451E-4 2.87841E-6 4.30511E-4 4.36056E-4 4.39049E-4 8.88274E-4 8.84517E-4 8.93623E-4 1.3392E-3 1.35194E-3 1.34464E-3 1.35538E-3 1.8071E-3 2.54997E-3 2.57174E-3 3.21641E-3 3.24256E-3 3.2449E-3 3.22116E-3 3.92566E-3 4.62522E-3 4.66112E-3 4.6261E-3 4.62845E-3 5.37557E-3 5.3367E-3 5.33897E-3 6.10557E-3 6.10832E-3 6.06047E-3 6.06001E-3 1.62632E-2 6.10021E-3 6.84912E-3 6.85181E-3 5.48077E-3
-9999 -9999 -9999 -9999 -9999 -9999 -9999 -9999 -9999 -9999 -9999 -9999 -9999 -9999 -9999 -9999 -9999 -9999 -9999 -9999 -9999 -9999 -9999 -9999 -9999 -9999 8.11862E-3 1.53E-3 1.55414E-3 1.58069E-3 3.13684E-3 3.85951E-3 1.96357E-3 1.97768E-3 1.33071E-3 1.01573E-3 9.7064E-4 9.68148E-4 9.90534E-4 9.87465E-4 9.98223E-4 4.27448E-4 4.31873E-4 4.29907E-4 4.39824E-4 8.7696E-4 8.86719E-4 8.83337E-4 1.34346E-3 1.33728E-3 1.35054E-3 1.80087E-3 1.81774E-3 1.80628E-3 1.8225E-3 2.31319E-3 3.21637E-3 3.24354E-3 3.9228E-3 3.95565E-3 3.93035E-3 4.65858E-3 4.66119E-3 4.62758E-3 5.37721E-3 5.3799E-3 5.34019E-3 6.06297E-3 6.1119E-3 6.15552E-3 6.15567E-3 6.06636E-3 6.10804E-3 6.10832E-3 6.85578E-3 6.90584E-3 6.906E-3
-9999 -9999 -9999 -9999 -9999 -9999 -9999 -9999 -9999 -9999 -9999 -9999 -9999 -9999 -9999 -9999 -9999 -9999 -9999 -9999 -9999 -9999 -9999 -9999 -9999 -9999 7.9857E-3 7.99855E-3 1.53249E-3 2.33442E-3 2.3735E-3 3.13698E-3 3.85949E-3 3.91351E-3 1.95919E-3 1.04454E-3 9.76947E-4 9.70476E-4 9.85294E-4 9.82715E-4 9.93903E-4 9.90787E-4 1.00162E-3 4.33355E-4 8.76876E-4 8.74298E-4 8.84409E-4 1.32562E-3 1.33987E-3 1.33433E-3 1.80551E-3 1.8237E-3 1.81478E-3 1.83066E-3 2.28965E-3 2.31079E-3 2.3318E-3 2.80079E-3 3.9512E-3 3.95362E-3 4.6183E-3 4.65744E-3 4.69393E-3 4.62837E-3 5.3751E-3 5.41866E-3 5.34025E-3 5.38206E-3 6.10942E-3 6.15729E-3 6.15759E-3 6.11251E-3 6.11467E-3 6.15802E-3 6.90766E-3 6.91037E-3 6.91037E-3
-9999 -9999 -9999 -9999 -9999 -9999 -9999 -9999 -9999 -9999 -9999 -9999 -9999 -9999 -9999 -9999 -9999 -9999 -9999 -9999 -9999 -9999 -9999 -9999 -9999 -9999 -9999 1.1767E-2 1.19692E-2 2.30011E-3 2.33692E-3 1.60702E-3 3.13174E-3 3.85948E-3 1.96349E-3 3.86705E-3 2.82687E-3 9.68583E-4 1.95072E-3 1.95038E-3 1.97394E-3 1.96923E-3 2.01444E-3 2.04038E-3 2.03342E-3 8.70909E-4 1.32474E-3 1.32193E-3 1.33515E-3 1.80694E-3 1.80115E-3 1.81841E-3 2.27454E-3 2.29738E-3 2.28629E-3 2.3066E-3 2.81174E-3 2.79656E-3 2.82204E-3 3.31722E-3 3.29818E-3 4.65288E-3 4.69105E-3 5.36939E-3 5.37182E-3 5.41457E-3 5.38019E-3 6.10466E-3 6.15478E-3 6.15494E-3 6.2019E-3 6.20456E-3 6.90734E-3 6.9097E-3 6.90988E-3 6.96126E-3 6.96398E-3
-9999 -9999 -9999 -9999 -9999 -9999 -9999 -9999 -9999 -9999 -9999 -9999 -9999 -9999 -9999 -9999 -9999 -9999 -9999 -9999 -9999 -9999 -9999 -9999 -9999 -9999 -9999 1.15628E-2 1.17657E-2 1.19692E-2 2.26345E-3 2.33692E-3 1.58334E-3 3.13159E-3 3.18238E-3 5.79983E-3 3.91991E-3 2.57062E-3 1.93762E-3 1.96065E-3 1.98158E-3 2.00563E-3 2.00078E-3 3.04348E-3 3.0386E-3 3.07287E-3 3.06642E-3 4.14934E-3 1.77997E-3 1.80013E-3 2.25205E-3 2.27659E-3 2.26577E-3 2.28947E-3 2.79109E-3 2.77828E-3 2.8058E-3 2.79029E-3 3.30758E-3 3.33886E-3 3.29192E-3 3.82355E-3 3.85859E-3 5.36186E-3 5.40895E-3 5.40911E-3 6.09609E-3 6.09827E-3 6.1479E-3 6.1507E-3 6.19966E-3 6.9483E-3 6.90455E-3 6.90457E-3 6.95831E-3 6.96103E-3 7.72628E-3
-9999 -9999 -9999 -9999 -9999 -9999 -9999 -9999 -9999 -9999 -9999 -9999 -9999 -9999 -9999 -9999 -9999 -9999 -9999 -9999 -9999 -9999 -9999 -9999 -9999 -9999 -9999 1.11668E-2 1.13712E-2 1.17781E-2 1.19826E-2 2.30269E-3 2.33705E-3 1.58334E-3 2.40705E-3 4.71052E-3 3.17861E-3 3.33058E-3 3.28101E-3 2.95319E-3 2.94874E-3 2.98655E-3 2.98489E-3 3.02158E-3 3.01488E-3 3.05037E-3 4.07004E-3 4.12022E-3 4.11125E-3 5.21834E-3 2.26323E-3 2.2869E-3 2.25534E-3 2.74925E-3 2.77896E-3 2.76752E-3 3.28084E-3 3.31454E-3 3.29735E-3 3.3297E-3 3.81133E-3 3.84766E-3 3.84777E-3 3.82722E-3 4.37671E-3 4.37858E-3 6.17421E-3 6.13715E-3 6.13917E-3 6.93508E-3 6.93779E-3 6.99571E-3 6.89469E-3 6.95046E-3 6.95337E-3 7.71477E-3 7.78016E-3
-9999 -9999 -9999 -9999 -9999 -9999 -9999 -9999 -9999 -9999 -9999 -9999 -9999 -9999 -9999 -9999 -9999 -9999 -9999 -9999 -9999 -9999 -9999 -9999 -9999 -9999 -9999 1.45731E-2 1.48486E-2 1.51243E-2 1.56716E-2 2.97341E-3 2.30526E-3 2.33693E-3 2.37338E-3 2.40962E-3 4.69689E-3 4.65334E-3 3.1097E-3 2.92046E-3 2.91679E-3 2.9554E-3 3.94498E-3 3.99975E-3 3.99384E-3 4.0437E-3 4.03574E-3 4.08732E-3 5.1159E-3 5.17906E-3 5.22223E-3 5.28295E-3 6.4396E-3 2.73394E-3 2.76447E-3 3.27781E-3 3.26525E-3 3.29836E-3 3.28429E-3 3.81509E-3 3.7979E-3 3.83374E-3 3.83398E-3 4.38667E-3 4.36465E-3 4.3647E-3 4.40425E-3 4.44535E-3 4.90548E-3 6.91963E-3 6.92004E-3 6.98017E-3 6.94046E-3 6.94052E-3 7.76312E-3 7.76593E-3 7.76615E-3
-9999 -9999 -9999 -9999 -9999 -9999 -9999 -9999 -9999 -9999 -9999 -9999 -9999 -9999 -9999 -9999 -9999 -9999 -9999 -9999 -9999 -9999 -9999 -9999 -9999 -9999 -9999 1.4295E-2 1.45712E-2 1.48486E-2 1.51243E-2 1.53993E-2 2.97324E-3 2.26599E-3 2.30035E-3 2.33966E-3 2.37605E-3 1.54268E-3 3.47706E-3 4.21633E-3 4.03712E-3 3.90102E-3 3.89915E-3 3.95214E-3 3.95203E-3 4.00333E-3 4.05457E-3 5.07545E-3 5.14573E-3 5.19609E-3 5.2569E-3 6.31814E-3 6.39733E-3 6.30773E-3 7.47644E-3 7.56348E-3 3.24672E-3 3.28109E-3 3.75642E-3 3.79672E-3 3.83532E-3 3.81865E-3 3.85568E-3 4.36754E-3 4.34745E-3 4.38842E-3 4.39043E-3 4.96007E-3 4.93494E-3 4.93485E-3 4.98148E-3 4.98178E-3 7.67485E-3 7.74559E-3 7.74582E-3 7.74605E-3 7.81295E-3
-9999 -9999 -9999 -9999 -9999 -9999 -9999 -9999 -9999 -9999 -9999 -9999 -9999 -9999 -9999 -9999 -9999 -9999 -9999 -9999 -9999 -9999 -9999 -9999 -9999 -9999 -9999 1.37395E-2 1.40171E-2 1.45703E-2 1.48477E-2 1.51234E-2 1.54111E-2 2.23109E-3 2.26587E-3 3.07107E-3 3.07398E-3 3.12353E-3 3.22178E-3 3.9899E-3 3.17756E-3 3.90389E-3 3.90378E-3 3.95797E-3 5.02699E-3 5.0269E-3 5.0934E-3 5.02213E-3 6.20683E-3 6.20074E-3 6.27739E-3 6.2644E-3 7.43085E-3 7.52266E-3 7.41712E-3 7.50631E-3 8.59616E-3 8.69653E-3 8.79309E-3 3.77369E-3 3.81519E-3 4.30051E-3 4.34633E-3 4.34663E-3 4.39216E-3 4.37108E-3 4.9384E-3 4.94033E-3 4.91536E-3 4.91543E-3 5.50065E-3 5.55473E-3 5.47401E-3 5.52431E-3 5.52465E-3 7.79014E-3 7.68054E-3
-9999 -9999 -9999 -9999 -9999 -9999 -9999 -9999 -9999 -9999 -9999 -9999 -9999 -9999 -9999 -9999 -9999 -9999 -9999 -9999 -9999 -9999 -9999 -9999 -9999 -9999 -9999 1.34595E-2 1.3749E-2 1.40287E-2 1.43068E-2 1.45842E-2 1.85177E-2 1.54239E-2 2.92309E-3 2.97341E-3 3.0262E-3 3.07624E-3 2.21288E-3 2.11377E-3 2.11461E-3 3.99964E-3 3.97897E-3 4.89516E-3 4.96586E-3 4.96532E-3 5.03383E-3 5.03033E-3 6.13461E-3 6.13164E-3 6.2142E-3 6.29294E-3 7.35682E-3 7.45468E-3 7.43857E-3 8.64075E-3 8.64519E-3 8.62325E-3 8.72639E-3 8.70076E-3 9.94957E-3 1.00636E-2 4.32018E-3 4.36738E-3 4.8834E-3 4.86453E-3 4.91456E-3 4.91665E-3 4.89367E-3 4.94195E-3 5.47491E-3 5.53057E-3 5.50274E-3 5.50264E-3 5.55657E-3 5.55675E-3 6.1083E-3
-9999 -9999 -9999 -9999 -9999 -9999 -9999 -9999 -9999 -9999 -9999 -9999 -9999 -9999 -9999 -9999 -9999 -9999 -9999 -9999 -9999 -9999 -9999 -9999 -9999 -9999 -9999 1.29015E-2 1.64154E-2 1.7128E-2 1.74802E-2 1.78317E-2 1.81812E-2 1.88755E-2 1.54239E-2 1.5413E-2 1.95577E-2 3.72299E-3 3.78677E-3 3.85025E-3 2.69126E-3 1.99488E-3 2.02371E-3 4.80994E-3 4.88592E-3 5.88936E-3 5.97536E-3 5.97939E-3 6.0597E-3 6.06048E-3 7.18745E-3 7.28738E-3 7.28285E-3 8.46167E-3 8.45352E-3 8.55878E-3 8.66403E-3 8.5464E-3 9.77385E-3 9.75602E-3 9.86982E-3 9.98357E-3 9.95782E-3 1.12483E-2 1.12527E-2 4.83316E-3 4.88671E-3 5.46734E-3 5.38987E-3 5.44588E-3 5.50205E-3 5.50224E-3 5.47869E-3 5.47834E-3 6.07904E-3 6.08109E-3 6.14101E-3
-9999 -9999 -9999 -9999 -9999 -9999 -9999 -9999 -9999 -9999 -9999 -9999 -9999 -9999 -9999 -9999 -9999 -9999 -9999 -9999 -9999 -9999 -9999 -9999 -9999 -9999 -9999 -9999 1.60744E-2 1.64262E-2 1.67786E-2 1.7479E-2 1.78423E-2 1.81813E-2 1.853E-2 1.88767E-2 1.92236E-2 1.95695E-2 1.99277E-2 3.77814E-3 2.99648E-3 3.04655E-3 2.42889E-3 2.39756E-3 2.43513E-3 4.81539E-3 4.8887E-3 6.88899E-3 5.98215E-3 7.09284E-3 7.0965E-3 7.1953E-3 8.2486E-3 8.36409E-3 8.47565E-3 8.46573E-3 8.57745E-3 9.67355E-3 9.67724E-3 9.80153E-3 9.78191E-3 9.89883E-3 1.10263E-2 1.11584E-2 1.11593E-2 1.1132E-2 1.24504E-2 1.25942E-2 1.25952E-2 5.41126E-3 5.46913E-3 5.47111E-3 6.0713E-3 5.98506E-3 6.04722E-3 6.04743E-3 6.1095E-3
-9999 -9999 -9999 -9999 -9999 -9999 -9999 -9999 -9999 -9999 -9999 -9999 -9999 -9999 -9999 -9999 -9999 -9999 -9999 -9999 -9999 -9999 -9999 -9999 -9999 -9999 -9999 -9999 1.57312E-2 1.60838E-2 1.64262E-2 1.67896E-2 2.04914E-2 1.78529E-2 1.81801E-2 1.81824E-2 1.85422E-2 1.88903E-2 2.30239E-2 2.34556E-2 2.38736E-2 2.43038E-2 2.46535E-3 2.9247E-3 2.83915E-3 2.80228E-3 2.84725E-3 5.63091E-3 5.72009E-3 7.03309E-3 6.99821E-3 7.09977E-3 8.13687E-3 8.25499E-3 8.37327E-3 8.3681E-3 9.5733E-3 9.56777E-3 9.56815E-3 1.08156E-2 1.0806E-2 1.09421E-2 1.10782E-2 1.10556E-2 1.11912E-2 1.23717E-2 1.23464E-2 1.249E-2 1.2633E-2 1.24555E-2 1.25983E-2 1.38225E-2 1.39809E-2 6.00901E-3 6.00893E-3 6.00915E-3 6.07314E-3
-9999 -9999 -9999 -9999 -9999 -9999 -9999 -9999 -9999 -9999 -9999 -9999 -9999 -9999 -9999 -9999 -9999 -9999 -9999 -9999 -9999 -9999 -9999 -9999 -9999 -9999 -9999 -9999 1.82837E-2 1.87953E-2 1.60931E-2 1.96388E-2 2.00757E-2 2.05124E-2 1.75045E-2 1.78435E-2 2.1761E-2 2.21952E-2 2.22102E-2 2.26302E-2 2.30507E-2 2.73166E-2 2.78217E-2 2.83127E-2 2.83859E-3 2.80127E-3 2.8447E-3 2.89064E-3 3.26163E-3 6.54493E-3 6.55364E-3 8.05809E-3 8.17961E-3 8.14186E-3 9.31723E-3 9.32235E-3 9.45335E-3 9.44993E-3 9.58068E-3 1.06841E-2 1.08309E-2 1.08199E-2 1.09595E-2 1.09464E-2 1.22458E-2 1.22502E-2 1.22272E-2 1.23752E-2 1.25226E-2 1.23514E-2 1.37023E-2 1.37074E-2 1.38659E-2 1.38268E-2 1.38267E-2 1.39809E-2 1.39814E-2
-9999 -9999 -9999 -9999 -9999 -9999 -9999 -9999 -9999 -9999 -9999 -9999 -9999 -9999 -9999 -9999 -9999 -9999 -9999 -9999 -9999 -9999 -9999 -9999 -9999 -9999 -9999 -9999 1.69507E-2 1.78573E-2 1.83688E-2 1.87967E-2 1.92241E-2 2.28424E-2 2.0511E-2 2.09259E-2 2.09288E-2 2.1363E-2 2.53368E-2 2.58455E-2 2.63413E-2 2.63446E-2 2.68503E-2 2.7344E-2 2.37532E-2 3.11343E-2 3.1994E-3 3.25291E-3 3.25914E-3 3.3122E-3 6.54769E-3 6.54807E-3 6.65027E-3 9.08875E-3 9.23083E-3 9.18634E-3 9.32435E-3 9.45853E-3 1.05414E-2 1.06924E-2 1.06929E-2 1.06911E-2 1.08347E-2 1.19537E-2 1.21136E-2 1.21146E-2 1.2098E-2 1.22497E-2 1.24015E-2 1.35977E-2 1.35756E-2 1.37388E-2 1.37399E-2 1.37076E-2 1.37069E-2 1.38659E-2 1.38665E-2
-9999 -9999 -9999 -9999 -9999 -9999 -9999 -9999 -9999 -9999 -9999 -9999 -9999 -9999 -9999 -9999 -9999 -9999 -9999 -9999 -9999 -9999 -9999 -9999 -9999 -9999 -9999 -9999 1.65351E-2 1.74304E-2 1.78573E-2 1.82922E-2 1.88055E-2 2.23393E-2 1.96724E-2 2.00772E-2 2.05124E-2 2.43409E-2 2.43556E-2 2.48526E-2 2.53623E-2 2.58577E-2 3.00379E-2 3.06206E-2 3.0637E-2 3.12045E-2 1.95692E-2 2.29217E-2 2.27705E-2 3.66549E-3 3.67354E-3 3.7342E-3 3.7346E-3 7.38235E-3 7.50208E-3 9.09567E-3 1.0284E-2 1.04439E-2 1.03928E-2 1.05477E-2 1.05482E-2 1.16399E-2 1.18087E-2 1.19735E-2 1.19671E-2 1.21271E-2 1.21315E-2 1.2118E-2 1.22737E-2 1.34478E-2 1.34327E-2 1.34332E-2 1.36012E-2 1.37691E-2 1.35762E-2 1.37394E-2 1.37399E-2
