day_2/Results/Podomys_floridanus/projections/PaleoClim/-21000/R_clampingUN_3.asc
ncols         385
nrows         252
xllcorner     -91.50013924285
yllcorner     25.49986064915003
cellsize      0.041666666500000005
NODATA_value  -9999
[rows 175 to 209 of 252, columns 231 to 307 of 385]
2.9694E-3 6.41437E-3 6.16121E-3 4.87662E-3 1.61493E-3 2.00641E-3 2.00912E-3 1.6197E-3 2.64063E-3 2.67326E-3 2.67631E-3 1.30849E-3 1.78478E-3 8.93613E-4 9.01539E-4 4.69951E-4 4.67175E-4 2.96962E-6 0E0 0E0 3.48854E-4 1.68093E-6 0E0 0E0 0E0 0E0 0E0 0E0 0E0 0E0 0E0 0E0 0E0 0E0 0E0 0E0 0E0 0E0 0E0 0E0 0E0 0E0 0E0 0E0 0E0 -9999 -9999 -9999 -9999 -9999 -9999 -9999 -9999 -9999 -9999 -9999 -9999 -9999 -9999 -9999 -9999 -9999 -9999 -9999 -9999 -9999 -9999 -9999 -9999 -9999 -9999 -9999 -9999 -9999 -9999 -9999 -9999
6.34854E-3 6.34859E-3 2.33508E-3 2.02722E-3 1.8517E-3 1.64067E-3 2.03824E-3 2.03962E-3 1.85958E-3 2.61241E-3 2.71594E-3 2.68972E-3 1.80992E-3 1.83184E-3 8.82057E-4 6.60263E-4 5.9494E-6 0E0 0E0 0E0 0E0 0E0 0E0 0E0 0E0 0E0 0E0 0E0 0E0 0E0 0E0 0E0 0E0 0E0 0E0 0E0 0E0 0E0 0E0 0E0 0E0 0E0 0E0 0E0 0E0 -9999 -9999 -9999 -9999 -9999 -9999 -9999 -9999 -9999 -9999 -9999 -9999 -9999 -9999 -9999 -9999 -9999 -9999 -9999 -9999 -9999 -9999 -9999 -9999 -9999 -9999 -9999 -9999 -9999 -9999 -9999 -9999
6.33751E-3 6.34322E-3 2.30252E-3 1.94277E-3 2.66799E-3 1.30844E-3 1.66671E-3 1.66793E-3 2.68275E-3 2.65048E-3 2.68973E-3 2.69221E-3 1.79224E-3 9.04685E-4 8.92791E-4 9.06608E-4 2.97998E-6 3.01859E-6 1.07873E-8 0E0 0E0 0E0 0E0 0E0 0E0 0E0 0E0 0E0 0E0 0E0 0E0 0E0 0E0 0E0 0E0 0E0 0E0 0E0 0E0 0E0 0E0 0E0 0E0 0E0 0E0 -9999 -9999 -9999 -9999 -9999 -9999 -9999 -9999 -9999 -9999 -9999 -9999 -9999 -9999 -9999 -9999 -9999 -9999 -9999 -9999 -9999 -9999 -9999 -9999 -9999 -9999 -9999 -9999 -9999 -9999 -9999 -9999
4.85881E-3 4.75003E-3 2.01612E-3 1.86112E-3 1.7489E-3 3.58859E-3 1.30976E-3 1.88594E-3 2.65372E-3 2.68973E-3 1.41227E-3 2.73384E-3 1.79242E-3 9.18025E-4 9.06605E-4 9.07204E-4 3.10151E-6 9.31989E-4 6.2284E-6 0E0 0E0 0E0 0E0 0E0 0E0 0E0 0E0 0E0 0E0 0E0 0E0 0E0 0E0 0E0 0E0 0E0 0E0 0E0 0E0 0E0 0E0 0E0 0E0 0E0 0E0 -9999 -9999 -9999 -9999 -9999 -9999 -9999 -9999 -9999 -9999 -9999 -9999 -9999 -9999 -9999 -9999 -9999 -9999 -9999 -9999 -9999 -9999 -9999 -9999 -9999 -9999 -9999 -9999 -9999 -9999 -9999 -9999
3.23241E-3 4.81349E-3 1.98655E-3 1.86988E-3 1.78003E-3 2.64192E-3 1.32813E-3 9.80193E-4 2.69316E-3 2.68906E-3 9.95467E-4 9.96219E-4 1.82345E-3 8.98915E-4 9.06663E-4 9.21019E-4 3.14881E-6 9.45832E-4 4.98559E-4 3.24479E-6 0E0 0E0 0E0 0E0 0E0 0E0 0E0 0E0 0E0 0E0 0E0 0E0 0E0 0E0 0E0 0E0 0E0 0E0 0E0 0E0 0E0 0E0 0E0 0E0 0E0 -9999 -9999 -9999 -9999 -9999 -9999 -9999 -9999 -9999 -9999 -9999 -9999 -9999 -9999 -9999 -9999 -9999 -9999 -9999 -9999 -9999 -9999 -9999 -9999 -9999 -9999 -9999 -9999 -9999 -9999 -9999 -9999
3.23599E-3 4.81245E-3 3.87747E-3 1.36994E-3 1.41273E-3 1.81129E-3 1.41061E-3 9.94614E-4 1.35053E-3 1.84472E-3 1.00999E-3 1.01181E-3 1.02574E-3 9.7077E-4 4.86478E-4 9.34939E-4 6.29363E-6 9.4589E-4 5.05972E-4 3.29277E-6 0E0 0E0 0E0 1.25216E-6 1.28908E-6 0E0 0E0 0E0 0E0 0E0 0E0 0E0 0E0 0E0 0E0 0E0 0E0 0E0 0E0 0E0 0E0 0E0 0E0 0E0 0E0 0E0 -9999 -9999 -9999 -9999 -9999 -9999 -9999 -9999 -9999 -9999 -9999 -9999 -9999 -9999 -9999 -9999 -9999 -9999 -9999 -9999 -9999 -9999 -9999 -9999 -9999 -9999 -9999 -9999 -9999 -9999 -9999
3.15964E-3 3.20481E-3 2.69253E-3 2.68751E-3 1.4106E-3 1.43164E-3 9.93541E-4 9.95517E-4 1.36917E-3 1.01122E-3 1.02694E-3 1.47979E-3 9.70776E-4 6.8301E-4 6.83314E-4 4.94255E-4 9.52335E-4 9.6309E-4 3.56484E-4 6.50754E-6 1.13099E-8 0E0 0E0 3.85325E-4 3.91219E-4 2.59758E-6 0E0 0E0 0E0 0E0 0E0 0E0 0E0 0E0 0E0 0E0 0E0 0E0 0E0 0E0 0E0 0E0 0E0 0E0 0E0 0E0 -9999 -9999 -9999 -9999 -9999 -9999 -9999 -9999 -9999 -9999 -9999 -9999 -9999 -9999 -9999 -9999 -9999 -9999 -9999 -9999 -9999 -9999 -9999 -9999 -9999 -9999 -9999 -9999 -9999 -9999 -9999
3.20558E-3 3.0279E-3 2.25435E-3 1.78892E-3 1.78778E-3 1.78932E-3 1.81571E-3 1.45539E-3 9.55173E-4 1.84528E-3 1.02632E-3 1.04167E-3 6.84222E-4 6.93565E-4 6.93793E-4 7.04312E-4 7.14851E-4 5.07717E-4 3.56502E-4 9.90507E-4 6.59448E-6 3.39719E-6 1.81078E-6 3.90504E-4 3.97727E-4 4.02107E-4 0E0 0E0 0E0 0E0 0E0 0E0 0E0 0E0 0E0 0E0 0E0 0E0 0E0 0E0 0E0 0E0 0E0 0E0 0E0 0E0 -9999 -9999 -9999 -9999 -9999 -9999 -9999 -9999 -9999 -9999 -9999 -9999 -9999 -9999 -9999 -9999 -9999 -9999 -9999 -9999 -9999 -9999 -9999 -9999 -9999 -9999 -9999 -9999 -9999 -9999 -9999
3.20289E-3 2.93604E-3 2.07466E-3 1.78711E-3 1.81256E-3 1.814E-3 9.51867E-4 1.02458E-3 6.74472E-4 6.83811E-4 1.04215E-3 6.85408E-4 6.93569E-4 7.05415E-4 7.05567E-4 7.14944E-4 7.14784E-4 3.58922E-4 3.62993E-4 5.28249E-4 1.01766E-3 5.42331E-4 3.87157E-4 3.91223E-4 8.12258E-4 8.23619E-4 4.10345E-4 1.37703E-6 1.38166E-6 4.83363E-9 0E0 0E0 0E0 0E0 0E0 0E0 0E0 0E0 0E0 0E0 0E0 0E0 0E0 0E0 0E0 0E0 -9999 -9999 -9999 -9999 -9999 -9999 -9999 -9999 -9999 -9999 -9999 -9999 -9999 -9999 -9999 -9999 -9999 -9999 -9999 -9999 -9999 -9999 -9999 -9999 -9999 -9999 -9999 -9999 -9999 -9999 -9999
1.6508E-3 1.37851E-3 1.89507E-3 8.95289E-4 9.18111E-4 9.15015E-4 9.29213E-4 6.81443E-4 1.04055E-3 1.04337E-3 1.05803E-3 1.05932E-3 7.05382E-4 1.08891E-3 1.0912E-3 7.26858E-4 7.25534E-4 7.35822E-4 7.46468E-4 5.31524E-4 5.42852E-4 3.81932E-4 3.87965E-4 3.98401E-4 4.0211E-4 8.32404E-4 4.16747E-4 2.75597E-6 4.24652E-4 1.43252E-6 0E0 0E0 0E0 0E0 0E0 0E0 0E0 0E0 0E0 0E0 0E0 0E0 0E0 0E0 0E0 0E0 -9999 -9999 -9999 -9999 -9999 -9999 -9999 -9999 -9999 -9999 -9999 -9999 -9999 -9999 -9999 -9999 -9999 -9999 -9999 -9999 -9999 -9999 -9999 -9999 -9999 -9999 -9999 -9999 -9999 -9999 -9999
3.24826E-3 1.36462E-3 9.4716E-4 9.05467E-4 9.65165E-4 9.32457E-4 9.29925E-4 1.87038E-3 1.89877E-3 1.05684E-3 7.05377E-4 1.07414E-3 7.06782E-4 7.14944E-4 1.10491E-3 7.26784E-4 7.37447E-4 7.35493E-4 7.46E-4 1.08928E-3 5.4658E-4 3.83247E-4 7.94394E-4 8.04753E-4 8.23555E-4 8.31747E-4 8.36984E-4 4.25471E-4 4.2319E-4 2.8462E-6 4.97257E-9 0E0 0E0 0E0 0E0 0E0 0E0 0E0 0E0 0E0 0E0 0E0 0E0 0E0 0E0 0E0 -9999 -9999 -9999 -9999 -9999 -9999 -9999 -9999 -9999 -9999 -9999 -9999 -9999 -9999 -9999 -9999 -9999 -9999 -9999 -9999 -9999 -9999 -9999 -9999 -9999 -9999 -9999 -9999 -9999 -9999 -9999
1.66585E-3 1.42007E-3 9.07382E-4 9.29306E-4 9.20057E-4 9.43666E-4 9.20659E-4 1.89548E-3 9.41061E-4 1.01261E-3 1.01271E-3 1.09012E-3 1.09146E-3 7.2811E-4 7.25539E-4 7.3741E-4 1.13811E-3 7.49118E-4 7.56616E-4 7.67229E-4 1.11843E-3 7.86595E-4 7.95829E-4 8.16464E-4 8.25041E-4 8.4328E-4 8.5097E-4 8.5378E-4 6.10492E-6 4.35552E-4 1.4672E-6 0E0 1.88844E-6 6.46359E-9 0E0 0E0 0E0 0E0 0E0 0E0 0E0 0E0 0E0 0E0 0E0 0E0 -9999 -9999 -9999 -9999 -9999 -9999 -9999 -9999 -9999 -9999 -9999 -9999 -9999 -9999 -9999 -9999 -9999 -9999 -9999 -9999 -9999 -9999 -9999 -9999 -9999 -9999 -9999 -9999 -9999 -9999 -9999
1.66577E-3 1.09117E-3 9.44169E-4 9.43715E-4 9.20151E-4 9.43715E-4 9.5488E-4 9.3471E-4 1.01266E-3 1.93129E-3 9.69618E-4 1.10387E-3 1.10761E-3 1.10723E-3 7.38952E-4 1.12137E-3 1.13869E-3 1.15477E-3 7.70586E-4 7.67828E-4 7.77401E-4 7.98463E-4 8.07704E-4 1.23665E-3 1.26889E-3 1.27683E-3 1.30673E-3 8.66427E-4 4.32289E-4 4.35193E-4 2.93122E-6 6.49078E-9 5.70507E-4 1.91534E-6 0E0 0E0 0E0 0E0 0E0 0E0 0E0 0E0 0E0 0E0 0E0 0E0 0E0 -9999 -9999 -9999 -9999 -9999 -9999 -9999 -9999 -9999 -9999 -9999 -9999 -9999 -9999 -9999 -9999 -9999 -9999 -9999 -9999 -9999 -9999 -9999 -9999 -9999 -9999 -9999 -9999 -9999 -9999
1.6192E-3 3.97706E-6 9.28646E-4 9.58168E-4 9.34313E-4 9.58227E-4 3.14764E-6 9.69788E-4 1.95639E-3 7.14975E-4 7.25695E-4 7.25676E-4 1.12244E-3 1.12387E-3 1.14012E-3 1.13955E-3 1.15574E-3 1.15379E-3 1.16979E-3 1.18436E-3 1.1985E-3 1.21218E-3 1.24363E-3 1.25663E-3 1.2843E-3 1.29187E-3 1.30235E-3 1.32658E-3 8.80759E-4 4.43157E-4 4.48741E-4 1.88561E-6 5.75556E-4 1.93162E-6 0E0 0E0 0E0 0E0 0E0 0E0 0E0 0E0 0E0 0E0 0E0 0E0 0E0 -9999 -9999 -9999 -9999 -9999 -9999 -9999 -9999 -9999 -9999 -9999 -9999 -9999 -9999 -9999 -9999 -9999 -9999 -9999 -9999 -9999 -9999 -9999 -9999 -9999 -9999 -9999 -9999 -9999 -9999
1.53467E-3 6.88306E-6 1.07758E-8 9.55379E-4 9.72744E-4 9.51793E-4 1.82387E-8 9.59744E-4 1.95644E-3 1.04334E-3 7.37783E-4 7.36557E-4 1.12203E-3 1.1415E-3 1.14089E-3 1.15575E-3 1.15489E-3 1.1698E-3 1.18587E-3 1.20034E-3 1.21435E-3 1.2303E-3 1.24244E-3 1.27217E-3 1.28066E-3 1.31106E-3 1.31864E-3 1.32668E-3 8.90153E-4 4.41243E-4 4.46552E-4 1.88563E-6 5.80532E-4 1.91947E-6 0E0 0E0 0E0 0E0 0E0 0E0 0E0 0E0 0E0 0E0 0E0 0E0 0E0 -9999 -9999 -9999 -9999 -9999 -9999 -9999 -9999 -9999 -9999 -9999 -9999 -9999 -9999 -9999 -9999 -9999 -9999 -9999 -9999 -9999 -9999 -9999 -9999 -9999 -9999 -9999 -9999 -9999 -9999
3.06951E-3 9.95353E-4 6.39259E-6 9.69495E-4 9.73144E-4 1.02601E-3 0E0 9.81066E-4 7.23188E-4 9.80736E-4 1.11987E-3 7.38984E-4 1.13817E-3 1.56566E-3 1.56721E-3 1.15759E-3 1.17243E-3 1.18731E-3 1.18442E-3 1.20179E-3 1.21582E-3 1.22938E-3 1.69863E-3 1.2719E-3 1.28219E-3 1.30832E-3 1.79734E-3 1.34421E-3 8.87946E-4 4.49295E-4 4.46594E-4 3.80231E-6 5.75026E-4 1.92841E-6 0E0 0E0 0E0 0E0 0E0 0E0 0E0 0E0 0E0 0E0 0E0 0E0 0E0 -9999 -9999 -9999 -9999 -9999 -9999 -9999 -9999 -9999 -9999 -9999 -9999 -9999 -9999 -9999 -9999 -9999 -9999 -9999 -9999 -9999 -9999 -9999 -9999 -9999 -9999 -9999 -9999 -9999 -9999
1.4021E-3 1.93031E-3 9.76454E-4 9.73145E-4 9.87645E-4 9.63124E-4 6.48143E-6 9.95539E-4 9.95137E-4 1.01701E-3 7.45919E-4 1.13822E-3 1.15656E-3 1.56581E-3 1.59051E-3 1.58881E-3 1.60908E-3 1.18876E-3 1.2018E-3 1.64601E-3 1.66582E-3 1.6834E-3 1.70026E-3 1.73687E-3 1.75203E-3 1.786E-3 1.79905E-3 1.82995E-3 1.36524E-3 9.0059E-4 5.69971E-4 5.7373E-4 1.90877E-6 0E0 0E0 0E0 0E0 0E0 0E0 0E0 0E0 0E0 0E0 0E0 0E0 0E0 0E0 -9999 -9999 -9999 -9999 -9999 -9999 -9999 -9999 -9999 -9999 -9999 -9999 -9999 -9999 -9999 -9999 -9999 -9999 -9999 -9999 -9999 -9999 -9999 -9999 -9999 -9999 -9999 -9999 -9999 -9999
1.1078E-3 1.02843E-3 9.94452E-4 9.91105E-4 9.87754E-4 1.00238E-3 1.00238E-3 7.5183E-9 7.32591E-4 1.02049E-3 1.07414E-3 1.15662E-3 1.15586E-3 1.58768E-3 2.04579E-3 2.0446E-3 1.60989E-3 1.6301E-3 1.65035E-3 1.64456E-3 1.68704E-3 1.70448E-3 1.72109E-3 1.73701E-3 1.77218E-3 1.7795E-3 1.81841E-3 1.82197E-3 1.35901E-3 9.0948E-4 5.67058E-4 2.71242E-6 0E0 0E0 0E0 0E0 0E0 0E0 0E0 0E0 0E0 0E0 0E0 0E0 0E0 0E0 0E0 -9999 -9999 -9999 -9999 -9999 -9999 -9999 -9999 -9999 -9999 -9999 -9999 -9999 -9999 -9999 -9999 -9999 -9999 -9999 -9999 -9999 -9999 -9999 -9999 -9999 -9999 -9999 -9999 -9999 -9999
9.90165E-4 1.98194E-3 1.98538E-3 1.98538E-3 1.00583E-3 9.95149E-4 9.80799E-4 0E0 1.02491E-3 1.03177E-3 2.06783E-3 1.58634E-3 1.17498E-3 1.60965E-3 2.04312E-3 2.07202E-3 2.0687E-3 2.09591E-3 1.65054E-3 1.6673E-3 1.6849E-3 1.70028E-3 1.71639E-3 1.75747E-3 1.76623E-3 1.80591E-3 1.81101E-3 1.84897E-3 1.37278E-3 9.04985E-4 5.75444E-4 2.75217E-6 0E0 0E0 0E0 0E0 0E0 0E0 0E0 0E0 0E0 0E0 0E0 0E0 0E0 0E0 0E0 -9999 -9999 -9999 -9999 -9999 -9999 -9999 -9999 -9999 -9999 -9999 -9999 -9999 -9999 -9999 -9999 -9999 -9999 -9999 -9999 -9999 -9999 -9999 -9999 -9999 -9999 -9999 -9999 -9999 -9999
0E0 1.01365E-3 1.01371E-3 1.0137E-3 1.01353E-3 2.01023E-3 2.01719E-3 1.00196E-5 1.02823E-3 1.05003E-3 1.04959E-3 1.16945E-3 1.60822E-3 1.60924E-3 2.07053E-3 2.09954E-3 2.09752E-3 2.1232E-3 2.11454E-3 2.14273E-3 2.16794E-3 1.72872E-3 1.7421E-3 1.75206E-3 1.79245E-3 1.79907E-3 1.82998E-3 1.83899E-3 1.38631E-3 9.18475E-4 5.80837E-4 1.91009E-6 0E0 0E0 0E0 0E0 0E0 0E0 0E0 0E0 0E0 0E0 0E0 0E0 0E0 0E0 0E0 -9999 -9999 -9999 -9999 -9999 -9999 -9999 -9999 -9999 -9999 -9999 -9999 -9999 -9999 -9999 -9999 -9999 -9999 -9999 -9999 -9999 -9999 -9999 -9999 -9999 -9999 -9999 -9999 -9999 -9999
0E0 1.01359E-3 1.00121E-5 0E0 3.32297E-6 1.02818E-3 2.03906E-3 1.03877E-3 1.04295E-3 2.12293E-3 2.10622E-3 1.18865E-3 1.1901E-3 1.63034E-3 2.09804E-3 2.09592E-3 2.58486E-3 2.12061E-3 2.14601E-3 2.63763E-3 2.16416E-3 2.18288E-3 1.76597E-3 1.77818E-3 1.78618E-3 1.81846E-3 1.83011E-3 1.3808E-3 1.37786E-3 1.16793E-3 5.79611E-4 1.93349E-6 0E0 0E0 0E0 0E0 0E0 0E0 0E0 0E0 0E0 0E0 0E0 0E0 0E0 0E0 0E0 -9999 -9999 -9999 -9999 -9999 -9999 -9999 -9999 -9999 -9999 -9999 -9999 -9999 -9999 -9999 -9999 -9999 -9999 -9999 -9999 -9999 -9999 -9999 -9999 -9999 -9999 -9999 -9999 -9999 -9999
0E0 1.02846E-3 2.047E-3 0E0 1.02123E-3 1.03176E-3 1.04648E-3 1.08971E-3 1.37474E-5 2.14872E-3 3.2453E-3 1.63179E-3 2.35254E-3 3.2926E-3 2.09651E-3 2.09601E-3 2.12053E-3 2.14757E-3 2.14285E-3 2.16805E-3 2.18905E-3 2.20905E-3 2.22802E-3 1.7739E-3 1.80595E-3 1.81859E-3 1.849E-3 1.85005E-3 1.39994E-3 1.16176E-3 1.17206E-3 3.8267E-6 0E0 0E0 0E0 0E0 0E0 0E0 0E0 0E0 0E0 0E0 0E0 0E0 0E0 0E0 0E0 -9999 -9999 -9999 -9999 -9999 -9999 -9999 -9999 -9999 -9999 -9999 -9999 -9999 -9999 -9999 -9999 -9999 -9999 -9999 -9999 -9999 -9999 -9999 -9999 -9999 -9999 -9999 -9999 -9999 -9999
1.16124E-8 1.02827E-3 1.15257E-3 1.69363E-5 2.35596E-8 1.04303E-3 1.04304E-3 2.06662E-3 2.15611E-3 2.19541E-3 3.24941E-3 1.63324E-3 2.07064E-3 3.38423E-3 2.0913E-3 2.12482E-3 2.61946E-3 2.61521E-3 2.64094E-3 2.19796E-3 2.21707E-3 2.23512E-3 2.25368E-3 1.79421E-3 1.80608E-3 1.838E-3 1.84063E-3 1.86809E-3 1.41335E-3 1.17243E-3 5.82897E-4 1.94369E-6 0E0 0E0 0E0 0E0 0E0 0E0 0E0 0E0 0E0 0E0 0E0 0E0 0E0 0E0 0E0 -9999 -9999 -9999 -9999 -9999 -9999 -9999 -9999 -9999 -9999 -9999 -9999 -9999 -9999 -9999 -9999 -9999 -9999 -9999 -9999 -9999 -9999 -9999 -9999 -9999 -9999 -9999 -9999 -9999 -9999
3.44108E-6 1.04658E-3 1.10342E-3 2.07169E-3 1.37356E-5 1.06137E-3 6.98341E-6 1.06078E-3 2.18586E-3 2.3441E-3 2.35056E-3 2.07212E-3 2.10462E-3 4.525E-3 4.50517E-3 2.61776E-3 2.61521E-3 2.64937E-3 2.67311E-3 2.66573E-3 2.68909E-3 2.23123E-3 2.24594E-3 1.81592E-3 1.82597E-3 1.85732E-3 1.85925E-3 1.89584E-3 1.77073E-3 1.16581E-3 5.88023E-4 1.9318E-6 0E0 0E0 0E0 0E0 0E0 0E0 0E0 0E0 0E0 0E0 0E0 0E0 0E0 0E0 0E0 -9999 -9999 -9999 -9999 -9999 -9999 -9999 -9999 -9999 -9999 -9999 -9999 -9999 -9999 -9999 -9999 -9999 -9999 -9999 -9999 -9999 -9999 -9999 -9999 -9999 -9999 -9999 -9999 -9999 -9999
6.9718E-6 2.09712E-3 1.06867E-3 1.06439E-3 2.09908E-3 2.15994E-3 1.07163E-3 2.18588E-3 3.28914E-3 3.2931E-3 4.51585E-3 2.55561E-3 2.59339E-3 2.59519E-3 4.69068E-3 2.61799E-3 2.64766E-3 3.17259E-3 2.66901E-3 2.6991E-3 2.72052E-3 2.75183E-3 2.28115E-3 2.29652E-3 1.84726E-3 1.84921E-3 1.88513E-3 1.88448E-3 1.78687E-3 1.18309E-3 5.84539E-4 1.94787E-6 0E0 0E0 0E0 0E0 0E0 0E0 0E0 0E0 0E0 0E0 0E0 0E0 0E0 0E0 0E0 -9999 -9999 -9999 -9999 -9999 -9999 -9999 -9999 -9999 -9999 -9999 -9999 -9999 -9999 -9999 -9999 -9999 -9999 -9999 -9999 -9999 -9999 -9999 -9999 -9999 -9999 -9999 -9999 -9999 -9999
1.07631E-3 2.13002E-3 2.1337E-3 2.13369E-3 2.13173E-3 3.24559E-3 3.3009E-3 3.29696E-3 3.29311E-3 3.37247E-3 4.51602E-3 2.1295E-3 2.59361E-3 3.11144E-3 5.79134E-3 2.65241E-3 2.6427E-3 3.16361E-3 3.20299E-3 3.23011E-3 2.76272E-3 2.78306E-3 2.30839E-3 2.32163E-3 1.83973E-3 1.87661E-3 1.3933E-3 1.41177E-3 1.77279E-3 1.19348E-3 5.89534E-4 1.96375E-6 0E0 0E0 0E0 0E0 0E0 0E0 0E0 0E0 0E0 0E0 0E0 0E0 0E0 0E0 0E0 -9999 -9999 -9999 -9999 -9999 -9999 -9999 -9999 -9999 -9999 -9999 -9999 -9999 -9999 -9999 -9999 -9999 -9999 -9999 -9999 -9999 -9999 -9999 -9999 -9999 -9999 -9999 -9999 -9999 -9999
1.07558E-3 2.15548E-3 2.16684E-3 2.16079E-3 2.21571E-3 3.29325E-3 1.65557E-3 1.63269E-3 3.38032E-3 3.42584E-3 4.57886E-3 3.05831E-3 3.10249E-3 3.1521E-3 2.61852E-3 2.64938E-3 3.17272E-3 3.20303E-3 3.24056E-3 3.26709E-3 2.75528E-3 2.77301E-3 2.79273E-3 2.31395E-3 1.86864E-3 1.86805E-3 1.40705E-3 1.41186E-3 1.19182E-3 1.1844E-3 5.9442E-4 1.96386E-6 0E0 0E0 0E0 0E0 0E0 0E0 0E0 0E0 0E0 0E0 0E0 0E0 0E0 0E0 0E0 -9999 -9999 -9999 -9999 -9999 -9999 -9999 -9999 -9999 -9999 -9999 -9999 -9999 -9999 -9999 -9999 -9999 -9999 -9999 -9999 -9999 -9999 -9999 -9999 -9999 -9999 -9999 -9999 -9999 -9999
1.09044E-3 1.09414E-3 1.21891E-3 2.22354E-3 2.22355E-3 2.38013E-3 2.12951E-3 2.10135E-3 4.63884E-3 4.58291E-3 5.79838E-3 5.87546E-3 3.14879E-3 3.14458E-3 3.13634E-3 3.17442E-3 3.20474E-3 3.24226E-3 3.23024E-3 3.25568E-3 3.29212E-3 2.80534E-3 2.82278E-3 2.34034E-3 2.35102E-3 1.86087E-3 1.40707E-3 1.7948E-3 1.78851E-3 1.19644E-3 5.94453E-4 1.97941E-6 0E0 0E0 0E0 0E0 0E0 0E0 0E0 0E0 0E0 0E0 0E0 0E0 0E0 0E0 0E0 -9999 -9999 -9999 -9999 -9999 -9999 -9999 -9999 -9999 -9999 -9999 -9999 -9999 -9999 -9999 -9999 -9999 -9999 -9999 -9999 -9999 -9999 -9999 -9999 -9999 -9999 -9999 -9999 -9999 -9999
1.11287E-3 2.24964E-3 1.75836E-3 3.34116E-3 1.67791E-3 2.12971E-3 2.12747E-3 2.59205E-3 4.63997E-3 5.79838E-3 5.94202E-3 6.0115E-3 3.1411E-3 3.18485E-3 3.17625E-3 3.21253E-3 3.76814E-3 3.7449E-3 3.27064E-3 3.30589E-3 3.32845E-3 2.79623E-3 2.81099E-3 2.86968E-3 2.37663E-3 1.88862E-3 1.4208E-3 1.78503E-3 1.19353E-3 1.19448E-3 5.99272E-4 1.96592E-6 0E0 0E0 0E0 0E0 0E0 0E0 0E0 0E0 0E0 0E0 0E0 0E0 0E0 0E0 0E0 -9999 -9999 -9999 -9999 -9999 -9999 -9999 -9999 -9999 -9999 -9999 -9999 -9999 -9999 -9999 -9999 -9999 -9999 -9999 -9999 -9999 -9999 -9999 -9999 -9999 -9999 -9999 -9999 -9999 -9999
3.37747E-3 2.41208E-3 1.67798E-3 4.57133E-3 2.15759E-3 2.15925E-3 2.15925E-3 2.63077E-3 5.81142E-3 6.02422E-3 7.13841E-3 6.08998E-3 3.17982E-3 3.73581E-3 3.72653E-3 3.20652E-3 3.75584E-3 3.80066E-3 3.82923E-3 3.81478E-3 3.31712E-3 3.33688E-3 2.84398E-3 2.85659E-3 2.36535E-3 1.90885E-3 1.41517E-3 1.81131E-3 1.19362E-3 1.20438E-3 5.95297E-4 1.41505E-6 0E0 0E0 0E0 0E0 0E0 0E0 0E0 0E0 0E0 0E0 0E0 0E0 0E0 0E0 0E0 -9999 -9999 -9999 -9999 -9999 -9999 -9999 -9999 -9999 -9999 -9999 -9999 -9999 -9999 -9999 -9999 -9999 -9999 -9999 -9999 -9999 -9999 -9999 -9999 -9999 -9999 -9999 -9999 -9999 -9999
3.42567E-3 4.6384E-3 4.64252E-3 2.44406E-3 2.15369E-3 2.15524E-3 2.15679E-3 2.62546E-3 2.62704E-3 6.0204E-3 3.81701E-3 6.18314E-3 3.21845E-3 3.72479E-3 3.77009E-3 3.75777E-3 3.80066E-3 3.84349E-3 3.81483E-3 3.85615E-3 3.35462E-3 3.37187E-3 3.4066E-3 2.8888E-3 2.39051E-3 2.39777E-3 1.93385E-3 1.80322E-3 1.2039E-3 1.19661E-3 5.99908E-4 1.41513E-6 0E0 0E0 0E0 0E0 0E0 0E0 0E0 0E0 0E0 0E0 0E0 0E0 0E0 0E0 0E0 -9999 -9999 -9999 -9999 -9999 -9999 -9999 -9999 -9999 -9999 -9999 -9999 -9999 -9999 -9999 -9999 -9999 -9999 -9999 -9999 -9999 -9999 -9999 0E0 0E0 0E0 0E0 -9999 -9999 -9999
4.69307E-3 2.18155E-3 2.18302E-3 2.18302E-3 2.18302E-3 2.183E-3 2.65896E-3 2.66059E-3 2.65603E-3 7.41233E-3 3.17966E-3 7.32093E-3 3.2092E-3 3.76657E-3 3.81363E-3 3.80085E-3 3.84349E-3 3.82956E-3 3.85625E-3 3.8976E-3 3.92154E-3 3.40831E-3 3.42458E-3 3.44082E-3 2.9285E-3 2.42382E-3 2.42417E-3 1.81906E-3 1.19657E-3 1.2061E-3 5.99939E-4 1.42572E-6 0E0 0E0 0E0 0E0 0E0 0E0 0E0 0E0 0E0 0E0 0E0 0E0 0E0 0E0 0E0 -9999 -9999 -9999 -9999 -9999 -9999 -9999 -9999 -9999 -9999 -9999 -9999 -9999 -9999 -9999 -9999 -9999 -9999 0E0 0E0 0E0 0E0 0E0 0E0 0E0 0E0 0E0 0E0 0E0 0E0
4.6883E-3 2.20927E-3 5.94952E-3 3.13987E-3 2.18311E-3 3.13525E-3 2.69241E-3 2.69418E-3 3.18165E-3 3.86909E-3 7.29685E-3 3.91387E-3 7.38247E-3 3.28724E-3 3.79908E-3 3.84368E-3 3.82956E-3 3.87164E-3 3.91361E-3 3.93877E-3 3.96176E-3 3.39273E-3 3.40775E-3 3.47345E-3 2.95595E-3 2.9646E-3 3.08783E-3 1.81242E-3 1.21622E-3 1.20415E-3 6.04465E-4 1.41526E-6 0E0 0E0 0E0 0E0 0E0 0E0 0E0 0E0 0E0 0E0 0E0 0E0 0E0 0E0 0E0 -9999 -9999 -9999 -9999 -9999 -9999 -9999 -9999 -9999 -9999 -9999 -9999 -9999 -9999 -9999 -9999 -9999 0E0 0E0 0E0 0E0 0E0 0E0 0E0 0E0 0E0 0E0 0E0 0E0 0E0
6.01832E-3 2.21105E-3 3.17968E-3 3.18196E-3 6.02696E-3 2.68598E-3 2.72756E-3 2.72769E-3 3.21858E-3 3.22209E-3 7.59483E-3 3.25891E-3 7.66059E-3 3.28561E-3 3.84194E-3 3.88645E-3 3.87183E-3 3.91361E-3 3.89779E-3 3.92154E-3 3.94329E-3 3.44491E-3 3.45858E-3 3.47373E-3 2.93967E-3 3.7656E-3 3.11451E-3 2.4716E-3 1.82687E-3 6.06099E-4 4.27336E-4 1.42538E-6 0E0 0E0 0E0 0E0 0E0 0E0 0E0 0E0 0E0 0E0 0E0 0E0 0E0 0E0 0E0 -9999 -9999 -9999 -9999 -9999 -9999 -9999 -9999 -9999 -9999 -9999 -9999 -9999 -9999 -9999 -9999 -9999 0E0 0E0 0E0 0E0 0E0 0E0 0E0 0E0 0E0 0E0 0E0 0E0 0E0
2.24064E-3 3.21941E-3 3.22186E-3 2.72618E-3 3.92197E-3 2.72781E-3 3.91173E-3 2.72077E-3 2.71504E-3 3.25904E-3 7.49895E-3 4.66781E-3 7.45384E-3 7.52882E-3 3.88095E-3 3.87182E-3 3.91361E-3 3.89779E-3 3.93891E-3 3.96196E-3 3.98078E-3 4.0217E-3 3.49382E-3 3.5064E-3 2.96648E-3 3.74312E-3 3.09745E-3 2.49417E-3 1.84141E-3 6.03996E-4 4.30466E-4 1.44649E-6 0E0 0E0 0E0 0E0 0E0 0E0 0E0 0E0 0E0 0E0 0E0 0E0 0E0 0E0 0E0 -9999 -9999 -9999 -9999 -9999 -9999 -9999 -9999 -9999 -9999 -9999 -9999 -9999 -9999 -9999 -9999 -9999 0E0 0E0 0E0 0E0 0E0 0E0 0E0 0E0 0E0 0E0 0E0 0E0 0E0
