day_2/Results/Podomys_floridanus/projections/PaleoClim/-21000/R_clampingUN_0.asc
ncols         385
nrows         252
xllcorner     -91.50013924285
yllcorner     25.49986064915003
cellsize      0.041666666500000005
NODATA_value  -9999
[rows 210 to 244 of 252, columns 231 to 307 of 385]
2.35721E-2 1.94035E-2 2.35721E-2 2.35878E-2 2.3588E-2 2.35019E-2 2.35017E-2 2.35172E-2 2.82037E-2 2.82198E-2 2.82198E-2 3.36154E-2 2.84448E-2 3.33517E-2 2.75359E-2 3.2019E-2 3.18171E-2 3.15323E-2 3.12985E-2 3.08072E-2 2.59393E-2 2.98665E-2 2.49673E-2 2.44158E-2 1.99339E-2 2.24985E-2 2.19199E-2 1.73575E-2 9.57627E-3 6.05941E-3 1.80794E-3 5.61629E-6 0E0 0E0 0E0 0E0 0E0 0E0 0E0 0E0 0E0 0E0 0E0 0E0 0E0 0E0 0E0 -9999 -9999 -9999 -9999 -9999 -9999 -9999 -9999 -9999 -9999 -9999 -9999 -9999 -9999 -9999 -9999 -9999 0E0 0E0 0E0 0E0 0E0 0E0 0E0 0E0 0E0 0E0 0E0 0E0 0E0
2.3458E-2 2.35014E-2 2.34582E-2 2.3458E-2 2.35014E-2 2.33654E-2 2.34238E-2 2.81513E-2 2.80389E-2 2.80384E-2 2.80548E-2 2.86166E-2 3.35918E-2 2.68442E-2 2.73084E-2 3.20174E-2 3.1592E-2 3.12987E-2 3.10564E-2 3.04928E-2 3.021E-2 2.52042E-2 2.46637E-2 2.41618E-2 2.75448E-2 2.22046E-2 2.16043E-2 1.6919E-2 1.28414E-2 5.83117E-3 1.78703E-3 5.51643E-6 0E0 0E0 0E0 0E0 0E0 0E0 0E0 0E0 0E0 0E0 0E0 0E0 0E0 0E0 0E0 -9999 -9999 -9999 -9999 -9999 -9999 -9999 -9999 -9999 -9999 -9999 -9999 -9999 -9999 -9999 -9999 -9999 0E0 0E0 0E0 0E0 0E0 0E0 0E0 0E0 0E0 0E0 0E0 0E0 0E0
2.33492E-2 2.33648E-2 2.33645E-2 2.33645E-2 2.338E-2 2.32807E-2 2.8022E-2 2.80384E-2 2.79019E-2 2.79009E-2 3.29176E-2 2.79332E-2 3.32657E-2 2.6863E-2 2.71411E-2 3.18003E-2 3.13002E-2 3.10564E-2 3.07485E-2 3.04909E-2 2.54346E-2 2.49531E-2 2.44158E-2 2.38569E-2 2.27441E-2 2.18788E-2 2.13263E-2 2.04193E-2 1.61728E-2 5.7592E-3 1.76209E-3 5.53469E-6 0E0 0E0 0E0 0E0 0E0 0E0 0E0 0E0 0E0 0E0 0E0 0E0 0E0 0E0 0E0 -9999 -9999 -9999 -9999 -9999 -9999 -9999 -9999 -9999 -9999 -9999 -9999 -9999 -9999 -9999 -9999 -9999 0E0 0E0 0E0 0E0 0E0 0E0 0E0 0E0 0E0 0E0 0E0 0E0 0E0
2.32057E-2 2.32212E-2 2.31153E-2 2.31302E-2 2.78328E-2 2.78491E-2 2.7917E-2 2.7901E-2 2.78492E-2 2.77045E-2 3.26581E-2 3.25454E-2 3.30717E-2 3.28425E-2 2.69807E-2 3.14995E-2 3.1282E-2 3.07502E-2 3.04907E-2 3.021E-2 2.52042E-2 2.46637E-2 2.41618E-2 2.75603E-2 2.68751E-2 2.16328E-2 2.10041E-2 1.66423E-2 1.01684E-2 7.6998E-3 3.52652E-3 2.17031E-5 0E0 0E0 0E0 0E0 0E0 0E0 0E0 0E0 0E0 0E0 0E0 0E0 0E0 0E0 0E0 -9999 -9999 -9999 -9999 -9999 -9999 -9999 -9999 -9999 -9999 -9999 -9999 -9999 -9999 -9999 -9999 -9999 0E0 0E0 0E0 0E0 0E0 0E0 0E0 0E0 0E0 0E0 0E0 0E0 0E0
2.29866E-2 2.30015E-2 2.30167E-2 2.76877E-2 2.7704E-2 2.77038E-2 3.26751E-2 2.77363E-2 2.77197E-2 2.75514E-2 2.75509E-2 2.73905E-2 3.93862E-2 2.76793E-2 2.68126E-2 2.65715E-2 2.63244E-2 3.07324E-2 3.01693E-2 2.54482E-2 2.49674E-2 2.44156E-2 2.38569E-2 2.71943E-2 2.655E-2 2.54982E-2 2.07322E-2 1.63892E-2 9.99331E-3 7.57859E-3 5.2832E-3 3.32652E-3 0E0 0E0 0E0 0E0 0E0 0E0 0E0 0E0 0E0 0E0 0E0 0E0 0E0 0E0 0E0 -9999 -9999 -9999 -9999 -9999 -9999 -9999 -9999 -9999 -9999 -9999 -9999 -9999 -9999 -9999 -9999 -9999 0E0 0E0 0E0 0E0 0E0 0E0 0E0 0E0 0E0 0E0 0E0 0E0 0E0
2.28386E-2 2.28386E-2 2.74833E-2 2.74993E-2 2.75506E-2 2.74995E-2 3.2407E-2 3.24843E-2 3.22856E-2 2.73707E-2 2.73898E-2 2.71713E-2 2.69952E-2 2.67618E-2 2.65715E-2 2.63244E-2 2.61202E-2 3.04593E-2 2.98818E-2 2.96162E-2 2.89818E-2 2.4143E-2 2.75602E-2 2.68749E-2 2.61699E-2 2.54468E-2 2.04441E-2 1.98042E-2 9.84506E-3 7.44802E-3 5.19337E-3 3.26229E-3 9.88543E-6 0E0 0E0 0E0 0E0 0E0 0E0 0E0 0E0 0E0 0E0 0E0 0E0 0E0 0E0 -9999 -9999 -9999 -9999 -9999 -9999 -9999 -9999 -9999 -9999 -9999 -9999 -9999 -9999 -9999 -9999 -9999 -9999 0E0 0E0 7.35434E-4 6.33804E-6 1.33031E-8 0E0 0E0 0E0 0E0 0E0 0E0 0E0
2.27121E-2 2.27121E-2 2.73234E-2 2.73388E-2 2.73388E-2 2.73388E-2 2.73388E-2 2.73388E-2 2.71717E-2 3.19998E-2 2.71856E-2 2.69952E-2 2.67618E-2 2.65713E-2 2.6374E-2 2.61204E-2 2.59092E-2 2.5643E-2 2.51895E-2 2.9244E-2 2.86815E-2 2.80088E-2 2.7225E-2 2.64993E-2 2.58351E-2 2.51035E-2 2.01264E-2 1.24902E-2 9.84395E-3 9.34195E-3 5.19439E-3 1.58611E-3 4.96437E-6 0E0 0E0 0E0 0E0 0E0 0E0 0E0 0E0 0E0 0E0 0E0 0E0 0E0 0E0 -9999 -9999 -9999 -9999 -9999 -9999 -9999 -9999 -9999 -9999 -9999 -9999 -9999 -9999 -9999 -9999 -9999 -9999 -9999 0E0 0E0 7.40787E-4 9.53063E-6 0E0 0E0 0E0 0E0 0E0 0E0 0E0
2.25516E-2 2.25368E-2 2.73214E-2 2.7171E-2 2.71704E-2 2.71704E-2 2.71704E-2 2.71704E-2 2.76791E-2 2.69447E-2 2.67623E-2 2.67609E-2 2.65713E-2 2.63244E-2 2.61202E-2 2.59092E-2 2.5643E-2 2.54191E-2 2.49057E-2 2.46625E-2 2.83066E-2 3.2273E-2 3.15121E-2 2.61846E-2 2.54468E-2 2.47556E-2 2.40016E-2 1.228E-2 9.67382E-3 9.18116E-3 6.9301E-3 3.21993E-3 1.45717E-5 0E0 0E0 0E0 0E0 0E0 0E0 0E0 0E0 0E0 0E0 0E0 0E0 0E0 -9999 -9999 -9999 -9999 -9999 -9999 -9999 -9999 -9999 -9999 -9999 -9999 -9999 -9999 -9999 -9999 -9999 -9999 -9999 -9999 0E0 0E0 6.39607E-4 1.48246E-3 9.54119E-6 0E0 0E0 0E0 0E0 0E0 0E0
2.69438E-2 2.24271E-2 2.69283E-2 2.69439E-2 2.69439E-2 2.69438E-2 2.69439E-2 2.69439E-2 2.74484E-2 2.72626E-2 2.72618E-2 2.65213E-2 2.63242E-2 2.612E-2 2.59092E-2 2.5643E-2 2.54189E-2 2.51887E-2 2.46643E-2 2.43679E-2 2.79944E-2 3.18812E-2 3.10644E-2 2.58651E-2 2.51047E-2 2.43566E-2 2.36427E-2 1.2093E-2 1.16577E-2 9.00831E-3 6.79027E-3 4.71571E-3 2.97231E-3 0E0 0E0 0E0 0E0 0E0 0E0 0E0 0E0 0E0 0E0 0E0 0E0 0E0 -9999 -9999 -9999 -9999 -9999 -9999 -9999 -9999 -9999 -9999 -9999 -9999 -9999 -9999 -9999 -9999 -9999 -9999 -9999 -9999 -9999 3.19946E-4 9.55923E-4 1.45465E-3 9.52276E-4 3.17652E-6 0E0 0E0 0E0 0E0 0E0
2.67103E-2 2.67103E-2 2.67607E-2 2.67609E-2 2.67609E-2 2.67105E-2 2.67607E-2 2.67757E-2 2.7277E-2 2.70687E-2 2.70165E-2 2.6324E-2 2.61351E-2 2.5875E-2 2.56429E-2 2.54189E-2 2.51552E-2 2.49188E-2 2.46294E-2 2.41291E-2 3.2258E-2 2.72236E-2 3.10475E-2 3.02092E-2 2.51312E-2 2.40029E-2 1.48886E-2 1.44159E-2 1.14663E-2 9.00723E-3 6.66456E-3 4.71506E-3 5.8832E-3 2.77183E-3 0E0 0E0 0E0 0E0 0E0 0E0 0E0 0E0 0E0 0E0 0E0 0E0 -9999 -9999 -9999 -9999 -9999 -9999 -9999 -9999 -9999 -9999 -9999 -9999 -9999 -9999 -9999 -9999 -9999 -9999 -9999 -9999 -9999 7.28624E-4 1.56805E-3 6.3546E-6 0E0 0E0 0E0 0E0 0E0 0E0 0E0
2.65203E-2 2.65203E-2 2.65203E-2 2.65203E-2 2.65358E-2 2.65206E-2 2.65356E-2 3.09817E-2 3.09969E-2 2.63386E-2 2.612E-2 2.60849E-2 3.04171E-2 3.01681E-2 2.54335E-2 2.51408E-2 2.92436E-2 2.8925E-2 2.86254E-2 2.80086E-2 3.22717E-2 3.14521E-2 3.0668E-2 2.98039E-2 2.8922E-2 2.36713E-2 1.46533E-2 1.41482E-2 1.12435E-2 8.85132E-3 6.53837E-3 9.34891E-3 5.75171E-3 2.708E-3 0E0 0E0 0E0 0E0 0E0 0E0 0E0 0E0 0E0 0E0 0E0 0E0 -9999 -9999 -9999 -9999 -9999 -9999 -9999 -9999 -9999 -9999 -9999 -9999 -9999 -9999 -9999 -9999 -9999 -9999 -9999 -9999 -9999 -9999 9.56177E-4 0E0 0E0 0E0 0E0 0E0 0E0 0E0 0E0
2.67807E-2 2.67807E-2 2.67807E-2 2.62885E-2 3.09647E-2 2.68469E-2 3.09216E-2 3.06899E-2 3.06732E-2 2.6099E-2 2.58599E-2 3.04005E-2 3.00953E-2 2.98389E-2 2.51694E-2 2.49046E-2 2.46293E-2 2.86111E-2 2.82653E-2 3.22728E-2 3.18943E-2 3.10631E-2 3.02672E-2 2.93936E-2 2.8503E-2 2.75983E-2 1.44247E-2 1.3908E-2 1.12422E-2 1.06082E-2 6.5492E-3 9.16469E-3 5.63219E-3 2.64971E-3 8.09606E-6 0E0 0E0 0E0 0E0 0E0 0E0 0E0 0E0 0E0 0E0 0E0 -9999 -9999 -9999 -9999 -9999 -9999 -9999 -9999 -9999 -9999 -9999 -9999 -9999 -9999 -9999 -9999 -9999 -9999 -9999 -9999 -9999 -9999 1.90954E-3 0E0 0E0 0E0 0E0 0E0 0E0 0E0 0E0
3.12609E-2 3.12617E-2 3.12617E-2 3.0673E-2 2.60846E-2 3.12295E-2 3.09848E-2 3.04162E-2 2.63582E-2 3.01379E-2 2.56078E-2 2.55929E-2 2.53849E-2 2.95295E-2 2.92735E-2 2.46434E-2 2.86111E-2 2.83197E-2 2.79538E-2 3.18971E-2 3.14508E-2 3.06678E-2 2.98039E-2 2.8978E-2 2.80795E-2 1.74227E-2 1.41576E-2 1.36386E-2 1.10478E-2 1.04053E-2 1.64902E-2 8.98261E-3 5.64104E-3 2.59163E-3 7.90807E-6 0E0 0E0 0E0 0E0 0E0 0E0 0E0 0E0 0E0 0E0 0E0 -9999 -9999 -9999 -9999 -9999 -9999 -9999 -9999 -9999 -9999 -9999 -9999 -9999 -9999 -9999 -9999 -9999 -9999 -9999 -9999 -9999 -9999 2.86532E-3 0E0 0E0 0E0 0E0 0E0 0E0 0E0 0E0
3.01261E-2 3.03731E-2 3.0941E-2 2.6308E-2 3.71304E-2 2.6308E-2 3.67984E-2 2.60869E-2 2.60869E-2 2.60869E-2 2.586E-2 2.53832E-2 2.95446E-2 2.48852E-2 2.89102E-2 2.86256E-2 2.83197E-2 2.79538E-2 3.22715E-2 3.18931E-2 3.10631E-2 3.02092E-2 2.93932E-2 2.8503E-2 2.75983E-2 1.7142E-2 1.4156E-2 1.3397E-2 1.28817E-2 1.02087E-2 1.61628E-2 1.1909E-2 8.38859E-3 2.5453E-3 7.74739E-6 0E0 0E0 0E0 0E0 0E0 0E0 0E0 0E0 0E0 0E0 0E0 -9999 -9999 -9999 -9999 -9999 -9999 -9999 -9999 -9999 -9999 -9999 -9999 -9999 -9999 -9999 -9999 -9999 -9999 -9999 -9999 -9999 -9999 3.71653E-3 3.48319E-5 0E0 0E0 0E0 0E0 0E0 0E0 0E0
3.45493E-2 4.32601E-2 4.32393E-2 3.68379E-2 4.3217E-2 4.32393E-2 3.68371E-2 4.28277E-2 3.03948E-2 3.03938E-2 3.01115E-2 2.92176E-2 2.92165E-2 2.89249E-2 2.86254E-2 2.83197E-2 2.79538E-2 3.22713E-2 3.18943E-2 3.10631E-2 3.06665E-2 2.98037E-2 2.8922E-2 2.80793E-2 1.74227E-2 1.68255E-2 1.39232E-2 1.31544E-2 1.2637E-2 2.0568E-2 1.58048E-2 1.19071E-2 8.20441E-3 5.01201E-3 1.54175E-5 0E0 0E0 0E0 0E0 0E0 0E0 0E0 0E0 0E0 0E0 0E0 -9999 -9999 -9999 -9999 -9999 -9999 -9999 -9999 -9999 -9999 -9999 -9999 -9999 -9999 -9999 -9999 -9999 -9999 -9999 -9999 -9999 -9999 -9999 2.13614E-3 9.75478E-4 0E0 0E0 0E0 0E0 0E0 0E0
3.47865E-2 4.28671E-2 4.28468E-2 4.2768E-2 4.27677E-2 4.28465E-2 4.24485E-2 4.2369E-2 4.23688E-2 4.196E-2 2.97619E-2 2.94649E-2 2.89237E-2 2.86254E-2 2.82653E-2 2.79536E-2 3.22715E-2 3.18336E-2 3.14506E-2 3.06678E-2 3.02078E-2 2.93365E-2 2.85028E-2 2.75983E-2 1.7142E-2 1.65416E-2 1.59365E-2 1.31598E-2 1.23923E-2 2.01631E-2 1.54774E-2 1.16296E-2 8.0197E-3 4.89349E-3 1.50437E-5 0E0 0E0 0E0 0E0 0E0 0E0 0E0 0E0 0E0 0E0 -9999 -9999 -9999 -9999 -9999 -9999 -9999 -9999 -9999 -9999 -9999 -9999 -9999 -9999 -9999 -9999 -9999 -9999 -9999 -9999 -9999 -9999 -9999 -9999 -9999 1.95771E-3 1.49835E-3 1.2424E-5 1.80178E-6 6.11362E-9 1.09114E-6 3.26611E-4
3.44389E-2 4.20009E-2 4.19587E-2 4.19586E-2 4.19586E-2 4.19586E-2 4.19586E-2 4.19586E-2 4.19799E-2 4.15404E-2 4.15386E-2 2.91599E-2 2.85695E-2 2.82651E-2 2.79534E-2 3.22713E-2 3.18943E-2 3.14506E-2 3.10614E-2 3.02105E-2 2.98022E-2 2.8922E-2 2.80793E-2 1.74226E-2 1.68255E-2 1.62229E-2 1.56485E-2 1.28888E-2 1.21214E-2 1.97187E-2 1.51496E-2 1.13759E-2 7.81961E-3 4.88273E-3 2.19798E-5 0E0 0E0 0E0 0E0 0E0 0E0 0E0 0E0 0E0 0E0 -9999 -9999 -9999 -9999 -9999 -9999 -9999 -9999 -9999 -9999 -9999 -9999 -9999 -9999 -9999 -9999 -9999 -9999 -9999 -9999 -9999 -9999 -9999 -9999 -9999 -9999 4.87303E-4 1.59825E-3 5.43577E-4 5.36481E-6 3.26213E-4 6.511E-4
3.40161E-2 4.79091E-2 4.15804E-2 4.15597E-2 4.15597E-2 4.15597E-2 4.15597E-2 4.15597E-2 3.40671E-2 4.11526E-2 4.10543E-2 4.05975E-2 2.87919E-2 2.79676E-2 3.22261E-2 3.18494E-2 3.14662E-2 3.10019E-2 3.06075E-2 3.02061E-2 2.93365E-2 2.85026E-2 2.75983E-2 1.71075E-2 1.65415E-2 1.59365E-2 1.53282E-2 1.26437E-2 2.39603E-2 1.93138E-2 1.47928E-2 1.11223E-2 7.63601E-3 4.76442E-3 2.20614E-3 0E0 0E0 0E0 0E0 0E0 0E0 0E0 0E0 0E0 0E0 -9999 -9999 -9999 -9999 -9999 -9999 -9999 -9999 -9999 -9999 -9999 -9999 -9999 -9999 -9999 -9999 -9999 -9999 -9999 -9999 -9999 -9999 -9999 -9999 -9999 -9999 -9999 3.37596E-3 5.93132E-4 6.53922E-4 3.28492E-4 3.23461E-4
3.26303E-2 3.36538E-2 4.74008E-2 4.74008E-2 4.74008E-2 4.74008E-2 4.74008E-2 4.73988E-2 3.26795E-2 3.33023E-2 4.68821E-2 4.01917E-2 4.01685E-2 3.78689E-2 3.67572E-2 3.63047E-2 3.57768E-2 3.06382E-2 3.02075E-2 2.93365E-2 2.89203E-2 2.80248E-2 1.74225E-2 1.68254E-2 1.62229E-2 1.56485E-2 1.5039E-2 1.23727E-2 2.34722E-2 1.89086E-2 1.44674E-2 1.08473E-2 7.43841E-3 4.64645E-3 2.04708E-5 0E0 0E0 0E0 0E0 0E0 0E0 0E0 0E0 0E0 0E0 -9999 -9999 -9999 -9999 -9999 -9999 -9999 -9999 -9999 -9999 -9999 -9999 -9999 -9999 -9999 -9999 -9999 -9999 -9999 -9999 -9999 -9999 -9999 -9999 -9999 -9999 -9999 -9999 -9999 2.89622E-3 2.54757E-4 2.84992E-6
3.6814E-2 3.28621E-2 4.68783E-2 4.68803E-2 4.68803E-2 4.68803E-2 4.68803E-2 4.62698E-2 3.28469E-2 3.67985E-2 4.62871E-2 5.30451E-2 5.2414E-2 3.74293E-2 3.62353E-2 3.64342E-2 3.53116E-2 3.54808E-2 2.97744E-2 2.89217E-2 2.846E-2 2.7598E-2 1.71075E-2 1.65079E-2 1.59363E-2 1.53282E-2 1.47488E-2 2.44591E-2 2.2939E-2 1.84667E-2 1.47304E-2 1.07913E-2 7.5747E-3 4.60403E-3 2.03065E-5 0E0 0E0 0E0 0E0 0E0 0E0 0E0 0E0 0E0 0E0 -9999 -9999 -9999 -9999 -9999 -9999 -9999 -9999 -9999 -9999 -9999 -9999 -9999 -9999 -9999 -9999 -9999 -9999 -9999 -9999 -9999 -9999 -9999 -9999 -9999 -9999 -9999 -9999 -9999 -9999 -9999 -9999
4.18408E-2 5.30884E-2 5.30427E-2 5.30427E-2 5.30667E-2 5.30671E-2 5.30427E-2 5.30667E-2 5.30407E-2 4.26723E-2 3.7448E-2 5.24098E-2 3.69012E-2 5.10298E-2 5.10254E-2 3.59606E-2 4.97053E-2 4.89406E-2 4.82566E-2 4.07015E-2 3.2855E-2 1.7396E-2 1.68253E-2 1.62229E-2 1.56166E-2 1.50388E-2 2.90559E-2 2.39242E-2 2.24518E-2 1.80629E-2 1.43595E-2 1.47473E-2 7.38925E-3 6.30964E-3 1.34464E-5 0E0 0E0 0E0 0E0 0E0 0E0 0E0 0E0 0E0 0E0 -9999 -9999 -9999 -9999 -9999 -9999 -9999 -9999 -9999 -9999 -9999 -9999 -9999 -9999 -9999 -9999 -9999 -9999 -9999 -9999 -9999 -9999 -9999 -9999 -9999 -9999 -9999 -9999 -9999 -9999 -9999 -9999
4.13269E-2 4.26033E-2 5.23613E-2 5.23397E-2 5.95617E-2 5.96949E-2 5.23637E-2 5.95592E-2 5.17254E-2 5.88179E-2 5.17211E-2 5.10529E-2 5.10252E-2 3.59769E-2 4.97277E-2 4.96095E-2 3.49257E-2 4.82566E-2 4.67908E-2 4.60875E-2 3.22959E-2 2.48352E-2 1.68235E-2 1.59363E-2 1.53281E-2 1.47185E-2 2.8481E-2 2.34371E-2 2.19217E-2 1.76593E-2 1.54977E-2 1.43822E-2 1.0102E-2 6.25557E-3 1.30832E-5 0E0 0E0 0E0 0E0 0E0 0E0 0E0 0E0 0E0 0E0 -9999 -9999 -9999 -9999 -9999 -9999 -9999 -9999 -9999 -9999 -9999 -9999 -9999 -9999 -9999 -9999 -9999 -9999 -9999 -9999 -9999 -9999 -9999 -9999 -9999 -9999 -9999 -9999 -9999 -9999 -9999 -9999
4.52917E-2 5.80264E-2 5.80872E-2 5.88369E-2 5.88394E-2 5.88394E-2 5.88394E-2 5.809E-2 5.80874E-2 5.80874E-2 5.73258E-2 5.73232E-2 4.96586E-2 5.64226E-2 3.97765E-2 4.83022E-2 4.75037E-2 4.6788E-2 4.60875E-2 4.52965E-2 2.85702E-2 2.43789E-2 2.3549E-2 1.59154E-2 1.50079E-2 2.90556E-2 2.78512E-2 2.29478E-2 2.14365E-2 2.45364E-2 1.5113E-2 1.40311E-2 9.84742E-3 4.14511E-3 9.73667E-6 0E0 0E0 0E0 0E0 0E0 0E0 0E0 0E0 0E0 0E0 -9999 -9999 -9999 -9999 -9999 -9999 -9999 -9999 -9999 -9999 -9999 -9999 -9999 -9999 -9999 -9999 -9999 -9999 -9999 -9999 -9999 -9999 -9999 -9999 -9999 -9999 -9999 -9999 -9999 -9999 -9999 -9999
4.45883E-2 4.61331E-2 5.72388E-2 5.7218E-2 5.7218E-2 5.7218E-2 5.7218E-2 5.7218E-2 5.72154E-2 5.72154E-2 5.64481E-2 5.64429E-2 5.56672E-2 5.56619E-2 5.47742E-2 5.39778E-2 5.31748E-2 4.60426E-2 4.52963E-2 2.90395E-2 2.80944E-2 2.39808E-2 2.30901E-2 2.22603E-2 3.01656E-2 2.89405E-2 2.72746E-2 2.19335E-2 2.09089E-2 2.39592E-2 1.47722E-2 1.3655E-2 9.74639E-3 4.03106E-3 9.46061E-6 0E0 0E0 0E0 0E0 0E0 0E0 0E0 0E0 0E0 -9999 -9999 -9999 -9999 -9999 -9999 -9999 -9999 -9999 -9999 -9999 -9999 -9999 -9999 -9999 -9999 -9999 -9999 -9999 -9999 -9999 -9999 -9999 -9999 -9999 -9999 -9999 -9999 -9999 -9999 -9999 -9999 -9999
4.32296E-2 4.47558E-2 5.56075E-2 5.644E-2 5.64662E-2 5.6443E-2 5.64429E-2 5.64429E-2 5.56672E-2 5.56645E-2 5.55594E-2 5.47765E-2 5.47712E-2 5.39808E-2 5.31775E-2 5.22704E-2 5.14554E-2 5.14496E-2 2.90655E-2 2.80389E-2 2.75577E-2 2.65986E-2 2.26954E-2 2.17981E-2 4.10972E-2 2.83541E-2 2.65533E-2 2.18379E-2 2.90771E-2 1.91846E-2 1.82155E-2 1.33192E-2 9.49049E-3 3.00001E-3 9.18641E-6 0E0 0E0 0E0 0E0 0E0 0E0 0E0 0E0 0E0 -9999 -9999 -9999 -9999 -9999 -9999 -9999 -9999 -9999 -9999 -9999 -9999 -9999 -9999 -9999 -9999 -9999 -9999 -9999 -9999 -9999 -9999 -9999 -9999 -9999 -9999 -9999 -9999 -9999 -9999 -9999 -9999 -9999
4.25773E-2 4.25985E-2 6.16582E-2 5.48185E-2 6.16411E-2 5.48189E-2 5.47964E-2 5.47964E-2 5.47937E-2 5.47709E-2 5.39805E-2 5.39751E-2 5.31775E-2 5.31721E-2 5.22677E-2 5.14551E-2 3.30244E-2 3.24119E-2 3.18626E-2 2.757E-2 2.65455E-2 2.60589E-2 2.50407E-2 4.12156E-2 3.94996E-2 3.78261E-2 3.62277E-2 2.97682E-2 2.83493E-2 1.87308E-2 1.73229E-2 1.31779E-2 6.3033E-3 2.91342E-3 1.3326E-5 0E0 0E0 0E0 0E0 0E0 0E0 0E0 0E0 0E0 -9999 -9999 -9999 -9999 -9999 -9999 -9999 -9999 -9999 -9999 -9999 -9999 -9999 -9999 -9999 -9999 -9999 -9999 -9999 -9999 -9999 -9999 -9999 -9999 -9999 -9999 -9999 -9999 -9999 -9999 -9999 -9999 -9999
4.12037E-2 4.68294E-2 5.97446E-2 6.06341E-2 6.06372E-2 6.07493E-2 6.07497E-2 6.07497E-2 5.98363E-2 5.31169E-2 5.30949E-2 5.22702E-2 5.22644E-2 5.14523E-2 3.30243E-2 3.29557E-2 3.24115E-2 3.13146E-2 3.06975E-2 2.65555E-2 2.60067E-2 2.50405E-2 4.8017E-2 4.61692E-2 3.86627E-2 3.70263E-2 3.53632E-2 2.90924E-2 2.76795E-2 1.82548E-2 1.6878E-2 1.28288E-2 6.11566E-3 2.82749E-3 1.31109E-3 4.03649E-6 0E0 0E0 0E0 0E0 0E0 0E0 0E0 0E0 -9999 -9999 -9999 -9999 -9999 -9999 -9999 -9999 -9999 -9999 -9999 -9999 -9999 -9999 -9999 -9999 -9999 -9999 -9999 -9999 -9999 -9999 0E0 0E0 -9999 -9999 -9999 -9999 -9999 -9999 -9999 -9999 -9999
2.86295E-2 4.52557E-2 4.1973E-2 5.87935E-2 5.87938E-2 5.87938E-2 5.87938E-2 5.87938E-2 5.87938E-2 5.78683E-2 5.78652E-2 5.14706E-2 3.29591E-2 3.24133E-2 3.24096E-2 3.18626E-2 3.12488E-2 3.06953E-2 3.01399E-2 2.60298E-2 2.50405E-2 4.8017E-2 4.61692E-2 4.51509E-2 4.33009E-2 3.61738E-2 3.45658E-2 2.83772E-2 2.70095E-2 2.11101E-2 1.67062E-2 8.5313E-3 4.56618E-3 2.74119E-3 1.27022E-3 3.90607E-6 0E0 0E0 0E0 0E0 0E0 0E0 0E0 0E0 -9999 -9999 -9999 -9999 -9999 -9999 -9999 -9999 -9999 -9999 -9999 -9999 -9999 -9999 -9999 -9999 -9999 -9999 -9999 -9999 -9999 1.8707E-3 0E0 0E0 0E0 1.00981E-3 -9999 -9999 -9999 -9999 -9999 -9999 -9999
2.80843E-2 2.80859E-2 2.86365E-2 2.61338E-2 3.71039E-2 3.71038E-2 3.71059E-2 3.71059E-2 3.71038E-2 3.71038E-2 3.71038E-2 3.24266E-2 3.23587E-2 3.18123E-2 3.12614E-2 3.06972E-2 3.01418E-2 2.95256E-2 2.89676E-2 2.84089E-2 4.80586E-2 4.61892E-2 4.5151E-2 4.3304E-2 4.13768E-2 3.46011E-2 3.29232E-2 3.13546E-2 2.56495E-2 2.08854E-2 1.62711E-2 1.04731E-2 5.97151E-3 4.02832E-3 1.23536E-3 7.55856E-6 0E0 0E0 0E0 0E0 0E0 0E0 0E0 0E0 -9999 -9999 -9999 -9999 -9999 -9999 -9999 -9999 -9999 -9999 -9999 -9999 -9999 -9999 -9999 -9999 -9999 -9999 -9999 -9999 3.93686E-3 2.47997E-4 0E0 0E0 0E0 0E0 0E0 1.5303E-3 -9999 -9999 -9999 -9999 -9999
2.70361E-2 2.70361E-2 2.75879E-2 2.81139E-2 3.58089E-2 3.57953E-2 3.64047E-2 3.64205E-2 3.57977E-2 3.57935E-2 3.57799E-2 3.18235E-2 3.51388E-2 3.45199E-2 3.38878E-2 3.01024E-2 2.95353E-2 2.89658E-2 5.54165E-2 5.43565E-2 5.22404E-2 5.10764E-2 4.33226E-2 4.22929E-2 4.04527E-2 3.85486E-2 3.21673E-2 3.05169E-2 2.4992E-2 2.03335E-2 1.31217E-2 7.81559E-3 5.62093E-3 3.8919E-3 2.39932E-3 1.10985E-3 3.27307E-6 0E0 0E0 0E0 0E0 0E0 0E0 0E0 -9999 -9999 -9999 -9999 -9999 -9999 -9999 -9999 -9999 -9999 -9999 -9999 -9999 -9999 -9999 -9999 -9999 -9999 -9999 6.71579E-3 1.67048E-3 2.40275E-4 1.2131E-4 1.20073E-6 5.52456E-7 9.53948E-7 0E0 0E0 3.05639E-3 -9999 -9999 -9999 -9999
2.5984E-2 2.59857E-2 2.65356E-2 2.65393E-2 2.75485E-2 3.91389E-2 3.51763E-2 3.91893E-2 3.92031E-2 3.8503E-2 3.45438E-2 3.45178E-2 3.3818E-2 3.31853E-2 3.3181E-2 3.25472E-2 6.212E-2 5.43812E-2 5.32951E-2 5.22333E-2 5.10764E-2 4.89639E-2 4.23292E-2 4.04699E-2 3.85486E-2 3.76314E-2 3.57558E-2 2.97683E-2 2.47319E-2 1.97563E-2 1.27461E-2 7.34541E-3 6.88322E-3 3.77452E-3 2.31778E-3 2.15239E-3 1.92701E-5 0E0 0E0 0E0 0E0 0E0 0E0 0E0 -9999 -9999 -9999 -9999 -9999 -9999 -9999 -9999 -9999 -9999 -9999 -9999 -9999 -9999 -9999 -9999 -9999 -9999 -9999 3.84273E-3 4.20351E-4 3.60697E-4 2.40457E-4 1.65496E-4 1.68198E-4 2.86994E-4 4.8606E-4 4.8516E-6 5.81994E-6 1.2387E-3 3.06995E-3 -9999 -9999
2.49835E-2 2.54824E-2 2.54931E-2 2.60433E-2 2.60377E-2 2.65329E-2 3.77069E-2 3.38412E-2 3.38287E-2 3.69805E-2 3.69757E-2 3.31935E-2 3.2482E-2 6.33162E-2 6.21196E-2 6.0917E-2 5.97179E-2 5.32351E-2 5.11033E-2 5.00194E-2 4.89568E-2 4.78095E-2 4.57075E-2 4.35357E-2 3.76633E-2 3.57559E-2 3.397E-2 3.27069E-2 2.70762E-2 1.50931E-2 9.21446E-3 8.64419E-3 6.65665E-3 4.90289E-3 3.38914E-3 2.07747E-3 1.94857E-3 5.70611E-6 0E0 0E0 0E0 0E0 0E0 0E0 -9999 -9999 -9999 -9999 -9999 -9999 -9999 -9999 -9999 -9999 -9999 -9999 -9999 -9999 -9999 -9999 -9999 -9999 6.75787E-3 5.9728E-4 5.99988E-4 4.80146E-4 2.4865E-4 2.52149E-4 8.53212E-4 8.57212E-4 1.44957E-3 9.7296E-4 1.36195E-3 8.80652E-4 1.06724E-3 2.48865E-3 2.84829E-3
4.79269E-2 4.89018E-2 5.40296E-2 5.41694E-2 2.49908E-2 4.99803E-2 4.99803E-2 7.04034E-2 3.62688E-2 7.04038E-2 6.21651E-2 6.2138E-2 6.09211E-2 6.0913E-2 5.97138E-2 5.84065E-2 5.83978E-2 5.72006E-2 5.60004E-2 4.89036E-2 4.67623E-2 4.5704E-2 4.35354E-2 4.24896E-2 4.0356E-2 3.39986E-2 3.35941E-2 3.18166E-2 1.80179E-2 1.12335E-2 1.05521E-2 8.36041E-3 7.81105E-3 4.74351E-3 3.26566E-3 5.94601E-3 1.81193E-3 1.09589E-5 0E0 0E0 0E0 0E0 0E0 0E0 -9999 -9999 -9999 -9999 -9999 -9999 -9999 -9999 -9999 -9999 -9999 -9999 -9999 -9999 -9999 -9999 -9999 -9999 6.75873E-3 5.97915E-4 5.96959E-4 4.1329E-4 4.20036E-4 1.13743E-3 1.1418E-3 1.93185E-3 1.9371E-3 2.71554E-3 2.71812E-3 2.6195E-3 2.61851E-3 3.1852E-3 2.12883E-3
4.58807E-2 4.68695E-2 4.69485E-2 5.18407E-2 4.79401E-2 4.79269E-2 4.79269E-2 4.79269E-2 4.87845E-2 6.75712E-2 6.63513E-2 6.62257E-2 5.96391E-2 5.84022E-2 5.72006E-2 5.72174E-2 5.58964E-2 5.4699E-2 5.35046E-2 5.2313E-2 4.56533E-2 4.3552E-2 4.24086E-2 4.03558E-2 3.92518E-2 3.78874E-2 3.17841E-2 2.05601E-2 1.30228E-2 1.08977E-2 9.87877E-3 9.22986E-3 7.27486E-3 5.56472E-3 8.33086E-3 5.95655E-3 3.49061E-3 6.35195E-3 3.90579E-5 0E0 0E0 0E0 0E0 0E0 -9999 -9999 -9999 -9999 -9999 -9999 -9999 -9999 -9999 -9999 -9999 -9999 -9999 -9999 -9999 -9999 -9999 -9999 5.28681E-3 6.77418E-4 5.00192E-4 5.03681E-4 1.70388E-3 1.42877E-3 2.41395E-3 2.41723E-3 3.39286E-3 3.39611E-3 3.39708E-3 3.48936E-3 3.49155E-3 4.24008E-3 3.18994E-3
4.38464E-2 4.95714E-2 4.49216E-2 4.49062E-2 4.58778E-2 4.5881E-2 4.5881E-2 4.5881E-2 4.5881E-2 4.49979E-2 4.58026E-2 6.35254E-2 6.21868E-2 5.60168E-2 5.47034E-2 6.06986E-2 5.35432E-2 5.22148E-2 5.10282E-2 4.98457E-2 4.8668E-2 4.74049E-2 4.03835E-2 3.92669E-2 3.78874E-2 3.57962E-2 3.47903E-2 1.99313E-2 1.26306E-2 1.18154E-2 1.10555E-2 8.90483E-3 7.0218E-3 6.49646E-3 1.01153E-2 7.38937E-3 5.05653E-3 1.22381E-2 6.1638E-3 1.89738E-5 0E0 0E0 0E0 0E0 -9999 -9999 -9999 -9999 -9999 -9999 -9999 -9999 -9999 -9999 -9999 -9999 -9999 -9999 -9999 -9999 -9999 3.12573E-3 2.54693E-3 6.71162E-4 5.87563E-4 1.98655E-3 1.99586E-3 3.37598E-3 2.90141E-3 2.90373E-3 4.06983E-3 4.07532E-3 4.35854E-3 4.36199E-3 5.3009E-3 4.24962E-3 4.98173E-3
