day_2/Results/Podomys_floridanus/projections/PaleoClim/-21000/R_clampingUN_1.asc
ncols         385
nrows         252
xllcorner     -91.50013924285
yllcorner     25.49986064915003
cellsize      0.041666666500000005
NODATA_value  -9999
[rows 210 to 244 of 252, columns 231 to 307 of 385]
9.14219E-3 7.47098E-3 9.14693E-3 9.09102E-3 9.12907E-3 9.12531E-3 9.12091E-3 9.15458E-3 1.0788E-2 1.07899E-2 1.06876E-2 2.80106E-2 1.0931E-2 2.79615E-2 1.05644E-2 1.19063E-2 1.18354E-2 1.16583E-2 1.1689E-2 1.16714E-2 9.9284E-3 1.12457E-2 9.6489E-3 9.52686E-3 7.99126E-3 8.33917E-3 8.1998E-3 6.63723E-3 3.91437E-3 2.59689E-3 9.35138E-4 3.00398E-6 0E0 0E0 0E0 0E0 0E0 0E0 0E0 0E0 0E0 0E0 0E0 0E0 0E0 0E0 0E0 -9999 -9999 -9999 -9999 -9999 -9999 -9999 -9999 -9999 -9999 -9999 -9999 -9999 -9999 -9999 -9999 -9999 2.46645E-3 0E0 0E0 0E0 0E0 0E0 0E0 0E0 0E0 0E0 0E0 0E0 0E0
8.99387E-3 9.12962E-3 9.01774E-3 8.97064E-3 9.10582E-3 9.02845E-3 9.13668E-3 1.07079E-2 1.06512E-2 1.06174E-2 1.05841E-2 1.09647E-2 2.8211E-2 2.32717E-2 1.04814E-2 1.19686E-2 1.19082E-2 1.1709E-2 1.16262E-2 1.14642E-2 1.15044E-2 9.7611E-3 9.51768E-3 9.45855E-3 9.94306E-3 8.15177E-3 7.96915E-3 6.54228E-3 5.13048E-3 3.79292E-3 9.30335E-4 2.96454E-6 0E0 0E0 0E0 0E0 0E0 0E0 0E0 0E0 0E0 0E0 0E0 0E0 0E0 0E0 0E0 -9999 -9999 -9999 -9999 -9999 -9999 -9999 -9999 -9999 -9999 -9999 -9999 -9999 -9999 -9999 -9999 -9999 0E0 0E0 0E0 0E0 0E0 0E0 0E0 0E0 0E0 0E0 0E0 0E0 0E0
8.99444E-3 9.03736E-3 9.01852E-3 8.99955E-3 9.0192E-3 9.01684E-3 1.07013E-2 1.07369E-2 1.0689E-2 1.05824E-2 1.22588E-2 1.06717E-2 2.8107E-2 2.33439E-2 1.04878E-2 1.20273E-2 1.17481E-2 1.16831E-2 1.15376E-2 1.1536E-2 9.84357E-3 9.79174E-3 9.54363E-3 9.4012E-3 8.31636E-3 8.06153E-3 7.97521E-3 7.71473E-3 6.38576E-3 2.79325E-3 9.10339E-4 2.97981E-6 0E0 0E0 0E0 0E0 0E0 0E0 0E0 0E0 0E0 0E0 0E0 0E0 0E0 0E0 0E0 -9999 -9999 -9999 -9999 -9999 -9999 -9999 -9999 -9999 -9999 -9999 -9999 -9999 -9999 -9999 -9999 -9999 0E0 1.93335E-3 0E0 0E0 0E0 0E0 0E0 0E0 0E0 0E0 0E0 0E0 0E0
8.9619E-3 8.96235E-3 8.93002E-3 8.91177E-3 1.05841E-2 1.05619E-2 1.07221E-2 1.07284E-2 1.05904E-2 1.05193E-2 1.21698E-2 1.22968E-2 2.31909E-2 2.81017E-2 1.05426E-2 1.18884E-2 1.18436E-2 1.15576E-2 1.15041E-2 1.15046E-2 9.79344E-3 9.58154E-3 9.5341E-3 9.99913E-3 9.77469E-3 8.03436E-3 7.84124E-3 6.44332E-3 6.21152E-3 3.65871E-3 1.81039E-3 1.18013E-5 0E0 0E0 0E0 0E0 0E0 0E0 0E0 0E0 0E0 0E0 0E0 0E0 0E0 0E0 0E0 -9999 -9999 -9999 -9999 -9999 -9999 -9999 -9999 -9999 -9999 -9999 -9999 -9999 -9999 -9999 -9999 -9999 0E0 1.4308E-3 0E0 0E0 0E0 0E0 0E0 0E0 0E0 0E0 0E0 0E0 0E0
8.98644E-3 8.96308E-3 8.95881E-3 1.05694E-2 1.05756E-2 1.05468E-2 1.22201E-2 1.06143E-2 1.06371E-2 1.05684E-2 1.05744E-2 1.06168E-2 2.71061E-2 1.06794E-2 1.05027E-2 1.02312E-2 1.00763E-2 1.16756E-2 1.1409E-2 9.84853E-3 9.77524E-3 9.53259E-3 9.36925E-3 9.75408E-3 9.69677E-3 9.43128E-3 7.83506E-3 6.33272E-3 4.56471E-3 3.61244E-3 2.63966E-3 1.72211E-3 0E0 0E0 0E0 0E0 0E0 0E0 0E0 0E0 0E0 0E0 0E0 0E0 0E0 0E0 0E0 -9999 -9999 -9999 -9999 -9999 -9999 -9999 -9999 -9999 -9999 -9999 -9999 -9999 -9999 -9999 -9999 -9999 0E0 0E0 0E0 2.54759E-3 0E0 0E0 0E0 0E0 0E0 0E0 0E0 0E0 0E0
8.91076E-3 8.89666E-3 1.04933E-2 1.04873E-2 1.07048E-2 1.04772E-2 1.20646E-2 1.22742E-2 1.22806E-2 1.04678E-2 1.06335E-2 1.05593E-2 1.0597E-2 1.04447E-2 1.0315E-2 1.01704E-2 1.01421E-2 1.1615E-2 1.14103E-2 1.13991E-2 1.11457E-2 9.45424E-3 9.95379E-3 9.70748E-3 9.50561E-3 9.30303E-3 7.817E-3 7.64011E-3 4.55479E-3 3.54133E-3 2.6343E-3 1.70722E-3 5.55109E-6 0E0 0E0 0E0 0E0 0E0 0E0 0E0 0E0 0E0 0E0 0E0 0E0 0E0 0E0 -9999 -9999 -9999 -9999 -9999 -9999 -9999 -9999 -9999 -9999 -9999 -9999 -9999 -9999 -9999 -9999 -9999 -9999 0E0 9.16551E-4 9.73109E-3 4.34468E-3 4.82925E-3 5.25303E-4 0E0 0E0 0E0 0E0 0E0 0E0
8.88715E-3 8.89669E-3 1.05242E-2 1.04903E-2 1.05577E-2 1.05975E-2 1.05529E-2 1.05983E-2 1.05654E-2 1.21647E-2 1.0604E-2 1.05347E-2 1.04447E-2 1.03988E-2 1.03399E-2 1.01652E-2 1.01079E-2 9.98669E-3 9.88363E-3 1.11767E-2 1.10778E-2 1.08565E-2 9.81432E-3 9.58311E-3 9.48482E-3 9.27332E-3 7.67044E-3 7.58188E-3 4.57524E-3 4.40715E-3 2.59364E-3 8.6136E-4 2.80882E-6 0E0 0E0 0E0 0E0 0E0 0E0 0E0 0E0 0E0 0E0 0E0 0E0 0E0 0E0 -9999 -9999 -9999 -9999 -9999 -9999 -9999 -9999 -9999 -9999 -9999 -9999 -9999 -9999 -9999 -9999 -9999 -9999 -9999 0E0 4.98699E-3 1.1501E-2 6.85821E-3 8.06896E-4 2.59393E-4 0E0 0E0 0E0 0E0 0E0
8.85629E-3 8.85086E-3 1.05978E-2 1.05362E-2 1.05814E-2 1.06216E-2 1.05535E-2 1.0593E-2 1.06847E-2 1.05283E-2 1.0479E-2 1.04386E-2 1.04553E-2 1.0294E-2 1.02887E-2 1.02034E-2 9.99792E-3 1.00515E-2 9.79568E-3 9.71824E-3 1.09609E-2 1.14143E-2 1.12491E-2 9.53251E-3 9.3139E-3 9.24555E-3 9.02965E-3 5.53861E-3 4.47318E-3 4.39034E-3 3.43951E-3 1.72201E-3 8.34897E-6 0E0 0E0 0E0 0E0 0E0 0E0 0E0 0E0 0E0 0E0 0E0 0E0 0E0 -9999 -9999 -9999 -9999 -9999 -9999 -9999 -9999 -9999 -9999 -9999 -9999 -9999 -9999 -9999 -9999 -9999 -9999 -9999 -9999 0E0 0E0 1.38662E-2 1.35843E-2 5.6366E-3 5.32291E-4 0E0 0E0 0E0 0E0 0E0
1.05214E-2 8.87781E-3 1.04709E-2 1.04364E-2 1.04481E-2 1.04985E-2 1.04933E-2 1.05047E-2 1.0545E-2 1.05188E-2 1.0564E-2 1.03642E-2 1.03269E-2 1.02941E-2 1.0254E-2 1.00983E-2 1.00124E-2 9.96106E-3 9.75179E-3 9.59956E-3 1.09446E-2 1.14849E-2 1.10965E-2 9.51146E-3 9.28445E-3 9.05553E-3 8.94964E-3 5.51583E-3 5.37147E-3 4.29511E-3 3.37361E-3 2.48546E-3 1.93093E-3 0E0 0E0 0E0 0E0 0E0 0E0 0E0 0E0 0E0 0E0 0E0 0E0 0E0 -9999 -9999 -9999 -9999 -9999 -9999 -9999 -9999 -9999 -9999 -9999 -9999 -9999 -9999 -9999 -9999 -9999 -9999 -9999 -9999 -9999 6.19937E-3 1.71731E-2 1.30947E-2 4.75624E-3 1.02885E-3 0E0 0E0 0E0 0E0 0E0
1.03518E-2 1.03631E-2 1.04722E-2 1.04499E-2 1.05412E-2 1.03525E-2 1.04435E-2 1.04663E-2 1.05811E-2 1.05706E-2 1.04719E-2 1.04182E-2 1.02998E-2 1.01622E-2 1.01259E-2 1.00911E-2 9.86195E-3 9.82737E-3 9.68789E-3 9.59663E-3 1.14941E-2 9.97234E-3 1.11678E-2 1.08884E-2 9.33514E-3 9.03002E-3 8.80257E-3 6.47463E-3 5.32338E-3 4.3306E-3 3.36909E-3 2.49617E-3 3.79097E-3 1.85136E-3 0E0 0E0 0E0 0E0 0E0 0E0 0E0 0E0 0E0 0E0 0E0 0E0 -9999 -9999 -9999 -9999 -9999 -9999 -9999 -9999 -9999 -9999 -9999 -9999 -9999 -9999 -9999 -9999 -9999 -9999 -9999 -9999 -9999 3.6861E-3 1.63065E-2 1.80842E-6 0E0 0E0 0E0 0E0 0E0 0E0 0E0
1.0403E-2 1.03917E-2 1.03802E-2 1.03744E-2 1.04141E-2 1.03978E-2 1.03624E-2 1.19578E-2 1.19896E-2 1.0429E-2 1.03684E-2 1.02647E-2 1.17535E-2 1.17192E-2 1.01022E-2 9.94309E-3 1.13857E-2 1.11989E-2 1.11107E-2 1.10187E-2 1.15525E-2 1.13236E-2 1.11816E-2 1.08294E-2 1.05608E-2 8.98052E-3 6.52212E-3 6.35049E-3 5.24359E-3 4.3214E-3 3.34159E-3 5.80351E-3 3.70857E-3 1.80988E-3 0E0 0E0 0E0 0E0 0E0 0E0 0E0 0E0 0E0 0E0 0E0 0E0 -9999 -9999 -9999 -9999 -9999 -9999 -9999 -9999 -9999 -9999 -9999 -9999 -9999 -9999 -9999 -9999 -9999 -9999 -9999 -9999 -9999 -9999 3.32273E-3 0E0 0E0 0E0 0E0 0E0 0E0 0E0 0E0
1.03428E-2 1.03428E-2 1.03259E-2 1.02803E-2 1.20112E-2 1.04806E-2 1.18856E-2 1.18429E-2 1.19019E-2 1.02981E-2 1.02641E-2 1.18907E-2 1.16998E-2 1.15918E-2 1.00203E-2 9.95076E-3 9.80426E-3 1.11759E-2 1.10185E-2 1.16385E-2 1.15628E-2 1.12835E-2 1.12327E-2 1.08741E-2 1.05368E-2 1.02642E-2 6.4743E-3 6.30857E-3 5.27073E-3 5.10892E-3 3.36896E-3 5.76453E-3 3.69616E-3 1.79168E-3 5.71512E-6 0E0 0E0 0E0 0E0 0E0 0E0 0E0 0E0 0E0 0E0 0E0 -9999 -9999 -9999 -9999 -9999 -9999 -9999 -9999 -9999 -9999 -9999 -9999 -9999 -9999 -9999 -9999 -9999 -9999 -9999 -9999 -9999 -9999 7.34031E-3 0E0 0E0 0E0 0E0 0E0 0E0 0E0 0E0
1.19929E-2 1.19865E-2 1.20133E-2 1.19088E-2 1.02871E-2 1.19622E-2 1.19572E-2 1.19175E-2 1.03547E-2 1.18585E-2 1.01529E-2 1.01584E-2 1.01467E-2 1.16065E-2 1.15443E-2 9.87614E-3 1.12839E-2 1.12384E-2 1.1067E-2 1.16097E-2 1.13695E-2 1.12396E-2 1.10012E-2 1.08712E-2 1.05051E-2 1.02567E-2 6.36995E-3 6.2135E-3 5.24899E-3 5.0586E-3 9.79352E-3 5.66739E-3 3.71539E-3 1.78119E-3 5.68108E-6 0E0 0E0 0E0 0E0 0E0 0E0 0E0 0E0 0E0 0E0 0E0 -9999 -9999 -9999 -9999 -9999 -9999 -9999 -9999 -9999 -9999 -9999 -9999 -9999 -9999 -9999 -9999 -9999 -9999 -9999 -9999 -9999 -9999 1.05254E-2 0E0 0E0 0E0 0E0 0E0 0E0 0E0 0E0
1.17756E-2 1.18227E-2 1.19023E-2 1.02691E-2 2.57739E-2 1.02804E-2 2.56859E-2 1.02438E-2 1.0221E-2 1.02321E-2 1.02269E-2 1.01805E-2 1.17098E-2 9.98266E-3 1.13989E-2 1.13274E-2 1.12961E-2 1.11183E-2 1.17192E-2 1.17439E-2 1.13567E-2 1.11009E-2 1.09626E-2 1.06309E-2 1.03503E-2 7.62843E-3 6.45552E-3 6.17712E-3 6.04904E-3 5.04873E-3 9.67682E-3 7.50332E-3 5.45895E-3 1.75345E-3 5.65698E-6 0E0 0E0 0E0 0E0 0E0 0E0 0E0 0E0 0E0 0E0 0E0 -9999 -9999 -9999 -9999 -9999 -9999 -9999 -9999 -9999 -9999 -9999 -9999 -9999 -9999 -9999 -9999 -9999 -9999 -9999 -9999 -9999 -9999 2.23932E-2 1.27904E-5 0E0 0E0 0E0 0E0 0E0 0E0 0E0
1.3346E-2 2.97003E-2 2.98908E-2 2.58061E-2 2.9705E-2 2.97192E-2 2.57523E-2 2.96942E-2 1.18725E-2 1.18326E-2 1.17616E-2 1.15199E-2 1.15366E-2 1.14558E-2 1.14465E-2 1.1361E-2 1.1144E-2 1.186E-2 1.1765E-2 1.14951E-2 1.14434E-2 1.10983E-2 1.0737E-2 1.05984E-2 1.03447E-2 7.5052E-3 6.42617E-3 6.175E-3 5.98555E-3 1.18328E-2 9.51129E-3 7.5343E-3 5.4215E-3 3.44697E-3 1.11598E-5 0E0 0E0 0E0 0E0 0E0 0E0 0E0 0E0 0E0 0E0 0E0 -9999 -9999 -9999 -9999 -9999 -9999 -9999 -9999 -9999 -9999 -9999 -9999 -9999 -9999 -9999 -9999 -9999 -9999 -9999 -9999 -9999 -9999 -9999 2.14235E-2 1.73803E-4 0E0 0E0 0E0 0E0 0E0 0E0
1.32676E-2 2.97035E-2 2.99735E-2 2.94457E-2 2.94133E-2 2.97222E-2 2.96146E-2 2.92912E-2 2.92592E-2 1.16881E-2 1.1642E-2 1.15666E-2 1.15702E-2 1.14994E-2 1.12284E-2 1.12267E-2 1.18678E-2 1.16674E-2 1.16277E-2 1.14045E-2 1.12509E-2 1.09232E-2 1.07764E-2 1.05058E-2 7.65665E-3 7.44166E-3 7.24121E-3 6.24839E-3 5.98163E-3 1.17196E-2 9.43702E-3 7.38268E-3 5.35675E-3 3.39495E-3 1.10774E-5 0E0 0E0 0E0 0E0 0E0 0E0 0E0 0E0 0E0 0E0 -9999 -9999 -9999 -9999 -9999 -9999 -9999 -9999 -9999 -9999 -9999 -9999 -9999 -9999 -9999 -9999 -9999 -9999 -9999 -9999 -9999 -9999 -9999 -9999 -9999 3.08352E-2 3.8552E-3 2.06018E-6 8.7731E-8 2.98392E-10 5.81331E-7 2.85707E-3
1.32602E-2 2.9292E-2 2.93599E-2 2.93137E-2 2.93755E-2 2.92984E-2 2.92675E-2 2.93134E-2 2.92801E-2 2.91781E-2 2.92046E-2 1.15852E-2 1.13909E-2 1.13603E-2 1.12528E-2 1.19081E-2 1.19149E-2 1.16841E-2 1.16217E-2 1.13112E-2 1.12488E-2 1.09995E-2 1.08141E-2 1.04805E-2 7.56069E-3 7.3345E-3 7.22451E-3 6.12055E-3 5.86364E-3 1.15319E-2 9.43081E-3 7.31583E-3 5.25568E-3 3.37804E-3 1.64181E-5 0E0 0E0 0E0 0E0 0E0 0E0 0E0 0E0 0E0 0E0 -9999 -9999 -9999 -9999 -9999 -9999 -9999 -9999 -9999 -9999 -9999 -9999 -9999 -9999 -9999 -9999 -9999 -9999 -9999 -9999 -9999 -9999 -9999 -9999 -9999 -9999 3.68901E-2 1.01705E-2 1.31446E-4 2.7724E-7 7.7624E-4 3.55171E-3
1.30798E-2 3.28977E-2 2.92794E-2 2.9252E-2 2.92517E-2 2.9265E-2 2.93424E-2 2.92346E-2 1.32758E-2 2.91818E-2 2.87888E-2 2.85831E-2 1.14131E-2 1.13291E-2 1.1913E-2 1.1801E-2 1.17637E-2 1.1472E-2 1.14694E-2 1.14507E-2 1.11307E-2 1.09562E-2 1.06384E-2 7.64726E-3 7.52822E-3 7.32177E-3 7.12281E-3 6.09567E-3 1.37648E-2 1.14899E-2 9.27714E-3 7.28433E-3 5.20186E-3 3.35789E-3 1.60655E-3 0E0 0E0 0E0 0E0 0E0 0E0 0E0 0E0 0E0 0E0 -9999 -9999 -9999 -9999 -9999 -9999 -9999 -9999 -9999 -9999 -9999 -9999 -9999 -9999 -9999 -9999 -9999 -9999 -9999 -9999 -9999 -9999 -9999 -9999 -9999 -9999 -9999 4.55266E-2 2.70021E-2 1.01843E-2 2.78005E-4 2.75686E-4
1.28024E-2 1.30541E-2 3.27808E-2 3.28338E-2 3.27647E-2 3.28336E-2 3.27303E-2 3.29677E-2 1.29735E-2 1.30594E-2 3.27036E-2 2.8635E-2 2.86621E-2 1.35914E-2 1.34634E-2 1.34175E-2 1.31466E-2 1.15337E-2 1.1505E-2 1.11897E-2 1.11363E-2 1.0846E-2 1.06261E-2 7.65814E-3 7.4253E-3 7.29644E-3 7.07381E-3 5.98528E-3 1.3725E-2 1.14546E-2 9.22896E-3 7.12688E-3 5.10264E-3 3.3186E-3 2.55091E-5 0E0 0E0 0E0 0E0 0E0 0E0 0E0 0E0 0E0 0E0 -9999 -9999 -9999 -9999 -9999 -9999 -9999 -9999 -9999 -9999 -9999 -9999 -9999 -9999 -9999 -9999 -9999 -9999 -9999 -9999 -9999 -9999 -9999 -9999 -9999 -9999 -9999 -9999 -9999 4.1868E-2 1.53593E-2 6.20334E-6
1.42541E-2 1.2816E-2 3.2701E-2 3.2721E-2 3.27735E-2 3.26864E-2 3.28788E-2 3.20444E-2 1.28674E-2 1.43818E-2 3.2289E-2 3.39701E-2 1.35721E-2 1.35762E-2 1.3291E-2 1.3272E-2 1.31333E-2 1.31538E-2 1.13574E-2 1.11899E-2 1.10262E-2 1.08693E-2 7.83542E-3 7.5742E-3 7.42491E-3 7.19885E-3 7.07782E-3 1.41029E-2 1.346E-2 1.126E-2 9.3281E-3 7.08313E-3 5.12148E-3 3.26076E-3 2.5324E-5 0E0 0E0 0E0 0E0 0E0 0E0 0E0 0E0 0E0 0E0 -9999 -9999 -9999 -9999 -9999 -9999 -9999 -9999 -9999 -9999 -9999 -9999 -9999 -9999 -9999 -9999 -9999 -9999 -9999 -9999 -9999 -9999 -9999 -9999 -9999 -9999 -9999 -9999 -9999 -9999 -9999 -9999
1.48135E-2 3.39729E-2 3.40407E-2 3.40593E-2 3.41091E-2 3.40748E-2 4.06584E-2 3.40918E-2 3.38958E-2 1.51765E-2 1.36369E-2 3.38245E-2 1.33295E-2 3.30028E-2 3.32082E-2 1.32095E-2 3.27904E-2 3.2141E-2 3.20394E-2 2.77686E-2 1.24945E-2 1.06817E-2 7.82791E-3 7.54519E-3 7.3107E-3 7.20099E-3 1.64202E-2 1.38781E-2 1.34208E-2 1.11939E-2 9.12036E-3 1.63552E-2 5.09198E-3 7.58442E-3 2.16512E-5 0E0 0E0 0E0 0E0 0E0 0E0 0E0 0E0 0E0 0E0 -9999 -9999 -9999 -9999 -9999 -9999 -9999 -9999 -9999 -9999 -9999 -9999 -9999 -9999 -9999 -9999 -9999 -9999 -9999 -9999 -9999 -9999 -9999 -9999 -9999 -9999 -9999 -9999 -9999 -9999 -9999 -9999
1.47772E-2 1.51096E-2 3.36248E-2 3.36841E-2 3.76463E-2 3.82798E-2 4.01676E-2 3.76857E-2 3.33759E-2 1.50114E-2 3.34095E-2 3.31883E-2 3.31905E-2 1.32455E-2 3.27858E-2 3.23949E-2 1.30241E-2 3.20926E-2 1.26228E-2 3.1147E-2 1.22695E-2 2.0174E-2 7.76266E-3 7.58746E-3 7.30701E-3 7.06168E-3 1.63424E-2 1.37935E-2 1.31963E-2 1.11686E-2 1.70451E-2 1.61545E-2 1.17492E-2 7.5142E-3 2.14979E-5 0E0 0E0 0E0 0E0 0E0 0E0 0E0 0E0 0E0 0E0 -9999 -9999 -9999 -9999 -9999 -9999 -9999 -9999 -9999 -9999 -9999 -9999 -9999 -9999 -9999 -9999 -9999 -9999 -9999 -9999 -9999 -9999 -9999 -9999 -9999 -9999 -9999 -9999 -9999 -9999 -9999 -9999
1.58797E-2 3.67107E-2 4.44878E-2 3.75389E-2 3.766E-2 4.50891E-2 4.48332E-2 3.72208E-2 3.72386E-2 3.7399E-2 3.6992E-2 3.7161E-2 3.26713E-2 3.62716E-2 1.45692E-2 1.29406E-2 3.15606E-2 3.13591E-2 3.13597E-2 3.07462E-2 2.29068E-2 1.99836E-2 1.95783E-2 7.49452E-3 7.21183E-3 1.66673E-2 1.60876E-2 1.37339E-2 1.30728E-2 2.57515E-2 1.67401E-2 1.60105E-2 1.16104E-2 6.42991E-3 1.55181E-5 0E0 0E0 0E0 0E0 0E0 0E0 0E0 0E0 0E0 0E0 -9999 -9999 -9999 -9999 -9999 -9999 -9999 -9999 -9999 -9999 -9999 -9999 -9999 -9999 -9999 -9999 -9999 -9999 -9999 -9999 -9999 -9999 -9999 -9999 -9999 -9999 -9999 -9999 -9999 -9999 -9999 -9999
1.56169E-2 1.62903E-2 3.66832E-2 4.37993E-2 3.69342E-2 4.36943E-2 4.38937E-2 4.38245E-2 3.69344E-2 4.38008E-2 3.66388E-2 3.65775E-2 4.34397E-2 4.33242E-2 3.59459E-2 3.54147E-2 3.49978E-2 3.08837E-2 3.06094E-2 3.63891E-2 2.74743E-2 2.38479E-2 2.30307E-2 1.8978E-2 1.70039E-2 1.64235E-2 1.60275E-2 1.33574E-2 1.28516E-2 2.55314E-2 1.92903E-2 1.8264E-2 1.32101E-2 6.3777E-3 1.53244E-5 0E0 0E0 0E0 0E0 0E0 0E0 0E0 0E0 0E0 -9999 -9999 -9999 -9999 -9999 -9999 -9999 -9999 -9999 -9999 -9999 -9999 -9999 -9999 -9999 -9999 -9999 -9999 -9999 -9999 -9999 -9999 -9999 -9999 -9999 -9999 -9999 -9999 -9999 -9999 -9999 -9999 -9999
1.52993E-2 1.58942E-2 3.57649E-2 3.65346E-2 4.3642E-2 3.66191E-2 4.37562E-2 3.6729E-2 4.36235E-2 4.34401E-2 3.60462E-2 3.57594E-2 4.28061E-2 4.23989E-2 4.21217E-2 3.46994E-2 3.41011E-2 3.43296E-2 3.64775E-2 2.25647E-2 2.67825E-2 2.64402E-2 2.29844E-2 2.22213E-2 3.89783E-2 1.62811E-2 1.55496E-2 1.32612E-2 2.99615E-2 2.4434E-2 2.3508E-2 1.80288E-2 1.30308E-2 4.57352E-3 1.51861E-5 0E0 0E0 0E0 0E0 0E0 0E0 0E0 0E0 0E0 -9999 -9999 -9999 -9999 -9999 -9999 -9999 -9999 -9999 -9999 -9999 -9999 -9999 -9999 -9999 -9999 -9999 -9999 -9999 -9999 -9999 -9999 -9999 -9999 -9999 -9999 -9999 -9999 -9999 -9999 -9999 -9999 -9999
1.52536E-2 1.5415E-2 3.95234E-2 3.56647E-2 4.6927E-2 4.28829E-2 4.25536E-2 4.26763E-2 4.26864E-2 4.26479E-2 4.25097E-2 4.24641E-2 4.22118E-2 4.21994E-2 4.13343E-2 4.1208E-2 3.41478E-2 2.54984E-2 3.02741E-2 2.69207E-2 2.18378E-2 2.5835E-2 2.50236E-2 4.63425E-2 3.83875E-2 3.68886E-2 3.59052E-2 1.29689E-2 2.92963E-2 2.4275E-2 2.28939E-2 1.76515E-2 9.70354E-3 4.50636E-3 2.20981E-5 0E0 0E0 0E0 0E0 0E0 0E0 0E0 0E0 0E0 -9999 -9999 -9999 -9999 -9999 -9999 -9999 -9999 -9999 -9999 -9999 -9999 -9999 -9999 -9999 -9999 -9999 -9999 -9999 -9999 -9999 -9999 -9999 -9999 -9999 -9999 -9999 -9999 -9999 -9999 -9999 -9999 -9999
1.48441E-2 1.67455E-2 3.82156E-2 3.88614E-2 3.88862E-2 4.70669E-2 4.70959E-2 3.94307E-2 4.65295E-2 4.18211E-2 4.18272E-2 4.17807E-2 4.14643E-2 4.11405E-2 4.08209E-2 4.06404E-2 3.0628E-2 3.00282E-2 2.93635E-2 2.62298E-2 2.56486E-2 2.51101E-2 5.20577E-2 5.10462E-2 3.7692E-2 3.6685E-2 3.53018E-2 3.01194E-2 2.91142E-2 2.37344E-2 2.25929E-2 1.73946E-2 9.48955E-3 4.45826E-3 2.16598E-3 6.90271E-6 0E0 0E0 0E0 0E0 0E0 0E0 0E0 0E0 -9999 -9999 -9999 -9999 -9999 -9999 -9999 -9999 -9999 -9999 -9999 -9999 -9999 -9999 -9999 -9999 -9999 -9999 -9999 -9999 -9999 -9999 0E0 0E0 -9999 -9999 -9999 -9999 -9999 -9999 -9999 -9999 -9999
1.59769E-2 1.61762E-2 1.51798E-2 3.80919E-2 4.55867E-2 4.56133E-2 4.58323E-2 4.57618E-2 4.60915E-2 4.55863E-2 4.53907E-2 4.20255E-2 4.0427E-2 3.06979E-2 3.08003E-2 3.04989E-2 2.99426E-2 2.95954E-2 2.9418E-2 2.59366E-2 2.52565E-2 5.23616E-2 5.10723E-2 5.01367E-2 4.87746E-2 4.18296E-2 3.50111E-2 2.95861E-2 3.35645E-2 2.75767E-2 2.21036E-2 1.29694E-2 6.86334E-3 4.36198E-3 2.12856E-3 6.53407E-6 0E0 0E0 0E0 0E0 0E0 0E0 0E0 0E0 -9999 -9999 -9999 -9999 -9999 -9999 -9999 -9999 -9999 -9999 -9999 -9999 -9999 -9999 -9999 -9999 -9999 -9999 -9999 -9999 -9999 1.30949E-2 0E0 0E0 0E0 1.00815E-3 -9999 -9999 -9999 -9999 -9999 -9999 -9999
1.16561E-2 1.1628E-2 1.62608E-2 1.49497E-2 3.70654E-2 3.72715E-2 3.71917E-2 4.46022E-2 4.4412E-2 4.46508E-2 4.49281E-2 3.13218E-2 3.06033E-2 3.03447E-2 3.00716E-2 2.96301E-2 2.95036E-2 2.88488E-2 2.85907E-2 2.83223E-2 5.27553E-2 5.14638E-2 5.02608E-2 4.8945E-2 4.70238E-2 4.07007E-2 3.90318E-2 3.79099E-2 3.2405E-2 2.69628E-2 2.18266E-2 1.56931E-2 8.84056E-3 6.3602E-3 2.07638E-3 1.27859E-5 0E0 0E0 0E0 0E0 0E0 0E0 0E0 0E0 -9999 -9999 -9999 -9999 -9999 -9999 -9999 -9999 -9999 -9999 -9999 -9999 -9999 -9999 -9999 -9999 -9999 -9999 -9999 -9999 2.81241E-2 3.39745E-3 0E0 0E0 0E0 0E0 0E0 1.3375E-3 -9999 -9999 -9999 -9999 -9999
1.12662E-2 1.12799E-2 1.16773E-2 1.18229E-2 2.7322E-2 2.73299E-2 2.77431E-2 3.33548E-2 3.3113E-2 3.32795E-2 3.34673E-2 3.07527E-2 3.32027E-2 3.31248E-2 3.25554E-2 2.90713E-2 2.90432E-2 2.87212E-2 5.93845E-2 5.86096E-2 5.72392E-2 5.6068E-2 4.92028E-2 4.79731E-2 4.66579E-2 4.46782E-2 3.86776E-2 3.70878E-2 3.19329E-2 2.64899E-2 1.90951E-2 1.13941E-2 8.54009E-3 6.17824E-3 3.86198E-3 1.84536E-3 5.72892E-6 0E0 0E0 0E0 0E0 0E0 0E0 0E0 -9999 -9999 -9999 -9999 -9999 -9999 -9999 -9999 -9999 -9999 -9999 -9999 -9999 -9999 -9999 -9999 -9999 -9999 -9999 4.04233E-2 2.08902E-2 1.0492E-3 4.2946E-4 3.29498E-6 3.21459E-6 2.12512E-6 0E0 0E0 2.81896E-3 -9999 -9999 -9999 -9999
1.08877E-2 1.08881E-2 1.11962E-2 1.14084E-2 1.16261E-2 2.93346E-2 2.73559E-2 2.9837E-2 3.58523E-2 3.55306E-2 3.28975E-2 3.31798E-2 3.21849E-2 3.197E-2 3.18952E-2 3.1505E-2 6.51742E-2 5.84058E-2 5.81101E-2 5.71807E-2 5.60413E-2 5.45627E-2 4.80549E-2 4.67665E-2 4.4856E-2 4.4188E-2 4.23484E-2 3.66637E-2 3.12541E-2 2.5835E-2 1.88058E-2 1.08022E-2 1.03473E-2 6.08852E-3 3.74266E-3 3.53627E-3 2.22887E-5 0E0 0E0 0E0 0E0 0E0 0E0 0E0 -9999 -9999 -9999 -9999 -9999 -9999 -9999 -9999 -9999 -9999 -9999 -9999 -9999 -9999 -9999 -9999 -9999 -9999 -9999 4.08285E-2 1.35699E-2 1.86316E-3 1.04967E-3 1.35063E-3 1.35755E-3 7.36642E-4 8.80621E-4 7.8446E-6 7.1346E-6 1.41566E-3 3.47955E-3 -9999 -9999
1.06185E-2 1.07591E-2 1.07828E-2 1.12602E-2 1.13224E-2 1.14281E-2 2.90508E-2 3.19242E-2 3.19944E-2 2.88471E-2 3.44883E-2 3.18482E-2 3.10565E-2 6.57139E-2 6.50793E-2 6.44529E-2 6.35833E-2 5.74042E-2 5.60898E-2 5.54238E-2 5.47165E-2 5.35674E-2 5.17785E-2 4.96671E-2 4.43737E-2 4.24763E-2 4.10253E-2 3.92247E-2 3.39392E-2 2.1864E-2 1.31953E-2 1.26222E-2 1.004E-2 7.46654E-3 5.41911E-3 3.40323E-3 2.21317E-3 6.81407E-6 0E0 0E0 0E0 0E0 0E0 0E0 -9999 -9999 -9999 -9999 -9999 -9999 -9999 -9999 -9999 -9999 -9999 -9999 -9999 -9999 -9999 -9999 -9999 -9999 5.65705E-2 2.96464E-2 5.88497E-3 2.85627E-3 2.29862E-3 2.29987E-3 2.74262E-3 2.75304E-3 3.17238E-3 1.93949E-3 2.24717E-3 1.18581E-3 1.31962E-3 3.04753E-3 3.3149E-3
2.40804E-2 2.43671E-2 2.64635E-2 2.70341E-2 1.09241E-2 2.58666E-2 2.58517E-2 6.08413E-2 2.85013E-2 7.14208E-2 6.50842E-2 6.47211E-2 6.38751E-2 6.39035E-2 6.36063E-2 6.20712E-2 6.24553E-2 6.15042E-2 6.08375E-2 5.43655E-2 5.27685E-2 5.20059E-2 4.97151E-2 4.90526E-2 4.70926E-2 4.11374E-2 3.99728E-2 3.86501E-2 2.53614E-2 1.5675E-2 1.50048E-2 1.22376E-2 1.16573E-2 7.29737E-3 5.23627E-3 6.36582E-3 2.08095E-3 1.32578E-5 0E0 0E0 0E0 0E0 0E0 0E0 -9999 -9999 -9999 -9999 -9999 -9999 -9999 -9999 -9999 -9999 -9999 -9999 -9999 -9999 -9999 -9999 -9999 -9999 5.49182E-2 2.17583E-2 4.34424E-3 4.75066E-3 4.76224E-3 3.97393E-3 3.98706E-3 4.56615E-3 4.58611E-3 5.1708E-3 5.19303E-3 4.04146E-3 4.07189E-3 4.49706E-3 2.80627E-3
2.3076E-2 2.3391E-2 2.38093E-2 2.59298E-2 2.47476E-2 2.47737E-2 2.47592E-2 2.48782E-2 2.52083E-2 5.88923E-2 5.90593E-2 5.84995E-2 6.29449E-2 6.19526E-2 6.08245E-2 6.11328E-2 5.98257E-2 5.9121E-2 5.84658E-2 5.77954E-2 5.15948E-2 5.00981E-2 4.86082E-2 4.70211E-2 4.58649E-2 4.42832E-2 3.82265E-2 2.79329E-2 1.78139E-2 1.54233E-2 1.41851E-2 1.3486E-2 1.05993E-2 8.48731E-3 8.68737E-3 6.44782E-3 3.95986E-3 5.06801E-3 3.21857E-5 0E0 0E0 0E0 0E0 0E0 -9999 -9999 -9999 -9999 -9999 -9999 -9999 -9999 -9999 -9999 -9999 -9999 -9999 -9999 -9999 -9999 -9999 -9999 5.55954E-2 2.61861E-2 9.81344E-3 8.27904E-3 8.61011E-3 6.46651E-3 6.89685E-3 6.15928E-3 6.86781E-3 6.90492E-3 6.88737E-3 5.71529E-3 5.74664E-3 6.33116E-3 4.45827E-3
2.2038E-2 2.46539E-2 2.28214E-2 2.29956E-2 2.36147E-2 2.37891E-2 2.38617E-2 2.39199E-2 2.39491E-2 2.40055E-2 2.43254E-2 5.67574E-2 5.58306E-2 6.07603E-2 5.88682E-2 6.40109E-2 5.85544E-2 5.68824E-2 5.61793E-2 5.57605E-2 5.47339E-2 5.34216E-2 4.70249E-2 4.58794E-2 4.4261E-2 4.21728E-2 4.14449E-2 2.72051E-2 1.74148E-2 1.64564E-2 1.56485E-2 1.25236E-2 1.03284E-2 9.74242E-3 1.03597E-2 7.81326E-3 5.63931E-3 9.52566E-3 4.46489E-3 1.41122E-5 0E0 0E0 0E0 0E0 -9999 -9999 -9999 -9999 -9999 -9999 -9999 -9999 -9999 -9999 -9999 -9999 -9999 -9999 -9999 -9999 -9999 5.28536E-2 3.67255E-2 2.16537E-2 1.5533E-2 1.5728E-2 1.54821E-2 1.52475E-2 1.10553E-2 1.05287E-2 1.06209E-2 9.27193E-3 7.60365E-3 7.62708E-3 8.31196E-3 6.30441E-3 6.83876E-3
