day_2/Results/Podomys_floridanus/projections/PaleoClim/-21000/RUN_0.asc
ncols         385
nrows         252
xllcorner     -91.50013924285
yllcorner     25.49986064915003
cellsize      0.041666666500000005
NODATA_value  -9999
[rows 81 to 107 of 252, columns 61 to 121 of 385]
3.00845E-5 3.43063E-5 1.3969E-4 1.6045E-4 9.33151E-5 2.61558E-5 9.27601E-5 1.21994E-4 1.22104E-4 3.92933E-5 2.99175E-5 2.98751E-5 6.38226E-5 1.58646E-4 1.5886E-4 1.58988E-4 1.3892E-4 1.2133E-4 1.25216E-4 1.21661E-4 2.27513E-5 1.20369E-4 1.81168E-4 1.58731E-4 1.8172E-4 1.45726E-4 1.45992E-4 1.45838E-4 1.45771E-4 1.53932E-4 1.7665E-4 1.54283E-4 1.34747E-4 1.54213E-4 1.54283E-4 1.54143E-4 1.46058E-4 1.34503E-4 1.46124E-4 1.25226E-4 1.58976E-4 1.53533E-4 2.02318E-4 1.40727E-4 1.09056E-4 1.34441E-4 1.40428E-4 1.22646E-4 8.05791E-5 1.33871E-4 1.09105E-4 8.06878E-5 1.21777E-4 1.44889E-4 1.09036E-4 1.22238E-4 1.05573E-4 1.05445E-4 1.20769E-4 2.26473E-5 1.96334E-5
9.3401E-5 3.0003E-5 1.06408E-4 1.3994E-4 1.06745E-4 2.99616E-5 9.26337E-5 1.39356E-4 1.39475E-4 1.39538E-4 1.21751E-4 1.38886E-4 3.90888E-5 2.97619E-5 2.26915E-5 3.89257E-5 9.24224E-5 1.05966E-4 1.81913E-4 1.25316E-4 1.06196E-4 2.60473E-5 2.26767E-5 6.35577E-5 1.20954E-4 1.81611E-4 1.45572E-4 1.4555E-4 1.40193E-4 1.39939E-4 1.53628E-4 1.34541E-4 1.53908E-4 1.53977E-4 1.53977E-4 1.45616E-4 1.40278E-4 1.45615E-4 1.3442E-4 1.45747E-4 1.45392E-4 1.34213E-4 2.30937E-4 1.34786E-4 1.59095E-4 1.53629E-4 1.07197E-4 1.39876E-4 8.0676E-5 1.44996E-4 9.5144E-5 1.38485E-4 1.20696E-4 4.84218E-5 1.21865E-4 9.49287E-5 9.20645E-5 8.04558E-5 1.20511E-4 9.20794E-5 1.71706E-5
1.06796E-4 3.93152E-5 3.92607E-5 1.59786E-4 1.22271E-4 3.00017E-5 2.60476E-5 4.46211E-5 1.05708E-4 1.21078E-4 1.21353E-4 2.98454E-5 2.98455E-5 2.98027E-5 3.41081E-5 3.40396E-5 1.20876E-4 1.58517E-4 1.81992E-4 1.434E-4 1.43531E-4 1.59312E-4 1.213E-4 1.38741E-4 1.24753E-4 1.24677E-4 1.24563E-4 1.21941E-4 1.3981E-4 1.38383E-4 1.24505E-4 1.33848E-4 1.45457E-4 1.45458E-4 1.45392E-4 1.58805E-4 1.22163E-4 1.45326E-4 1.34152E-4 1.45431E-4 1.22176E-4 1.45166E-4 2.01199E-4 1.53991E-4 1.34311E-4 1.45655E-4 1.4559E-4 1.0687E-4 9.51705E-5 1.45035E-4 1.38736E-4 1.33885E-4 1.05796E-4 7.01936E-5 1.33398E-4 9.24409E-5 1.05251E-4 9.27711E-5 1.06365E-4 9.2231E-5 1.31449E-5
1.06696E-4 3.92964E-5 4.48088E-5 1.2171E-4 1.60068E-4 1.06692E-4 2.28112E-5 1.73358E-5 1.50994E-5 1.97389E-5 3.39842E-5 3.40769E-5 1.38619E-4 1.21165E-4 1.05822E-4 9.21607E-5 7.2748E-5 3.88591E-5 1.38174E-4 1.45308E-4 1.3438E-4 1.43229E-4 1.58903E-4 1.42817E-4 1.81829E-4 1.58446E-4 1.20805E-4 8.03708E-5 1.20313E-4 1.05364E-4 1.3817E-4 1.38108E-4 1.21754E-4 1.39723E-4 1.22031E-4 1.2192E-4 1.08672E-4 1.39697E-4 1.39888E-4 1.45073E-4 1.39887E-4 1.39608E-4 1.53162E-4 1.75766E-4 1.53682E-4 1.34162E-4 1.3404E-4 1.4524E-4 1.53371E-4 1.39768E-4 1.34039E-4 1.34041E-4 1.06656E-4 1.20761E-4 1.21432E-4 1.22038E-4 9.50042E-5 1.20519E-4 9.45309E-5 1.06344E-4 8.018E-5
1.06547E-4 9.31394E-5 2.2832E-5 4.46418E-5 1.82597E-4 1.2198E-4 2.99173E-5 2.98343E-5 1.73437E-5 1.50643E-5 2.58636E-5 3.39656E-5 3.89392E-5 3.40393E-5 3.88643E-5 2.5976E-5 2.26355E-5 2.58674E-5 4.4346E-5 1.37965E-4 1.81251E-4 2.07905E-4 1.8155E-4 1.42726E-4 1.42857E-4 1.20916E-4 1.20751E-4 1.05604E-4 7.03007E-5 1.05156E-4 1.21843E-4 1.20894E-4 9.20073E-5 1.37982E-4 1.20511E-4 1.05155E-4 1.2016E-4 1.39162E-4 1.45071E-4 1.3967E-4 1.39514E-4 1.21929E-4 1.33195E-4 1.75248E-4 1.53268E-4 1.53129E-4 1.33799E-4 1.52955E-4 1.75209E-4 1.45141E-4 1.7513E-4 1.34071E-4 1.06565E-4 1.39513E-4 9.17862E-5 1.32769E-4 1.52778E-4 1.21765E-4 1.0507E-4 1.21241E-4 1.05069E-4
9.30935E-5 1.59624E-4 4.50105E-5 2.27894E-5 1.05901E-4 1.2175E-4 3.91455E-5 4.46788E-5 2.5997E-5 1.15219E-5 1.71988E-5 2.25966E-5 3.39157E-5 3.88641E-5 2.59289E-5 9.20762E-5 3.40971E-5 2.97256E-5 2.26301E-5 3.38058E-5 1.20258E-4 1.57986E-4 1.81301E-4 1.42636E-4 1.45655E-4 1.21191E-4 1.38383E-4 1.39787E-4 1.38547E-4 1.38271E-4 1.39698E-4 1.22009E-4 9.4894E-5 9.47647E-5 9.18813E-5 8.01594E-5 6.98503E-5 1.19894E-4 1.39133E-4 1.21793E-4 1.39231E-4 1.21792E-4 1.20439E-4 1.44058E-4 1.33464E-4 1.44779E-4 1.33313E-4 1.33252E-4 1.33251E-4 1.33312E-4 1.52432E-4 1.52777E-4 1.44778E-4 1.33252E-4 1.0526E-4 1.20993E-4 1.32734E-4 1.06055E-4 1.05863E-4 1.20907E-4 1.05692E-4
1.39729E-4 1.39529E-4 1.2187E-4 3.41599E-5 8.3663E-5 1.59165E-4 3.90182E-5 2.27461E-5 1.51053E-5 1.72706E-5 1.31308E-5 2.25022E-5 2.25506E-5 2.58817E-5 2.58907E-5 3.88237E-5 1.57991E-4 1.20788E-4 1.05588E-4 2.96862E-5 3.3831E-5 1.05012E-4 1.57957E-4 1.48017E-4 1.75723E-4 1.40422E-4 1.81599E-4 1.39697E-4 1.39543E-4 1.4494E-4 1.45071E-4 1.58429E-4 1.06346E-4 9.46604E-5 8.00862E-5 1.20081E-4 6.99317E-5 1.04617E-4 1.05866E-4 1.21545E-4 1.216E-4 1.21435E-4 1.06058E-4 1.19894E-4 1.44087E-4 1.4435E-4 1.44153E-4 1.21377E-4 1.21157E-4 1.38722E-4 9.23325E-5 1.43984E-4 1.38813E-4 1.3875E-4 1.21181E-4 9.2393E-5 8.19062E-5 1.05233E-4 1.05424E-4 1.04564E-4 8.0307E-5
1.21519E-4 1.59309E-4 1.21971E-4 2.27348E-5 4.46099E-5 7.32354E-5 1.51397E-5 2.97238E-5 1.98017E-5 2.5946E-5 1.15107E-5 1.14461E-5 1.71719E-5 2.58553E-5 3.39384E-5 3.39183E-5 2.965E-5 2.96366E-5 1.05031E-4 1.38005E-4 3.88942E-5 7.25615E-5 1.57886E-4 2.07413E-4 1.52885E-4 1.53024E-4 1.33708E-4 1.81031E-4 1.57893E-4 1.57965E-4 1.21628E-4 1.44778E-4 1.08729E-4 1.20465E-4 4.82336E-5 1.04664E-4 9.16604E-5 7.99448E-5 1.19704E-4 1.2113E-4 1.21461E-4 1.19948E-4 8.22445E-5 9.14937E-5 1.20962E-4 1.06008E-4 1.04735E-4 1.05576E-4 1.19755E-4 8.03851E-5 7.95631E-5 1.20272E-4 1.05404E-4 1.05452E-4 1.05643E-4 1.05521E-4 2.2362E-5 6.91557E-5 9.09507E-5 8.03429E-5 9.11343E-5
3.89827E-5 1.05689E-4 1.82304E-4 2.28275E-5 7.29232E-5 1.39011E-4 1.98841E-5 3.8947E-5 1.98E-5 3.39963E-5 1.73005E-5 1.31355E-5 1.50042E-5 3.38151E-5 9.19678E-5 8.03836E-5 1.05221E-4 1.05316E-4 3.88766E-5 9.18822E-5 1.20379E-4 1.20378E-4 1.57926E-4 1.47757E-4 1.58109E-4 1.37992E-4 1.57465E-4 1.57463E-4 1.57463E-4 1.38914E-4 1.5782E-4 1.23876E-4 1.39323E-4 1.37963E-4 8.00543E-5 1.04499E-4 1.3712E-4 1.04712E-4 7.98725E-5 8.20388E-5 1.21156E-4 9.14943E-5 9.12451E-5 9.20583E-5 1.38686E-4 1.38939E-4 9.25847E-5 1.04592E-4 9.12648E-5 5.30417E-5 5.2765E-5 6.04691E-5 5.2812E-5 6.93128E-5 8.03433E-5 8.05836E-5 1.49551E-5 4.60091E-5 7.90537E-5 8.01017E-5 8.01748E-5
3.41856E-5 2.97459E-5 1.38479E-4 1.06159E-4 1.38921E-4 1.06276E-4 2.27225E-5 3.39811E-5 1.97712E-5 8.04174E-5 2.59408E-5 1.72109E-5 1.49937E-5 2.57664E-5 8.00917E-5 1.05125E-4 1.05203E-4 1.05088E-4 1.37768E-4 1.3783E-4 1.37741E-4 1.05305E-4 1.80703E-4 1.44844E-4 1.80703E-4 1.57964E-4 4.45289E-5 3.87497E-5 3.86617E-5 1.0457E-4 1.1965E-4 1.37244E-4 1.57428E-4 1.57571E-4 1.04927E-4 6.98384E-5 6.96483E-5 1.0438E-4 9.20813E-5 9.1347E-5 1.20632E-4 9.15127E-5 7.97443E-5 7.16969E-5 1.38273E-4 1.43621E-4 1.21344E-4 1.04566E-4 1.04117E-4 6.07585E-5 1.48975E-5 3.17631E-5 1.70106E-5 7.91617E-5 1.05232E-4 1.05472E-4 9.13234E-5 4.6281E-5 4.01722E-5 7.896E-5 6.91181E-5
1.38668E-4 8.08293E-5 9.21189E-5 1.81993E-4 1.39299E-4 1.3911E-4 2.98268E-5 2.96886E-5 1.97601E-5 1.05234E-4 2.96715E-5 1.31027E-5 1.71107E-5 2.56574E-5 2.94125E-5 7.98826E-5 1.04754E-4 1.04801E-4 1.04828E-4 9.16379E-5 1.04712E-4 2.0629E-4 2.14951E-4 2.06855E-4 5.08126E-5 1.79763E-4 1.33072E-4 1.58035E-4 4.44279E-5 2.94903E-5 2.57207E-5 3.85656E-5 1.19867E-4 1.37463E-4 1.19948E-4 1.37462E-4 9.15776E-5 7.98726E-5 6.96787E-5 1.04187E-4 9.11583E-5 9.19916E-5 9.21168E-5 1.05348E-4 1.05253E-4 7.93984E-5 1.37483E-4 7.20725E-5 1.71158E-5 6.05797E-5 4.04405E-5 1.29637E-5 5.25458E-5 7.90315E-5 6.98951E-5 6.99906E-5 8.01744E-5 6.24701E-5 4.03364E-5 4.5942E-5 4.59625E-5
6.36589E-5 1.05762E-4 2.96987E-5 1.44935E-4 1.82488E-4 1.59095E-4 9.25795E-5 3.39892E-5 2.59495E-5 2.96275E-5 2.26326E-5 8.73682E-6 1.13887E-5 8.70273E-6 1.13508E-5 2.23601E-5 2.57138E-5 2.24885E-5 3.36739E-5 9.15124E-5 3.86884E-5 1.37495E-4 1.80499E-4 1.37775E-4 5.08357E-5 3.38733E-5 4.42982E-5 1.37309E-4 1.37587E-4 3.86787E-5 3.86006E-5 9.13494E-5 1.1973E-4 1.79922E-4 1.1981E-4 1.20741E-4 1.07914E-4 1.0574E-4 1.20874E-4 9.14067E-5 1.04158E-4 8.03207E-5 8.03938E-5 8.03215E-5 7.95788E-5 1.4904E-5 5.2584E-5 1.37831E-4 9.14291E-5 7.00605E-5 7.96146E-5 4.03654E-5 2.77201E-5 4.58377E-5 6.01469E-5 6.90236E-5 5.42968E-5 6.98751E-5 6.93382E-5 4.60673E-5 4.59833E-5
8.02971E-5 1.38318E-4 2.98065E-5 1.05303E-4 1.39833E-4 1.59071E-4 1.38678E-4 2.97082E-5 1.05206E-4 8.05413E-5 8.03593E-5 1.50483E-5 1.30814E-5 1.71573E-5 6.62921E-6 1.29803E-5 3.3506E-5 9.14702E-5 3.37587E-5 9.135E-5 1.37214E-4 2.06617E-4 1.80908E-4 1.20548E-4 1.80581E-4 1.80826E-4 1.80909E-4 1.20603E-4 1.05093E-4 2.94841E-5 3.85222E-5 7.21895E-5 1.04497E-4 1.57067E-4 9.12423E-5 9.10345E-5 1.56416E-4 1.05539E-4 1.3645E-4 9.38564E-5 9.10676E-5 9.16901E-5 1.05221E-4 8.0379E-5 7.94859E-5 6.93446E-5 1.29812E-5 7.98115E-5 6.12393E-5 5.27705E-5 6.97683E-5 6.93069E-5 4.61425E-5 1.29569E-5 1.29099E-5 4.0015E-5 6.0157E-5 7.90086E-5 6.21973E-5 6.04755E-5 5.26356E-5
2.57932E-5 9.18842E-5 1.38299E-4 9.22607E-5 1.57943E-4 1.24505E-4 1.3853E-4 5.55011E-5 5.53166E-5 1.20203E-4 8.04555E-5 2.2565E-5 1.96421E-5 2.57466E-5 7.61336E-6 1.13624E-5 1.2978E-5 7.91499E-5 1.04307E-4 1.04687E-4 1.374E-4 1.44285E-4 1.47354E-4 2.06524E-4 1.47118E-4 2.14363E-4 1.359E-4 2.14706E-4 1.8021E-4 4.42676E-5 3.85656E-5 1.36649E-4 1.19616E-4 1.56701E-4 9.14483E-5 7.96157E-5 1.0413E-4 1.20477E-4 4.79465E-5 1.18491E-4 8.16143E-5 9.06954E-5 8.01514E-5 7.95215E-5 7.95216E-5 6.06739E-5 1.70175E-5 7.88667E-5 7.00217E-5 5.29383E-5 5.27467E-5 7.91038E-5 6.91183E-5 6.0366E-5 1.69787E-5 1.47777E-5 4.57621E-5 5.25155E-5 6.01844E-5 6.89416E-5 5.26589E-5
2.24222E-5 8.00186E-5 1.05142E-4 1.05173E-4 9.18557E-5 1.20401E-4 1.20804E-4 2.96322E-5 2.94932E-5 2.95331E-5 1.04964E-4 2.25272E-5 1.96088E-5 2.94476E-5 1.7149E-5 1.96229E-5 8.69851E-6 8.65353E-6 1.94335E-5 9.06862E-5 1.79837E-4 1.44481E-4 1.37776E-4 1.20112E-4 1.37588E-4 1.37651E-4 1.37369E-4 1.37338E-4 4.41574E-5 3.84605E-5 8.22409E-5 7.19896E-5 1.04205E-4 1.3645E-4 1.79124E-4 1.1955E-4 1.36597E-4 1.05079E-4 6.96094E-5 1.95291E-5 5.27852E-5 1.94759E-5 7.97169E-5 6.24696E-5 9.16896E-5 7.14947E-5 7.94275E-5 5.28422E-5 1.0358E-4 8.17251E-5 7.95353E-5 6.04766E-5 2.22329E-5 4.16357E-5 1.94758E-5 1.69788E-5 1.291E-5 1.68971E-5 1.93645E-5 1.93821E-5 5.25161E-5
1.30596E-5 2.56807E-5 2.95196E-5 5.53074E-5 7.00024E-5 1.04964E-4 1.08523E-4 7.01934E-5 2.24966E-5 5.5072E-5 9.15307E-5 1.96622E-5 2.24069E-5 4.81765E-5 2.56975E-5 1.04616E-4 2.2484E-5 1.49144E-5 1.49143E-5 1.94557E-5 1.79059E-4 1.32975E-4 1.80412E-4 1.80329E-4 2.1392E-4 2.13822E-4 1.80001E-4 1.19893E-4 3.36059E-5 2.23012E-5 2.92364E-5 4.38241E-5 1.03893E-4 9.07781E-5 1.03722E-4 1.36307E-4 1.07385E-4 7.96803E-5 1.36411E-4 9.37029E-5 9.08611E-5 7.90678E-5 5.27456E-5 7.1086E-5 9.07106E-5 7.90451E-5 1.03861E-4 9.08758E-5 6.05137E-5 9.04381E-5 9.15368E-5 7.95351E-5 1.95112E-5 6.91188E-5 7.92118E-5 6.04652E-5 1.29544E-5 1.47816E-5 1.48219E-5 1.69511E-5 1.94492E-5
1.00068E-5 1.49012E-5 6.95147E-5 9.15469E-5 8.01735E-5 7.99775E-5 9.44452E-5 8.02465E-5 1.96445E-5 2.2407E-5 6.95829E-5 2.57254E-5 1.95657E-5 1.04214E-4 2.94567E-5 1.04475E-4 2.94505E-5 2.56745E-5 7.95831E-5 1.71117E-5 1.55923E-4 2.04874E-4 1.56599E-4 2.05524E-4 1.37207E-4 4.41666E-5 4.40665E-5 3.84955E-5 1.95395E-5 1.48468E-5 2.22046E-5 2.22648E-5 2.92213E-5 2.92798E-5 2.55374E-5 1.35998E-4 1.36369E-4 1.20331E-4 1.05047E-4 1.04145E-4 6.06024E-5 1.48221E-5 4.14732E-5 2.5449E-5 6.9036E-5 1.94438E-5 9.03963E-5 1.18723E-4 1.19101E-4 6.92876E-5 7.90454E-5 1.18543E-4 9.06281E-5 9.05873E-5 6.92125E-5 2.55211E-5 1.48596E-5 1.69557E-5 6.89615E-5 6.92438E-5 7.93195E-5
1.72433E-5 8.69758E-6 1.48851E-5 2.56091E-5 9.13223E-5 6.98361E-5 1.20026E-4 8.00497E-5 2.24782E-5 1.95873E-5 2.56273E-5 2.56103E-5 1.95348E-5 6.04569E-5 6.92216E-5 1.19103E-4 9.12634E-5 9.13055E-5 9.11815E-5 6.29602E-5 1.04328E-4 2.24386E-5 2.23877E-5 1.1913E-4 5.78348E-5 5.05472E-5 3.84866E-5 2.94035E-5 1.70498E-5 1.4867E-5 1.29226E-5 1.93349E-5 3.80621E-5 1.5536E-4 1.04066E-4 1.36141E-4 1.19263E-4 1.19264E-4 7.95134E-5 1.04052E-4 7.95E-5 1.70328E-5 2.22531E-5 2.92134E-5 6.915E-5 2.54722E-5 9.05605E-5 3.34143E-5 1.36059E-4 9.11497E-5 2.55723E-5 1.69973E-5 2.22531E-5 2.54911E-5 2.92346E-5 2.55328E-5 2.92479E-5 2.55143E-5 2.54837E-5 9.07521E-5 1.03958E-4
7.00024E-5 1.31269E-5 9.95695E-6 1.48961E-5 2.23214E-5 7.95096E-5 1.04758E-4 6.091E-5 2.56621E-5 2.23922E-5 1.95349E-5 1.70534E-5 1.70188E-5 1.69879E-5 1.13221E-5 1.9424E-5 9.05392E-5 1.363E-4 9.12163E-5 1.56701E-4 1.19888E-4 4.41865E-5 8.2428E-5 4.42064E-5 5.79142E-5 5.06161E-5 3.37127E-5 5.05243E-5 1.70769E-5 2.55461E-5 9.8952E-6 8.6009E-6 1.28479E-5 2.21254E-5 1.18255E-4 1.36077E-4 1.20347E-4 1.37672E-4 1.20603E-4 1.05381E-4 1.36781E-4 7.94413E-5 9.0917E-5 1.04052E-4 3.347E-5 2.91785E-5 1.18616E-4 6.25471E-5 1.18831E-4 1.5654E-4 1.04336E-4 9.10674E-5 7.1886E-5 3.84208E-5 3.83858E-5 3.3525E-5 9.07528E-5 7.92608E-5 9.07252E-5 1.56139E-4 1.04193E-4
6.99265E-5 6.97359E-5 2.24375E-5 1.49271E-5 1.13705E-5 1.94466E-5 1.0426E-4 2.24283E-5 1.94817E-5 1.70533E-5 1.94775E-5 1.94773E-5 1.69763E-5 9.866E-6 1.12733E-5 1.9375E-5 1.69754E-5 2.54518E-5 1.35892E-4 1.79368E-4 1.79614E-4 1.37046E-4 5.05209E-5 1.79419E-4 2.13957E-4 1.57129E-4 5.79133E-5 1.56702E-4 2.23924E-5 3.34671E-5 1.30048E-5 1.12629E-5 8.58081E-6 1.46996E-5 2.90546E-5 1.03343E-4 1.20144E-4 1.03894E-4 1.55243E-4 1.37857E-4 1.79046E-4 1.19372E-4 1.78722E-4 1.36679E-4 3.83923E-5 3.34093E-5 3.82356E-5 3.34089E-5 1.03737E-4 2.0426E-4 1.79019E-4 1.56281E-4 1.36595E-4 1.36657E-4 1.19048E-4 1.19047E-4 1.19155E-4 9.07665E-5 1.36079E-4 1.22822E-4 1.19263E-4
6.10052E-5 1.71381E-5 1.70915E-5 1.70417E-5 1.70414E-5 9.91067E-6 6.92061E-5 1.95881E-5 8.63828E-6 1.93891E-5 1.48737E-5 1.2955E-5 9.87949E-6 5.73375E-6 7.48972E-6 1.28781E-5 1.93786E-5 2.22186E-5 2.54862E-5 1.5562E-4 1.79317E-4 1.36983E-4 1.56729E-4 1.5633E-4 2.04756E-4 1.56444E-4 1.36387E-4 1.36201E-4 2.23053E-5 2.90757E-5 2.92608E-5 8.63222E-6 9.83834E-6 9.80168E-6 8.98475E-5 7.90065E-5 1.36834E-4 9.0724E-5 1.94206E-5 1.77773E-4 1.78963E-4 1.78965E-4 1.78965E-4 1.79264E-4 5.04694E-5 2.9227E-5 2.91868E-5 2.9152E-5 5.01344E-5 1.19047E-4 1.1921E-4 1.19102E-4 1.19155E-4 1.5595E-4 1.04161E-4 1.18795E-4 1.56019E-4 1.03988E-4 1.36035E-4 1.37269E-4 1.36034E-4
6.09376E-5 6.08546E-5 2.2433E-5 1.30225E-5 1.29667E-5 1.13195E-5 3.63849E-5 6.07174E-5 7.57527E-6 7.51878E-6 2.54709E-5 1.48738E-5 1.13171E-5 5.01904E-6 5.71817E-6 9.82757E-6 1.69018E-5 1.69478E-5 2.54331E-5 7.9081E-5 1.78371E-4 1.19516E-4 1.78993E-4 5.0392E-5 3.8438E-5 3.35496E-5 2.55909E-5 1.94811E-5 1.13014E-5 8.59479E-6 9.02843E-5 1.13088E-5 1.9315E-5 1.12942E-5 2.89537E-5 1.03121E-4 7.89963E-5 2.54833E-5 1.94646E-5 1.55124E-4 1.78582E-4 1.79044E-4 1.79127E-4 2.05283E-4 1.79266E-4 2.56024E-5 2.92133E-5 2.92051E-5 5.018E-5 1.36245E-4 1.78802E-4 1.36388E-4 1.56161E-4 1.36221E-4 1.55758E-4 1.0386E-4 1.55615E-4 1.35989E-4 1.55705E-4 1.18609E-4 6.24216E-5
6.07589E-5 6.07864E-5 5.31134E-5 1.7069E-5 1.13505E-5 9.87056E-6 1.93934E-5 7.92737E-5 1.70766E-5 9.88624E-6 2.22504E-5 1.94993E-5 1.13324E-5 8.60687E-6 8.59481E-6 1.47883E-5 1.48153E-5 1.94051E-5 2.54446E-5 7.90447E-5 1.03643E-4 1.78856E-4 1.36657E-4 3.84096E-5 1.36348E-4 8.23074E-5 1.19279E-4 2.93012E-5 1.12986E-5 1.12647E-5 3.32725E-5 8.60807E-6 1.47019E-5 7.86486E-5 2.9138E-5 2.92225E-5 2.92447E-5 2.91301E-5 1.35912E-4 5.74717E-5 1.55335E-4 2.03756E-4 2.12283E-4 2.24373E-4 1.79479E-4 2.5607E-5 4.36869E-5 5.02477E-5 1.36141E-4 5.75939E-5 1.78583E-4 1.36283E-4 1.78441E-4 1.55847E-4 1.18971E-4 1.35928E-4 1.18608E-4 1.35881E-4 1.55635E-4 4.38175E-5 3.81351E-5
2.2342E-5 6.05799E-5 6.94423E-5 1.95306E-5 1.70032E-5 9.89517E-6 9.86826E-6 5.24406E-5 6.03979E-5 1.487E-5 5.27029E-5 2.22751E-5 1.29634E-5 8.59096E-6 1.47413E-5 6.01193E-5 6.03105E-5 2.22162E-5 2.53911E-5 3.32475E-5 3.33682E-5 1.78314E-4 1.19209E-4 1.19101E-4 1.36369E-4 9.0438E-5 1.18811E-4 3.34791E-5 9.87411E-6 1.47531E-5 2.89586E-5 8.60311E-6 1.47307E-5 7.8552E-5 1.18754E-4 1.78662E-4 1.56253E-4 3.3454E-5 2.03387E-4 6.59439E-5 2.93025E-5 3.83633E-5 5.03174E-5 5.75866E-5 5.76815E-5 3.84272E-5 2.91568E-5 6.55059E-5 1.07576E-4 1.78441E-4 2.04403E-4 1.55917E-4 2.04148E-4 1.55722E-4 1.5558E-4 1.5551E-4 5.00912E-5 2.03427E-4 1.3605E-4 1.03507E-4 4.3649E-5
1.70264E-5 1.94465E-5 6.05382E-5 1.70303E-5 1.12888E-5 1.93798E-5 1.4843E-5 8.62046E-6 1.93173E-5 2.22386E-5 5.27126E-5 1.94139E-5 1.69247E-5 8.59081E-6 1.12259E-5 1.68615E-5 2.20989E-5 2.21489E-5 1.68997E-5 1.47554E-5 5.43126E-5 1.54841E-4 1.18953E-4 1.36097E-4 1.36264E-4 1.4865E-5 2.90462E-5 2.54371E-5 1.47933E-5 2.53411E-5 1.12685E-5 1.68688E-5 7.87659E-5 6.23447E-5 1.77651E-4 2.11849E-4 2.12139E-4 1.07688E-4 5.03008E-5 5.75419E-5 1.79044E-4 1.96232E-4 2.13125E-4 7.56318E-5 1.23382E-4 7.56658E-5 3.35359E-5 3.81431E-5 1.54859E-4 2.03775E-4 1.78217E-4 1.55651E-4 2.03151E-4 1.54961E-4 1.5503E-4 1.35878E-4 1.35525E-4 1.54891E-4 1.18512E-4 1.18256E-4 1.03329E-4
1.94818E-5 1.29667E-5 5.26921E-5 1.69875E-5 6.57105E-6 9.80082E-6 1.93571E-5 1.48258E-5 9.82948E-6 3.61164E-5 5.26496E-5 1.4791E-5 1.12443E-5 6.53031E-6 9.77486E-6 1.28439E-5 1.12328E-5 1.68488E-5 1.28635E-5 2.20819E-5 6.87209E-5 1.93558E-5 1.0284E-4 1.55138E-4 1.36385E-4 2.55646E-5 1.93972E-5 2.2169E-5 2.21021E-5 4.72478E-5 1.47258E-5 8.97858E-5 1.55156E-4 1.18405E-4 1.35218E-4 1.35034E-4 1.54945E-4 1.77631E-4 1.78115E-4 1.77875E-4 2.24116E-4 2.13248E-4 8.66493E-5 5.75683E-5 7.52419E-5 2.0447E-4 6.59532E-5 2.92136E-5 2.53708E-5 5.69647E-5 6.54896E-5 1.55454E-4 3.33553E-5 2.53704E-5 3.7949E-5 1.54974E-4 1.18257E-4 3.32037E-5 4.98006E-5 1.03197E-4 1.17891E-4
3.64255E-5 1.48566E-5 1.94192E-5 1.294E-5 7.51515E-6 5.70238E-6 1.12086E-5 1.93432E-5 8.60806E-6 9.81778E-6 5.2444E-5 1.47909E-5 6.54222E-6 4.97303E-6 7.44588E-6 9.77037E-6 1.1204E-5 1.47084E-5 1.28537E-5 1.68511E-5 5.98557E-5 1.93407E-5 1.93408E-5 6.8667E-5 1.06423E-4 9.0736E-5 5.43203E-5 2.52441E-5 1.2871E-5 9.79109E-6 1.46477E-5 3.29668E-5 1.17879E-4 3.81774E-5 3.33666E-5 1.94529E-5 2.5399E-5 2.21927E-5 4.35998E-5 2.91208E-5 2.11084E-4 1.95985E-4 2.04749E-4 5.76538E-5 5.01256E-5 7.51821E-5 1.7844E-4 5.02224E-5 4.36843E-5 2.53704E-5 3.79874E-5 2.03148E-4 5.74836E-5 3.8122E-5 2.53297E-5 2.0289E-4 3.81737E-5 1.93014E-5 3.79387E-5 1.34983E-4 3.32521E-5
