day_2/Results/Podomys_floridanus/projections/PaleoClim/-21000/RUN_3.asc
ncols         385
nrows         252
xllcorner     -91.50013924285
yllcorner     25.49986064915003
cellsize      0.041666666500000005
NODATA_value  -9999
[rows 27 to 53 of 252, columns 61 to 121 of 385]
9.47919E-3 3.3642E-3 8.07321E-3 9.33497E-3 9.33449E-3 2.76808E-3 8.55158E-3 9.42086E-3 1.00299E-2 4.17241E-3 5.22581E-3 3.36934E-3 2.52739E-3 7.94518E-3 9.33401E-3 4.7815E-3 3.08311E-3 2.85819E-3 7.94129E-3 5.04685E-3 3.3051E-3 1.72129E-3 1.66573E-3 7.82066E-3 3.57757E-3 2.0307E-3 2.65628E-3 2.6568E-3 6.38405E-3 8.54904E-3 6.7728E-3 2.81787E-3 7.28075E-3 9.20047E-3 2.82289E-3 2.11984E-3 7.83451E-3 7.84294E-3 3.2669E-3 2.28001E-3 2.45232E-3 2.84176E-3 2.24816E-3 2.79796E-3 9.00416E-3 3.01308E-3 2.79904E-3 2.75764E-3 2.75751E-3 2.96679E-3 2.56303E-3 2.96591E-3 2.38007E-3 2.45606E-3 2.64444E-3 2.84312E-3 1.08392E-2 1.10251E-2 9.56066E-3 9.56068E-3 1.9465E-3
8.66934E-3 2.56671E-3 8.68037E-3 3.61813E-3 2.5285E-3 1.07683E-2 3.62471E-3 3.61919E-3 1.01959E-2 9.57809E-3 1.01814E-2 8.8245E-3 2.56761E-3 3.07628E-3 7.95179E-3 9.92174E-3 8.07361E-3 2.85903E-3 6.37427E-3 6.86276E-3 3.35421E-3 1.72327E-3 1.6932E-3 7.93315E-3 3.35584E-3 9.25568E-3 8.60207E-3 8.46406E-3 4.73528E-3 8.69564E-3 8.08353E-3 8.08155E-3 8.68844E-3 5.09349E-3 9.78692E-3 3.55509E-3 4.71839E-3 9.19682E-3 9.90823E-3 7.967E-3 3.5166E-3 9.90006E-3 9.75369E-3 9.06835E-3 2.84385E-3 2.80015E-3 2.79781E-3 3.05637E-3 3.05802E-3 3.28869E-3 2.80001E-3 3.23895E-3 2.21348E-3 2.12349E-3 2.75738E-3 2.12339E-3 2.25214E-3 3.2342E-3 9.69379E-3 1.12143E-2 2.46769E-3
2.38108E-3 2.56495E-3 7.0721E-3 2.56622E-3 2.72165E-3 1.09245E-2 3.68035E-3 3.67476E-3 9.56882E-3 9.72184E-3 1.03555E-2 3.67405E-3 3.41435E-3 2.38167E-3 8.80209E-3 5.67774E-3 2.38095E-3 2.179E-3 2.02385E-3 2.89866E-3 9.22777E-3 5.19806E-3 6.97309E-3 6.47715E-3 4.79552E-3 3.66595E-3 3.41617E-3 8.21823E-3 8.60629E-3 3.41187E-3 3.36306E-3 3.36272E-3 5.1002E-3 5.09746E-3 8.08509E-3 8.56407E-3 4.10816E-3 9.20663E-3 9.88878E-3 9.20172E-3 9.88828E-3 5.52622E-3 9.91543E-3 3.84333E-3 9.06929E-3 7.28477E-3 2.64435E-3 3.10196E-3 4.06742E-3 4.06722E-3 2.8447E-3 3.33675E-3 2.64148E-3 3.28354E-3 3.53885E-3 2.60613E-3 4.37498E-3 2.41832E-3 1.00593E-2 5.6891E-3 1.13938E-2
2.41827E-3 2.80026E-3 3.94655E-3 2.38519E-3 9.46864E-3 1.03469E-2 3.95681E-3 8.82235E-3 1.03399E-2 1.03479E-2 9.62857E-3 2.42329E-3 3.46509E-3 1.93908E-3 2.59859E-3 2.05414E-3 1.90658E-3 2.052E-3 2.21084E-3 2.73431E-3 8.18769E-3 1.90802E-3 8.65834E-3 6.97103E-3 4.74996E-3 3.54508E-3 4.5516E-3 4.22969E-3 4.55292E-3 4.23622E-3 3.94784E-3 3.88838E-3 3.61635E-3 3.36353E-3 9.80454E-3 3.56063E-3 3.88591E-3 5.22556E-3 3.8861E-3 5.14937E-3 3.82829E-3 1.00696E-2 5.52918E-3 5.61774E-3 1.00701E-2 1.01493E-2 1.00672E-2 3.84353E-3 9.43278E-3 9.90874E-3 9.90584E-3 3.15299E-3 2.68299E-3 2.41796E-3 9.28016E-3 9.29186E-3 1.22649E-2 2.46069E-3 1.13829E-3 2.41711E-3 4.59871E-3
2.42161E-3 2.41886E-3 2.2115E-3 2.60088E-3 3.01332E-3 3.95157E-3 9.63559E-3 1.03616E-2 2.85002E-3 3.72517E-3 8.94258E-3 3.78884E-3 9.08222E-3 2.49512E-3 1.93831E-3 1.79669E-3 1.9356E-3 1.79624E-3 2.08467E-3 2.73608E-3 8.30662E-3 1.64515E-3 2.01883E-3 5.91324E-3 1.57013E-3 6.18133E-3 3.87087E-3 2.62061E-3 3.54853E-3 4.74313E-3 4.53894E-3 4.55885E-3 3.9448E-3 3.88122E-3 3.88702E-3 4.17342E-3 4.17643E-3 3.88384E-3 4.17743E-3 4.17745E-3 4.17723E-3 4.48977E-3 4.18046E-3 4.48978E-3 4.49086E-3 4.49194E-3 4.49217E-3 1.08031E-2 1.03046E-2 1.0302E-2 1.0302E-2 4.19674E-3 3.44472E-3 3.1564E-3 1.00521E-2 4.07003E-3 4.81483E-3 3.3996E-3 2.12476E-3 3.95383E-3 1.15433E-2
2.68407E-3 2.64346E-3 1.93705E-3 2.2104E-3 2.41682E-3 3.01553E-3 1.11039E-2 1.12857E-2 7.41317E-3 2.31768E-3 2.68341E-3 9.9145E-3 8.57732E-3 2.68567E-3 2.5297E-3 1.96761E-3 2.3116E-3 1.8234E-3 2.98411E-3 7.83708E-3 7.16947E-3 1.7731E-3 1.39344E-3 1.45611E-3 1.45589E-3 6.2616E-3 7.93851E-3 4.68139E-3 8.41712E-3 3.30717E-3 6.7778E-3 4.87741E-3 3.36352E-3 8.56239E-3 4.16897E-3 3.36009E-3 3.87726E-3 9.6562E-3 4.48155E-3 4.1722E-3 4.10497E-3 4.8157E-3 4.82198E-3 4.8243E-3 4.81969E-3 5.18082E-3 5.25903E-3 4.8988E-3 1.08037E-2 1.07927E-2 1.10742E-2 1.03075E-2 1.10742E-2 1.18983E-2 1.10822E-2 9.59899E-3 6.58142E-3 1.10769E-2 2.56392E-3 6.86794E-3 5.5661E-3
2.93333E-3 2.68421E-3 1.96693E-3 2.08426E-3 2.24548E-3 3.24074E-3 6.29831E-3 1.14561E-2 9.37708E-3 2.53246E-3 3.8408E-3 1.08239E-2 6.99047E-3 6.49396E-3 2.3505E-3 2.52932E-3 1.99517E-3 1.54674E-3 1.93416E-3 2.27469E-3 1.41684E-3 5.25651E-3 1.7708E-3 1.76887E-3 1.61684E-3 1.35195E-3 2.60585E-3 1.54596E-3 7.79846E-3 3.4683E-3 7.96462E-3 3.30928E-3 9.11791E-3 8.08789E-3 3.61004E-3 8.08985E-3 7.39671E-3 9.88614E-3 3.8205E-3 8.69688E-3 2.31527E-3 9.2694E-3 4.10377E-3 4.74092E-3 9.88774E-3 4.81505E-3 4.55732E-3 4.89645E-3 4.5578E-3 6.13051E-3 1.17739E-2 1.17795E-2 4.5578E-3 4.55889E-3 4.89529E-3 5.26054E-3 5.26306E-3 1.11047E-2 1.78298E-3 7.46683E-3 1.1461E-2
3.2034E-3 2.72679E-3 2.15331E-3 2.11967E-3 2.4564E-3 2.68408E-3 1.08155E-2 1.43185E-2 1.32123E-2 2.53409E-3 3.89786E-3 1.41788E-2 1.14268E-2 1.14012E-2 2.21681E-3 2.56565E-3 1.85328E-3 1.4571E-3 2.14615E-3 1.43539E-3 2.76958E-3 1.52752E-3 1.79329E-3 1.76939E-3 1.50425E-3 1.76976E-3 1.37378E-3 1.25333E-3 1.32954E-3 7.80076E-3 3.46325E-3 3.87986E-3 3.61615E-3 3.67078E-3 3.67097E-3 9.95508E-3 8.82883E-3 8.6961E-3 8.69567E-3 8.69355E-3 3.36835E-3 3.31594E-3 3.31577E-3 8.55113E-3 8.55987E-3 1.00245E-2 4.1714E-3 4.89409E-3 4.24176E-3 4.62193E-3 4.61702E-3 5.33453E-3 4.89787E-3 4.89763E-3 4.5567E-3 5.25096E-3 5.64544E-3 7.09414E-3 3.02969E-3 5.95212E-3 6.0661E-3
2.97765E-3 3.15493E-3 3.39865E-3 3.39867E-3 3.44983E-3 3.20686E-3 1.31988E-2 1.4194E-2 1.34141E-2 3.63644E-3 3.90673E-3 1.2269E-2 1.44038E-2 3.37656E-3 2.21758E-3 2.21462E-3 2.05554E-3 1.59483E-3 2.34363E-3 1.35447E-3 1.81932E-3 5.74669E-3 1.41684E-3 1.90176E-3 8.16402E-3 6.56993E-3 2.69426E-3 1.62138E-3 1.35298E-3 1.69227E-3 1.85096E-3 3.51559E-3 3.88288E-3 4.23929E-3 4.24176E-3 3.9469E-3 3.41534E-3 3.6683E-3 3.67007E-3 9.48652E-3 9.58555E-3 1.02094E-2 1.02069E-2 6.49494E-3 9.4853E-3 9.57578E-3 1.02069E-2 4.61504E-3 1.09478E-2 1.04495E-2 2.93104E-3 6.01931E-3 4.55317E-3 4.89527E-3 1.12517E-2 9.27796E-3 4.26985E-3 6.20008E-3 5.26546E-3 1.01778E-2 5.09478E-3
2.53208E-3 2.92972E-3 1.33263E-2 1.42154E-2 1.42051E-2 1.07695E-2 1.44003E-2 1.43933E-2 1.47412E-2 1.3418E-2 5.20503E-3 1.24572E-2 1.46166E-2 3.68791E-3 4.82244E-3 3.13139E-3 2.05615E-3 1.7451E-3 1.71644E-3 2.17686E-3 1.35406E-3 1.54675E-3 1.96067E-3 1.31256E-3 1.49973E-3 1.76561E-3 2.17338E-3 7.48238E-3 2.6996E-3 7.50195E-3 6.9745E-3 7.94479E-3 3.81033E-3 4.1661E-3 4.55247E-3 4.24277E-3 3.9469E-3 3.67186E-3 3.9387E-3 4.23948E-3 3.9469E-3 5.30598E-3 1.01947E-2 3.9452E-3 9.7346E-3 9.73459E-3 9.73039E-3 1.03611E-2 9.6286E-3 9.48851E-3 2.76633E-3 1.02039E-2 1.04622E-2 4.55913E-3 4.55539E-3 1.58278E-3 1.29934E-3 2.24263E-3 5.44613E-3 6.05908E-3 1.07778E-2
2.76677E-3 2.5701E-3 1.63266E-2 1.66249E-2 1.47755E-2 1.3746E-2 5.59679E-3 3.68572E-3 4.19966E-3 1.35143E-2 1.3937E-2 1.26673E-2 1.36039E-2 3.47866E-3 2.90753E-3 2.90421E-3 2.05625E-3 2.05513E-3 1.5024E-3 1.59236E-3 2.14232E-3 2.14539E-3 1.43719E-3 1.66544E-3 1.66577E-3 1.19822E-3 1.27099E-3 1.59021E-3 9.28684E-3 9.0779E-3 7.94043E-3 6.65312E-3 1.76753E-3 5.25092E-3 3.4874E-3 4.54302E-3 4.22966E-3 4.23169E-3 8.55568E-3 4.15809E-3 4.23699E-3 4.24073E-3 4.30123E-3 4.30351E-3 4.00864E-3 4.62485E-3 5.8782E-3 9.88456E-3 7.20162E-3 1.03586E-2 1.03475E-2 4.53457E-3 5.24536E-3 6.14529E-3 1.08114E-2 1.80637E-3 1.80144E-3 1.64602E-3 2.05158E-3 1.08716E-2 5.95712E-3
4.52147E-3 2.98014E-3 1.45301E-2 6.43985E-3 1.47876E-2 1.49909E-2 4.66886E-3 3.42436E-3 3.36888E-3 1.33816E-2 1.36065E-2 1.39209E-2 1.48563E-2 3.79923E-3 2.95234E-3 2.50389E-3 2.90507E-3 2.69782E-3 1.77015E-3 1.50089E-3 1.25234E-3 1.43243E-3 1.95929E-3 1.69011E-3 1.54573E-3 1.41422E-3 1.39057E-3 1.27093E-3 1.14413E-3 1.32847E-3 1.54342E-3 1.33081E-3 1.21521E-3 1.30966E-3 1.31065E-3 7.25966E-3 2.14676E-3 3.26063E-3 1.85188E-3 1.96051E-3 9.38935E-3 4.22536E-3 9.57243E-3 1.07625E-2 4.96651E-3 4.69782E-3 4.37337E-3 4.37232E-3 4.37443E-3 1.11297E-2 3.02252E-3 1.67148E-3 2.83132E-3 9.14903E-3 4.48133E-3 1.09567E-2 4.54922E-3 9.43683E-3 2.60164E-3 2.7548E-3 9.58976E-3
3.90768E-3 4.52368E-3 1.561E-2 1.68542E-2 8.92629E-3 1.52241E-2 1.38198E-2 3.23106E-3 2.9084E-3 1.26186E-2 1.48448E-2 4.03019E-3 1.41375E-2 3.28085E-3 2.99532E-3 2.32592E-3 3.17478E-3 2.69742E-3 1.64351E-3 1.52275E-3 1.27166E-3 1.25265E-3 1.25291E-3 1.14384E-3 1.41025E-3 1.93184E-3 1.19943E-3 1.17972E-3 1.25206E-3 1.16109E-3 1.23309E-3 1.45392E-3 1.25319E-3 1.34965E-3 1.56974E-3 2.344E-3 1.85299E-3 3.35891E-3 1.87913E-3 1.48102E-3 1.71743E-3 2.17663E-3 2.52228E-3 2.52401E-3 4.60057E-3 4.68421E-3 5.02986E-3 5.02961E-3 5.81071E-3 5.04391E-3 3.24914E-3 2.67691E-3 1.76947E-3 9.10966E-3 1.01138E-2 1.10415E-2 9.73894E-3 2.83937E-3 2.08319E-3 2.4108E-3 2.59932E-3
4.20502E-3 6.01482E-3 1.37287E-2 1.39424E-2 1.70965E-2 1.52204E-2 1.40342E-2 3.48176E-3 3.47437E-3 3.74176E-3 1.41239E-2 4.09426E-3 1.41356E-2 3.28102E-3 2.99383E-3 2.73831E-3 3.4716E-3 2.36226E-3 2.32476E-3 1.41486E-3 1.39189E-3 1.61676E-3 1.74178E-3 1.35127E-3 1.1268E-3 1.63768E-3 1.63882E-3 1.63956E-3 1.39273E-3 1.18001E-3 1.2908E-3 1.27131E-3 1.47642E-3 1.37109E-3 2.17436E-3 2.5614E-3 2.56368E-3 3.67025E-3 1.64557E-3 2.3779E-3 2.38284E-3 2.05506E-3 1.77072E-3 1.87726E-3 2.17555E-3 2.52152E-3 2.30863E-3 2.1128E-3 9.38936E-3 1.02756E-2 2.15027E-3 1.69311E-3 1.54566E-3 1.6644E-3 1.7939E-3 2.27358E-3 1.79533E-3 1.93265E-3 1.66698E-3 1.66606E-3 2.6403E-3
6.09962E-3 6.56996E-3 1.48484E-2 1.50678E-2 1.50802E-2 1.41534E-2 1.43157E-2 5.85172E-3 3.79753E-3 5.75878E-3 1.30218E-2 1.30288E-2 1.52269E-2 3.3324E-3 2.58338E-3 2.58105E-3 3.79174E-3 2.78247E-3 2.98982E-3 2.54109E-3 1.64268E-3 1.74152E-3 1.47801E-3 1.45526E-3 1.23355E-3 1.23386E-3 1.04434E-3 1.1958E-3 1.63801E-3 1.52187E-3 1.64014E-3 1.39133E-3 1.39084E-3 1.47731E-3 1.87576E-3 2.02094E-3 2.24347E-3 2.64176E-3 1.93763E-3 2.05108E-3 2.63902E-3 2.24504E-3 2.08457E-3 1.90725E-3 1.61822E-3 1.61773E-3 1.47917E-3 1.59276E-3 1.5926E-3 2.3411E-3 1.85104E-3 2.02184E-3 1.50191E-3 1.47805E-3 1.71571E-3 1.87707E-3 1.59403E-3 1.8492E-3 1.878E-3 1.85206E-3 1.10411E-2
4.33553E-3 1.41478E-2 1.21238E-2 1.12708E-2 1.53695E-2 1.43088E-2 1.65715E-2 4.15877E-3 3.27875E-3 1.0447E-2 3.85983E-3 4.45893E-3 1.52082E-2 4.20206E-3 3.08745E-3 3.04238E-3 3.84598E-3 2.78052E-3 2.03106E-3 2.1561E-3 1.64187E-3 1.39231E-3 1.37115E-3 1.37143E-3 1.25202E-3 1.591E-3 1.14482E-3 1.23293E-3 1.23393E-3 1.21622E-3 1.43265E-3 1.21542E-3 1.29099E-3 1.52347E-3 1.79571E-3 1.66803E-3 1.93359E-3 2.63994E-3 2.15373E-3 1.54924E-3 2.11472E-3 1.8254E-3 1.93474E-3 2.11619E-3 1.79714E-3 1.93387E-3 1.90621E-3 1.76887E-3 1.59284E-3 1.74165E-3 1.87632E-3 1.93589E-3 1.66753E-3 1.64195E-3 1.76957E-3 1.90422E-3 1.77037E-3 2.05322E-3 2.05404E-3 2.7621E-3 1.19051E-2
6.28502E-3 1.63173E-2 9.68412E-3 1.65415E-2 1.53923E-2 1.52498E-2 1.54235E-2 4.88013E-3 3.89976E-3 4.19382E-3 5.91204E-3 3.36745E-3 4.14408E-3 1.52694E-2 2.62792E-3 3.84636E-3 2.6215E-3 2.22189E-3 2.00062E-3 2.736E-3 2.15729E-3 1.99972E-3 1.64186E-3 1.77166E-3 1.29266E-3 1.39224E-3 1.3715E-3 1.37288E-3 1.61758E-3 1.87877E-3 1.35202E-3 1.33047E-3 1.66461E-3 2.1124E-3 2.11639E-3 2.14882E-3 1.82595E-3 2.487E-3 1.00456E-2 2.18878E-3 2.34794E-3 2.35037E-3 1.99627E-3 2.31171E-3 1.93522E-3 1.77054E-3 1.93359E-3 1.64318E-3 1.50056E-3 1.66669E-3 1.66728E-3 2.31159E-3 1.82786E-3 1.82405E-3 2.14616E-3 1.54798E-3 2.11472E-3 2.31503E-3 2.24549E-3 9.69548E-3 3.24708E-3
3.73919E-3 4.72729E-3 1.51984E-2 1.72894E-2 1.73625E-2 1.5442E-2 1.54346E-2 1.5299E-2 4.21367E-3 4.52844E-3 1.42E-2 4.53287E-3 3.62287E-3 1.52473E-2 3.36668E-3 3.11939E-3 2.43275E-3 2.22323E-3 2.39306E-3 2.99308E-3 2.39425E-3 2.15513E-3 2.3258E-3 3.46888E-3 2.36096E-3 2.50189E-3 1.77148E-3 3.12876E-3 2.05718E-3 2.2145E-3 1.59524E-3 1.59308E-3 1.57021E-3 1.57139E-3 2.17806E-3 2.34618E-3 2.52932E-3 1.85217E-3 2.52857E-3 1.31885E-2 2.18782E-3 2.76255E-3 2.35166E-3 1.99478E-3 1.69299E-3 2.14786E-3 1.71851E-3 1.96467E-3 1.57344E-3 2.02594E-3 2.02494E-3 2.35037E-3 3.20261E-3 2.18565E-3 1.88121E-3 1.72048E-3 2.34968E-3 2.88583E-3 2.21337E-3 3.01052E-3 2.64658E-3
3.79866E-3 4.08824E-3 1.4284E-2 1.4316E-2 1.65715E-2 1.6163E-2 1.65794E-2 1.5442E-2 4.88372E-3 5.93705E-3 4.52844E-3 1.42035E-2 4.21262E-3 4.20746E-3 3.63277E-3 2.89852E-3 2.66138E-3 2.86307E-3 2.39712E-3 3.26934E-3 2.06364E-3 2.03076E-3 3.73164E-3 3.52214E-3 2.36048E-3 1.76847E-3 2.20834E-3 3.89633E-3 2.38672E-3 2.56452E-3 1.74605E-3 1.61935E-3 1.87783E-3 2.38341E-3 2.05769E-3 1.7465E-3 2.563E-3 1.74737E-3 2.96873E-3 1.15404E-2 4.21119E-3 3.37039E-3 2.76282E-3 1.88468E-3 1.87981E-3 2.56565E-3 1.7492E-3 2.38615E-3 3.62427E-3 4.26285E-3 2.21637E-3 3.19789E-3 5.92107E-3 3.68844E-3 3.13637E-3 3.6316E-3 3.44359E-3 2.64451E-3 2.08654E-3 2.15149E-3 3.38969E-3
4.85094E-3 4.86194E-3 5.22452E-3 1.65437E-2 1.54345E-2 1.65754E-2 1.54272E-2 1.73376E-2 1.65794E-2 1.43727E-2 4.21885E-3 5.9327E-3 1.06098E-2 4.20539E-3 3.90559E-3 3.12177E-3 3.35988E-3 2.66271E-3 3.0853E-3 2.8652E-3 2.25672E-3 2.58272E-3 3.57113E-3 2.39568E-3 2.1899E-3 1.41351E-3 1.29096E-3 1.87558E-3 3.12643E-3 2.32685E-3 2.50315E-3 2.90277E-3 1.90726E-3 2.56451E-3 3.37204E-3 3.37239E-3 2.05688E-3 3.12643E-3 2.21472E-3 2.38366E-3 1.15449E-2 2.70696E-3 2.90667E-3 4.26099E-3 2.91114E-3 3.36906E-3 4.25848E-3 5.01111E-3 2.91403E-3 3.42384E-3 2.05678E-3 2.56604E-3 4.32277E-3 4.02877E-3 6.09573E-3 6.3634E-3 2.84567E-3 2.35095E-3 2.17979E-3 3.43835E-3 2.89022E-3
3.85015E-3 1.54011E-2 6.39349E-3 4.534E-3 1.54049E-2 1.54309E-2 1.52953E-2 1.1418E-2 1.4338E-2 9.03969E-3 1.5442E-2 1.52843E-2 4.52732E-3 3.13425E-3 2.89714E-3 3.11868E-3 3.61921E-3 3.35996E-3 3.35738E-3 2.86463E-3 2.43396E-3 4.18233E-3 2.4705E-3 2.06115E-3 2.77914E-3 2.03342E-3 2.00113E-3 2.15611E-3 2.94605E-3 2.94912E-3 2.70023E-3 2.50402E-3 1.64359E-3 2.90277E-3 3.95794E-3 4.02264E-3 2.74582E-3 2.69958E-3 2.90436E-3 2.90594E-3 4.32193E-3 4.0258E-3 3.47504E-3 3.74084E-3 3.47522E-3 3.47247E-3 2.69957E-3 4.25785E-3 3.95948E-3 5.99985E-3 2.06302E-3 3.22787E-3 2.78677E-3 4.64585E-3 2.72087E-3 2.45371E-3 2.02977E-3 3.18014E-3 1.74895E-3 2.31286E-3 2.8465E-3
3.57714E-3 1.43172E-2 1.65754E-2 1.53064E-2 1.52806E-2 1.54197E-2 1.43623E-2 1.14291E-2 5.93704E-3 1.4338E-2 1.65754E-2 5.93994E-3 3.37589E-3 3.37004E-3 3.12882E-3 3.12959E-3 9.85201E-3 3.13193E-3 2.6881E-3 2.46964E-3 3.35829E-3 3.12805E-3 2.25943E-3 2.09379E-3 3.572E-3 2.82395E-3 2.82325E-3 2.78067E-3 2.7797E-3 2.78399E-3 3.47283E-3 2.5817E-3 2.54199E-3 2.95073E-3 2.99829E-3 3.22388E-3 4.32682E-3 3.47968E-3 2.74406E-3 2.99533E-3 2.99621E-3 3.73643E-3 3.4735E-3 4.39215E-3 3.7994E-3 3.22739E-3 2.74268E-3 3.22036E-3 1.77387E-3 2.70118E-3 4.51449E-3 4.87896E-3 6.28264E-3 2.02755E-3 1.4609E-3 2.50765E-3 4.79844E-3 6.1968E-3 4.26579E-3 2.64464E-3 1.04818E-2
3.12664E-3 4.50825E-3 1.65476E-2 1.65873E-2 6.39194E-3 1.43415E-2 1.54234E-2 1.54346E-2 1.5299E-2 1.42173E-2 1.61475E-2 5.94139E-3 3.63367E-3 3.13037E-3 2.69745E-3 3.13037E-3 5.50667E-3 2.70486E-3 2.50675E-3 3.13038E-3 3.9008E-3 2.49804E-3 3.11545E-3 2.86391E-3 3.26804E-3 2.82394E-3 3.32382E-3 3.08515E-3 2.82254E-3 4.4541E-3 4.15098E-3 2.43434E-3 2.77969E-3 3.79641E-3 4.46636E-3 3.05011E-3 3.79681E-3 4.79915E-3 4.15099E-3 3.58402E-3 3.58225E-3 3.58137E-3 3.27793E-3 3.57766E-3 4.14813E-3 3.32729E-3 3.85034E-3 2.40408E-3 3.32648E-3 4.8718E-3 1.77798E-2 1.73335E-2 3.18596E-3 1.64854E-3 4.08463E-3 1.52157E-2 1.42978E-2 4.65927E-3 2.31813E-3 2.49068E-3 2.38249E-3
4.21781E-3 4.52845E-3 1.52768E-2 1.73459E-2 1.43762E-2 1.42277E-2 1.4345E-2 1.65715E-2 1.54383E-2 6.39194E-3 1.65675E-2 1.14263E-2 3.63457E-3 2.90794E-3 2.69678E-3 3.90655E-3 5.50264E-3 4.2033E-3 4.20124E-3 4.20124E-3 2.69946E-3 2.68676E-3 2.65886E-3 2.46828E-3 2.12447E-3 3.08299E-3 3.89477E-3 2.66206E-3 2.82283E-3 3.32646E-3 4.50365E-3 2.4364E-3 3.22084E-3 6.27431E-3 1.52229E-2 1.22392E-2 4.86563E-3 4.20115E-3 4.19384E-3 4.51377E-3 4.51387E-3 4.19392E-3 4.19494E-3 3.36502E-3 4.52179E-3 3.62652E-3 3.3667E-3 5.24276E-3 1.22702E-2 1.53901E-2 1.39121E-2 3.96981E-3 3.00305E-3 4.85215E-3 1.53975E-2 6.3618E-3 6.18529E-3 2.22275E-3 2.52997E-3 2.28192E-3 2.41814E-3
1.54383E-2 4.88491E-3 1.43554E-2 1.65675E-2 1.73584E-2 1.43727E-2 1.52843E-2 1.54123E-2 1.65754E-2 1.54346E-2 1.65794E-2 1.42346E-2 3.63457E-3 3.13115E-3 2.69813E-3 1.31898E-2 2.90939E-3 2.90576E-3 2.69746E-3 2.69544E-3 2.50236E-3 2.50236E-3 2.69611E-3 2.69544E-3 2.31574E-3 3.3558E-3 4.52178E-3 2.69274E-3 3.35746E-3 5.92254E-3 3.12326E-3 2.86748E-3 2.8241E-3 3.27096E-3 5.8351E-3 1.42911E-2 1.65714E-2 1.43761E-2 4.21575E-3 4.87417E-3 4.53732E-3 3.91525E-3 4.52734E-3 4.21262E-3 3.91524E-3 6.86032E-3 1.22672E-2 1.85848E-2 6.37635E-3 3.18059E-3 2.51164E-3 3.61794E-3 6.38105E-3 1.52769E-2 4.52041E-3 4.14448E-3 1.88158E-3 1.41342E-2 2.93404E-3 2.843E-3 2.5628E-3
1.73418E-2 1.73459E-2 1.7375E-2 1.43797E-2 1.65755E-2 1.65834E-2 1.14263E-2 1.42069E-2 1.54086E-2 1.54197E-2 1.61553E-2 1.43657E-2 3.63727E-3 3.13115E-3 2.90649E-3 1.31834E-2 2.69947E-3 3.12958E-3 2.90722E-3 2.50362E-3 2.50299E-3 2.6941E-3 2.90287E-3 2.50173E-3 2.68608E-3 3.3692E-3 3.9056E-3 2.89942E-3 3.37171E-3 4.19817E-3 2.86791E-3 3.57411E-3 3.58065E-3 2.82199E-3 3.2711E-3 1.135E-2 1.539E-2 6.72191E-3 6.39503E-3 1.43277E-2 1.73293E-2 1.53064E-2 4.88252E-3 1.52769E-2 1.4338E-2 1.54049E-2 4.53175E-3 3.61653E-3 2.4006E-3 2.62242E-3 6.37018E-3 5.94138E-3 1.65516E-2 1.42276E-2 1.52166E-2 2.78607E-3 1.74292E-3 2.2775E-3 2.49375E-3 2.12251E-3 1.82788E-3
6.39195E-3 6.37795E-3 7.21394E-3 6.73646E-3 1.65953E-2 1.61631E-2 1.14291E-2 4.53177E-3 1.42069E-2 1.42069E-2 1.50106E-2 1.50395E-2 3.91716E-3 3.13349E-3 3.13193E-3 3.90176E-3 2.1577E-3 3.62559E-3 3.37088E-3 2.70014E-3 2.90433E-3 2.32502E-3 2.50174E-3 2.15554E-3 2.50049E-3 3.62649E-3 3.62829E-3 3.13425E-3 4.20023E-3 2.69224E-3 2.68871E-3 2.86421E-3 3.90271E-3 2.29348E-3 2.86534E-3 3.89391E-3 3.61922E-3 1.14041E-2 1.43519E-2 3.92006E-3 5.92402E-3 1.54012E-2 1.735E-2 1.53101E-2 4.53178E-3 4.20539E-3 3.9104E-3 2.47645E-3 3.63009E-3 4.20953E-3 1.52695E-2 1.61514E-2 1.53064E-2 1.42277E-2 4.19684E-3 2.7405E-3 1.35215E-3 2.30747E-3 9.06135E-3 1.3289E-2 1.22623E-2
