day_2/Results/Podomys_floridanus/projections/PaleoClim/-21000/RUN_1.asc
ncols         385
nrows         252
xllcorner     -91.50013924285
yllcorner     25.49986064915003
cellsize      0.041666666500000005
NODATA_value  -9999
[rows 135 to 161 of 252, columns 122 to 182 of 385]
1.97189E-3 1.30471E-3 4.14097E-4 3.59669E-4 3.18143E-4 2.90468E-4 2.80413E-4 3.93825E-4 4.42798E-4 5.53761E-4 5.9716E-4 8.24834E-4 1.02409E-3 1.14408E-3 1.27378E-3 1.42817E-3 1.58039E-3 1.5137E-3 1.48284E-3 1.86472E-3 2.54086E-3 1.8186E-3 1.81619E-3 2.01954E-3 1.66306E-3 1.8379E-3 1.65713E-3 1.66962E-3 1.65791E-3 1.83089E-3 2.00146E-3 1.82953E-3 2.82803E-3 5.87222E-3 2.24376E-3 2.26349E-3 2.28465E-3 2.30955E-3 2.34827E-3 2.84888E-3 2.89142E-3 2.87293E-3 2.67109E-3 2.66102E-3 2.6455E-3 2.62193E-3 2.62572E-3 2.67638E-3 2.61855E-3 3.04396E-3 3.58675E-3 3.54204E-3 3.7938E-3 8.06961E-3 8.07239E-3 8.02671E-3 8.77917E-3 9.11036E-3 8.77322E-3 8.17976E-3 3.87761E-3
2.23893E-3 2.2329E-3 2.20215E-3 1.57208E-3 5.98283E-4 6.69118E-4 7.21587E-4 5.70836E-4 5.65482E-4 6.34299E-4 7.08924E-4 8.85954E-4 1.08661E-3 1.35058E-3 1.3644E-3 1.65604E-3 1.60211E-3 1.56983E-3 1.74356E-3 1.73963E-3 2.11259E-3 1.93314E-3 1.93487E-3 1.9395E-3 1.72763E-3 1.56684E-3 1.55412E-3 1.70733E-3 1.72136E-3 1.72247E-3 2.13169E-3 1.95897E-3 2.36226E-3 2.86763E-3 2.29259E-3 2.02451E-3 2.02205E-3 1.90174E-3 1.93309E-3 2.30243E-3 2.89892E-3 2.86303E-3 2.53848E-3 2.49876E-3 2.46568E-3 2.55378E-3 2.6241E-3 2.14525E-3 2.34742E-3 2.89202E-3 2.86641E-3 2.94679E-3 2.97038E-3 3.98233E-3 3.96257E-3 8.27672E-3 8.2563E-3 8.45408E-3 8.50331E-3 9.3754E-3 9.33329E-3
3.02989E-3 3.01596E-3 2.57121E-3 2.58022E-3 1.66145E-3 5.97838E-4 7.73932E-4 9.59539E-4 2.25269E-3 1.15978E-3 1.02733E-3 9.12178E-4 9.29158E-4 1.29644E-3 1.57564E-3 1.86372E-3 1.82213E-3 1.6581E-3 1.84322E-3 2.03394E-3 1.85097E-3 1.80559E-3 1.81566E-3 1.83404E-3 1.65478E-3 1.73935E-3 1.66144E-3 1.66248E-3 1.80647E-3 1.82408E-3 1.9673E-3 1.94345E-3 1.98872E-3 1.94206E-3 1.93558E-3 1.90161E-3 1.71573E-3 1.54325E-3 1.73596E-3 1.78951E-3 2.61622E-3 2.40903E-3 2.19092E-3 2.43953E-3 2.42271E-3 2.19108E-3 2.40845E-3 2.47737E-3 2.25657E-3 2.70199E-3 3.07243E-3 3.04684E-3 3.02425E-3 3.30256E-3 3.30997E-3 4.18008E-3 4.19468E-3 8.72665E-3 4.18032E-3 8.72199E-3 9.5903E-3
4.30468E-3 3.84359E-3 3.67903E-3 4.07462E-3 4.08966E-3 2.82928E-3 2.23432E-3 9.25861E-4 1.14008E-3 2.06423E-3 3.19965E-3 3.14841E-3 1.20469E-3 1.11093E-3 1.50244E-3 1.6724E-3 1.75559E-3 1.76504E-3 1.8059E-3 1.72943E-3 1.77086E-3 1.77299E-3 1.94601E-3 1.93275E-3 1.69783E-3 1.69651E-3 1.69051E-3 1.78811E-3 1.79738E-3 1.85263E-3 1.7165E-3 1.64657E-3 1.75794E-3 1.77945E-3 1.78621E-3 1.74562E-3 1.58892E-3 1.64673E-3 1.83251E-3 2.02557E-3 2.23081E-3 2.76508E-3 2.23667E-3 2.25388E-3 2.30728E-3 2.32368E-3 2.33487E-3 2.31797E-3 2.31915E-3 2.84765E-3 3.15388E-3 2.85054E-3 3.14272E-3 3.41488E-3 3.48747E-3 3.53613E-3 4.29766E-3 7.10624E-3 4.3235E-3 9.17963E-3 9.23104E-3
5.13317E-3 5.08632E-3 4.91307E-3 4.9087E-3 4.39298E-3 4.20409E-3 4.19385E-3 2.52204E-3 9.96711E-4 1.17964E-3 1.46938E-3 1.63117E-3 3.72745E-3 2.17478E-3 1.43967E-3 1.328E-3 1.95607E-3 1.91051E-3 1.84308E-3 1.85484E-3 1.85045E-3 1.81072E-3 1.79876E-3 1.79176E-3 1.97981E-3 1.79131E-3 1.79678E-3 1.80762E-3 1.63042E-3 1.72698E-3 1.49249E-3 1.65549E-3 1.66386E-3 1.66E-3 1.67417E-3 1.68926E-3 1.68765E-3 1.87971E-3 2.06793E-3 2.08003E-3 1.95621E-3 2.60947E-3 2.37229E-3 2.37415E-3 2.37863E-3 2.39547E-3 2.41942E-3 2.41416E-3 2.46071E-3 2.94009E-3 2.66641E-3 2.93463E-3 3.30129E-3 3.30035E-3 3.30143E-3 3.62677E-3 3.97619E-3 4.42713E-3 3.98048E-3 4.99427E-3 9.49878E-3
6.11239E-3 6.09403E-3 5.83934E-3 5.8206E-3 5.243E-3 5.04621E-3 5.03774E-3 5.06093E-3 3.84292E-3 2.94696E-3 1.26752E-3 1.57251E-3 1.69011E-3 2.09423E-3 2.19605E-3 1.95628E-3 1.823E-3 2.14293E-3 2.13165E-3 2.14678E-3 2.14493E-3 2.08498E-3 2.08719E-3 1.90887E-3 1.89957E-3 1.92145E-3 1.81265E-3 1.71135E-3 1.66493E-3 1.5774E-3 1.58991E-3 1.75809E-3 1.7593E-3 1.76488E-3 1.79232E-3 1.80353E-3 1.78109E-3 1.98476E-3 1.9852E-3 2.20486E-3 2.0086E-3 2.21165E-3 2.44101E-3 2.23384E-3 2.23424E-3 2.54812E-3 2.53397E-3 2.30841E-3 2.5339E-3 3.04702E-3 3.1366E-3 2.85306E-3 3.10774E-3 3.37543E-3 3.72384E-3 3.3981E-3 3.80144E-3 4.67282E-3 4.17885E-3 5.11985E-3 1.06559E-2
7.78561E-3 7.91994E-3 6.91341E-3 6.89385E-3 6.9045E-3 6.01097E-3 5.97143E-3 5.97131E-3 5.8079E-3 4.80878E-3 3.71564E-3 1.50005E-3 1.62649E-3 1.99475E-3 2.19838E-3 2.50169E-3 2.06757E-3 2.01118E-3 2.18306E-3 2.04254E-3 2.24049E-3 2.45553E-3 2.42685E-3 2.0149E-3 2.1474E-3 1.83219E-3 1.77916E-3 1.76593E-3 1.68317E-3 1.76823E-3 1.76916E-3 1.77343E-3 1.69678E-3 1.87137E-3 1.89577E-3 1.91041E-3 1.90664E-3 2.11972E-3 2.33886E-3 2.321E-3 2.33776E-3 2.13527E-3 2.56849E-3 2.35839E-3 2.36341E-3 2.59985E-3 2.3938E-3 2.59451E-3 2.62056E-3 2.67218E-3 2.91604E-3 3.58537E-3 3.91515E-3 3.88717E-3 4.77284E-3 4.77113E-3 5.21843E-3 1.08494E-2 1.0845E-2 4.33079E-3 5.30447E-3
1.03988E-2 1.11936E-2 9.19568E-3 8.08737E-3 8.13098E-3 7.14754E-3 7.13803E-3 7.1358E-3 6.96178E-3 6.93975E-3 6.91272E-3 6.46115E-3 4.69469E-3 5.39212E-3 2.33074E-3 2.40607E-3 2.64794E-3 4.46391E-3 2.87886E-3 2.18908E-3 2.27962E-3 2.33749E-3 2.57801E-3 2.29495E-3 1.96892E-3 1.77505E-3 1.77876E-3 1.86876E-3 1.81457E-3 1.88551E-3 1.83494E-3 1.84482E-3 1.75938E-3 1.98382E-3 1.9854E-3 1.99117E-3 2.23084E-3 2.44169E-3 2.22088E-3 2.45073E-3 2.49576E-3 2.21617E-3 2.50527E-3 2.74426E-3 2.76749E-3 2.7679E-3 3.02364E-3 3.01721E-3 2.74783E-3 3.39541E-3 3.67949E-3 3.34335E-3 3.6516E-3 3.99616E-3 4.09477E-3 4.48415E-3 4.99894E-3 1.03821E-2 1.12809E-2 1.17711E-2 6.09136E-3
1.10697E-2 1.06558E-2 1.08037E-2 1.04925E-2 9.486E-3 9.55658E-3 9.20766E-3 8.4125E-3 8.24669E-3 8.22651E-3 8.11937E-3 8.93377E-3 9.55447E-3 1.05803E-2 8.86788E-3 6.2756E-3 2.31616E-3 2.82431E-3 6.55667E-3 3.03346E-3 2.52135E-3 2.25826E-3 2.11632E-3 1.91698E-3 1.89506E-3 1.8775E-3 1.89228E-3 1.93698E-3 1.93993E-3 1.9391E-3 1.84585E-3 1.95179E-3 1.91383E-3 2.11988E-3 2.07019E-3 2.0751E-3 2.08525E-3 2.37221E-3 2.3074E-3 2.62574E-3 2.9039E-3 2.90094E-3 2.92939E-3 2.89388E-3 2.84233E-3 2.9445E-3 3.16641E-3 3.17304E-3 2.90956E-3 3.18047E-3 3.54054E-3 3.87726E-3 3.84704E-3 3.83171E-3 4.20162E-3 4.1846E-3 5.12147E-3 5.6007E-3 1.16754E-2 1.15966E-2 1.21202E-2
1.5701E-2 1.56565E-2 1.5271E-2 1.37894E-2 1.35335E-2 1.21701E-2 1.07891E-2 1.07584E-2 9.91587E-3 9.69978E-3 9.63182E-3 1.04639E-2 1.01471E-2 1.11452E-2 1.23386E-2 1.32001E-2 1.25848E-2 1.16294E-2 8.34285E-3 1.8339E-2 3.15245E-3 2.48995E-3 1.98007E-3 2.12512E-3 1.99088E-3 2.01219E-3 2.01391E-3 2.01626E-3 2.01806E-3 2.05975E-3 2.06392E-3 1.97281E-3 2.02943E-3 2.18566E-3 2.19084E-3 2.20376E-3 2.21253E-3 2.21588E-3 2.45055E-3 2.47602E-3 2.68105E-3 2.99283E-3 2.75151E-3 3.2904E-3 3.03124E-3 3.02148E-3 2.9974E-3 3.3575E-3 3.05572E-3 3.35925E-3 3.67177E-3 3.65207E-3 3.95131E-3 3.93067E-3 4.30152E-3 4.39794E-3 4.8082E-3 5.43348E-3 5.89163E-3 9.72847E-3 1.26712E-2
3.48784E-2 3.33266E-2 3.42301E-2 1.80916E-2 1.61962E-2 1.41904E-2 1.30229E-2 1.25797E-2 1.26972E-2 1.23251E-2 1.23132E-2 1.22089E-2 1.34654E-2 1.3019E-2 1.30762E-2 1.44263E-2 1.4128E-2 1.34683E-2 1.6542E-2 1.79869E-2 2.89299E-2 3.44554E-3 2.62599E-3 2.87504E-3 2.3113E-3 2.24904E-3 2.13294E-3 2.2512E-3 2.1865E-3 2.14022E-3 2.14432E-3 2.15725E-3 2.35345E-3 2.10576E-3 2.30787E-3 2.30689E-3 2.33096E-3 2.35014E-3 2.84459E-3 2.61805E-3 3.14236E-3 3.15746E-3 3.1695E-3 3.15546E-3 2.90956E-3 2.92267E-3 2.92033E-3 3.2007E-3 2.9192E-3 3.16474E-3 3.53116E-3 3.85783E-3 4.21746E-3 4.18707E-3 4.57295E-3 4.54675E-3 4.98282E-3 4.96681E-3 6.09309E-3 6.66624E-3 6.64687E-3
2.86926E-2 3.47486E-2 3.51822E-2 1.91851E-2 1.88454E-2 1.88688E-2 1.51497E-2 1.49109E-2 1.48396E-2 1.47702E-2 1.43802E-2 1.43107E-2 1.57219E-2 1.57146E-2 1.51365E-2 1.5098E-2 1.52411E-2 1.41459E-2 1.73351E-2 1.72787E-2 1.88753E-2 1.85078E-2 1.18121E-2 3.13412E-3 3.4035E-3 2.43867E-3 2.24181E-3 2.25365E-3 2.26094E-3 2.25034E-3 2.24761E-3 2.26808E-3 2.42535E-3 2.23379E-3 2.4304E-3 2.69598E-3 2.70373E-3 2.72101E-3 2.98943E-3 2.74949E-3 3.3039E-3 3.0317E-3 3.31927E-3 3.34978E-3 3.66286E-3 3.98356E-3 3.63376E-3 3.95443E-3 3.96367E-3 3.66314E-3 3.97065E-3 3.94665E-3 4.32491E-3 4.32186E-3 4.68939E-3 4.65746E-3 5.0965E-3 5.07737E-3 6.23192E-3 6.36961E-3 6.95859E-3
3.29955E-2 4.09495E-2 4.00681E-2 4.03609E-2 1.92437E-2 1.88777E-2 1.74433E-2 1.77113E-2 1.72327E-2 1.71364E-2 1.70616E-2 1.65717E-2 1.57261E-2 1.57307E-2 1.56698E-2 1.51779E-2 1.53192E-2 1.53912E-2 1.48947E-2 1.81468E-2 1.97815E-2 1.97478E-2 1.77659E-2 1.73757E-2 3.17463E-3 7.06759E-3 2.36033E-3 2.36996E-3 2.51504E-3 2.37486E-3 2.60361E-3 2.6269E-3 2.55464E-3 2.35082E-3 2.64866E-3 2.83372E-3 2.84446E-3 3.14337E-3 3.15568E-3 3.17658E-3 3.18408E-3 3.49198E-3 3.48428E-3 3.82035E-3 3.8467E-3 3.80895E-3 3.81855E-3 4.17797E-3 4.21564E-3 3.86682E-3 4.20378E-3 4.51665E-3 4.51788E-3 4.51785E-3 4.93674E-3 4.89803E-3 5.36005E-3 5.33435E-3 5.83993E-3 6.5183E-3 7.1147E-3
5.1957E-2 5.21435E-2 5.10003E-2 4.57914E-2 4.55225E-2 1.77964E-2 1.81523E-2 1.76626E-2 1.77144E-2 1.7233E-2 1.87248E-2 1.87575E-2 1.82314E-2 1.81119E-2 1.80545E-2 1.8213E-2 1.97504E-2 1.77051E-2 1.76504E-2 2.14791E-2 1.89953E-2 3.94081E-2 2.09588E-2 2.05825E-2 1.69621E-2 2.19504E-2 3.79586E-3 2.64596E-3 2.5134E-3 2.50478E-3 2.74163E-3 2.73919E-3 2.78565E-3 2.5023E-3 2.72672E-3 3.06078E-3 3.07542E-3 3.28881E-3 3.31982E-3 3.33494E-3 3.65284E-3 4.01529E-3 4.03308E-3 3.70859E-3 3.71133E-3 4.04153E-3 4.04604E-3 4.36515E-3 4.40898E-3 4.05549E-3 4.39648E-3 4.74017E-3 4.7877E-3 4.78045E-3 5.09454E-3 5.0747E-3 5.5422E-3 5.52102E-3 6.03829E-3 7.36769E-3 7.34324E-3
6.44687E-2 6.02852E-2 5.8949E-2 5.8463E-2 4.90121E-2 2.0992E-2 2.07225E-2 2.08719E-2 2.03376E-2 2.03027E-2 2.02079E-2 1.96721E-2 2.15452E-2 2.1385E-2 2.10265E-2 2.34527E-2 2.56941E-2 2.03368E-2 2.26609E-2 2.46834E-2 2.46332E-2 4.62488E-2 4.53494E-2 2.20073E-2 1.64926E-2 2.14499E-2 2.14588E-2 8.08686E-3 2.64651E-3 2.90452E-3 2.88971E-3 3.19005E-3 3.20366E-3 3.22441E-3 3.21127E-3 3.53106E-3 3.86126E-3 3.49145E-3 3.46725E-3 3.93491E-3 3.94802E-3 3.86214E-3 3.85505E-3 4.22878E-3 4.22094E-3 4.21654E-3 4.6263E-3 4.62054E-3 4.63485E-3 4.6099E-3 4.60269E-3 4.89536E-3 4.8989E-3 4.88879E-3 5.32638E-3 5.3196E-3 5.80417E-3 5.78174E-3 6.31367E-3 6.89647E-3 7.68632E-3
7.19118E-2 7.27361E-2 6.6084E-2 6.07994E-2 5.58754E-2 2.42708E-2 2.23155E-2 2.39254E-2 2.38916E-2 2.33871E-2 2.32582E-2 2.32142E-2 2.45986E-2 2.45851E-2 2.47822E-2 2.40958E-2 2.40939E-2 2.94121E-2 2.92927E-2 2.84039E-2 2.83125E-2 5.33967E-2 5.29511E-2 2.52801E-2 1.92377E-2 2.09577E-2 2.26054E-2 1.87569E-2 3.57579E-3 3.28824E-3 3.05584E-3 3.3369E-3 3.35812E-3 3.12741E-3 3.38206E-3 4.02818E-3 4.03571E-3 4.07783E-3 4.12082E-3 3.79119E-3 4.16218E-3 4.14534E-3 4.53852E-3 4.54459E-3 4.42257E-3 4.42039E-3 4.84911E-3 4.84953E-3 4.83683E-3 5.26543E-3 5.27472E-3 5.11419E-3 5.11097E-3 5.12051E-3 5.58927E-3 5.5788E-3 6.09071E-3 6.05302E-3 6.43944E-3 7.86093E-3 7.85494E-3
8.28168E-2 8.17616E-2 7.93849E-2 6.86816E-2 3.32818E-2 3.04546E-2 2.80297E-2 2.80033E-2 2.72778E-2 2.73168E-2 2.73162E-2 2.66556E-2 2.89654E-2 2.92407E-2 2.83883E-2 2.83114E-2 2.84436E-2 3.06558E-2 3.3264E-2 3.32949E-2 4.95867E-2 6.10656E-2 6.05979E-2 4.44267E-2 5.43469E-2 2.20089E-2 2.6655E-2 2.43206E-2 2.37512E-2 1.13435E-2 3.7013E-3 3.61479E-3 3.94615E-3 3.94527E-3 3.95778E-3 4.35064E-3 4.00955E-3 3.93347E-3 3.94575E-3 3.95685E-3 4.32537E-3 4.77232E-3 4.77643E-3 4.7607E-3 5.21458E-3 4.63727E-3 4.65362E-3 5.08305E-3 5.06841E-3 5.51053E-3 5.37462E-3 5.36002E-3 5.35151E-3 5.84987E-3 5.83883E-3 5.70018E-3 6.23606E-3 6.77571E-3 6.74042E-3 7.33829E-3 8.20283E-3
8.79963E-2 7.64344E-2 8.09736E-2 7.8251E-2 7.21884E-2 7.15046E-2 7.55359E-2 7.01434E-2 3.44197E-2 3.04048E-2 3.01693E-2 3.05564E-2 3.0519E-2 3.30851E-2 3.69166E-2 3.20938E-2 3.23402E-2 3.90774E-2 3.89143E-2 3.7644E-2 7.11311E-2 7.07555E-2 7.02182E-2 6.91922E-2 6.34937E-2 3.06817E-2 5.85083E-2 5.80237E-2 5.64356E-2 5.66272E-2 1.73827E-2 3.70423E-3 4.27405E-3 4.17192E-3 4.18497E-3 4.21644E-3 4.23364E-3 4.60239E-3 4.63828E-3 4.17592E-3 4.55738E-3 4.97537E-3 4.98171E-3 4.99509E-3 5.44821E-3 5.33173E-3 4.89356E-3 5.33552E-3 5.29991E-3 5.27969E-3 5.61119E-3 5.60339E-3 5.59735E-3 6.1059E-3 5.95775E-3 6.02481E-3 6.57343E-3 6.55286E-3 7.12153E-3 7.76859E-3 8.4592E-3
-9999 8.73771E-2 3.60501E-2 8.49136E-2 8.89969E-2 8.69556E-2 8.67941E-2 9.24775E-2 8.46565E-2 3.91459E-2 3.53041E-2 3.45117E-2 3.75037E-2 4.1707E-2 4.07086E-2 4.07355E-2 3.66891E-2 4.06389E-2 4.30738E-2 4.33298E-2 8.07776E-2 8.02275E-2 7.92586E-2 5.90779E-2 7.27769E-2 3.57487E-2 3.58157E-2 6.67479E-2 6.66952E-2 6.0948E-2 6.08786E-2 2.19054E-2 4.61911E-3 4.50517E-3 4.50102E-3 4.50346E-3 4.92751E-3 4.82051E-3 4.83583E-3 4.87344E-3 4.87476E-3 5.33571E-3 5.20482E-3 5.21517E-3 5.68893E-3 5.57958E-3 5.10778E-3 5.58478E-3 5.58045E-3 5.43381E-3 5.89206E-3 5.88304E-3 5.86055E-3 6.2252E-3 6.28882E-3 6.87545E-3 6.85854E-3 7.4533E-3 7.26402E-3 7.91327E-3 7.89651E-3
-9999 -9999 9.74417E-2 3.80112E-2 9.67465E-2 1.0755E-1 9.99677E-2 9.77515E-2 1.03422E-1 9.66095E-2 4.42125E-2 4.02603E-2 4.83354E-2 4.71571E-2 4.73723E-2 4.69633E-2 4.58715E-2 4.5869E-2 5.01736E-2 7.30157E-2 9.10381E-2 9.071E-2 8.98734E-2 4.42924E-2 4.41092E-2 6.59031E-2 7.55181E-2 7.52701E-2 7.51288E-2 6.7454E-2 6.75632E-2 6.20303E-2 2.33813E-2 5.18982E-3 4.74284E-3 4.75021E-3 5.18791E-3 5.21223E-3 5.2453E-3 5.56561E-3 5.10529E-3 5.56583E-3 5.59165E-3 5.46015E-3 5.92896E-3 5.4789E-3 5.33578E-3 5.83939E-3 5.84141E-3 5.69225E-3 5.64915E-3 6.23387E-3 6.07558E-3 6.60196E-3 6.57729E-3 7.17728E-3 6.98796E-3 7.58544E-3 7.56296E-3 8.27115E-3 8.46227E-3
-9999 -9999 -9999 1.01712E-1 1.01794E-1 1.01262E-1 1.2199E-1 1.12088E-1 1.09698E-1 1.07807E-1 1.00584E-1 5.15044E-2 5.41628E-2 5.42272E-2 5.41393E-2 5.28444E-2 5.29759E-2 5.33699E-2 5.20053E-2 5.21838E-2 5.19837E-2 1.01501E-1 5.13121E-2 5.11375E-2 9.45667E-2 9.31098E-2 9.2616E-2 9.32858E-2 8.40824E-2 8.44737E-2 7.7689E-2 7.78769E-2 3.50459E-2 2.60166E-2 5.51973E-3 4.99048E-3 4.85644E-3 4.87618E-3 5.33234E-3 5.79659E-3 5.35122E-3 5.71174E-3 5.71737E-3 5.76479E-3 5.72031E-3 5.72907E-3 5.59172E-3 6.1052E-3 6.18931E-3 6.02689E-3 6.02304E-3 6.53557E-3 6.37744E-3 6.35969E-3 6.91038E-3 6.72369E-3 7.33185E-3 7.95211E-3 7.91287E-3 8.47196E-3 8.72405E-3
-9999 -9999 -9999 -9999 4.39061E-2 1.12856E-1 1.35248E-1 1.25999E-1 1.2549E-1 1.2278E-1 1.21918E-1 8.55973E-2 5.77208E-2 6.20398E-2 6.05781E-2 1.1202E-1 1.20211E-1 1.18708E-1 1.18355E-1 1.08045E-1 1.07529E-1 1.15152E-1 1.0849E-1 1.07525E-1 1.06168E-1 1.05998E-1 1.0575E-1 1.05275E-1 1.04163E-1 9.58936E-2 9.61803E-2 8.74372E-2 7.55168E-2 3.31283E-2 2.97901E-2 4.86594E-3 5.23811E-3 5.70777E-3 5.70989E-3 5.52915E-3 6.06505E-3 5.58388E-3 5.94787E-3 5.95852E-3 5.83334E-3 6.35245E-3 6.32817E-3 6.24602E-3 6.25794E-3 6.27176E-3 6.26443E-3 6.8294E-3 6.62882E-3 6.639E-3 7.21897E-3 7.01856E-3 7.63789E-3 7.69173E-3 8.15578E-3 8.81075E-3 8.81229E-3
-9999 -9999 -9999 -9999 -9999 4.93948E-2 5.01573E-2 1.19445E-1 1.39565E-1 1.38384E-1 1.36106E-1 1.27062E-1 1.20944E-1 1.27061E-1 1.27273E-1 1.26899E-1 1.3307E-1 1.3163E-1 1.333E-1 9.9601E-2 1.23574E-1 1.23053E-1 1.21867E-1 1.21774E-1 1.21825E-1 1.21132E-1 1.18386E-1 1.18171E-1 1.09633E-1 1.10228E-1 1.00024E-1 9.36049E-2 6.81203E-2 4.5689E-2 4.23433E-2 2.88114E-2 7.27205E-3 6.82395E-3 5.94701E-3 5.96284E-3 6.50551E-3 6.36794E-3 6.37194E-3 6.21422E-3 6.22707E-3 6.07738E-3 6.15983E-3 5.98644E-3 6.54127E-3 6.54514E-3 6.39575E-3 6.40237E-3 6.75929E-3 6.75696E-3 7.3571E-3 7.41199E-3 8.04555E-3 7.84768E-3 8.51661E-3 9.17266E-3 8.95452E-3
-9999 -9999 -9999 -9999 -9999 -9999 5.42799E-2 5.47213E-2 1.30927E-1 1.4692E-1 1.45219E-1 1.43686E-1 1.43338E-1 1.40618E-1 1.41444E-1 1.42501E-1 1.41407E-1 1.40689E-1 1.49979E-1 1.39258E-1 1.04925E-1 1.39736E-1 1.39121E-1 1.39316E-1 1.27064E-1 1.36024E-1 1.35352E-1 1.25702E-1 1.25568E-1 1.1441E-1 1.1505E-1 1.1485E-1 1.04895E-1 5.28547E-2 4.8706E-2 4.53821E-2 3.9447E-2 6.57529E-3 6.40025E-3 6.26171E-3 6.26607E-3 6.63881E-3 6.1231E-3 6.64474E-3 6.48482E-3 6.48964E-3 6.4329E-3 6.4473E-3 6.2699E-3 6.84176E-3 6.67243E-3 6.67954E-3 7.06465E-3 7.11692E-3 6.94238E-3 7.54506E-3 8.00305E-3 7.98683E-3 8.614E-3 9.33661E-3 9.43434E-3
-9999 -9999 -9999 -9999 -9999 -9999 -9999 5.91467E-2 5.99215E-2 6.00983E-2 1.33668E-1 1.52753E-1 1.52782E-1 1.61618E-1 1.59033E-1 1.61367E-1 1.60548E-1 1.5777E-1 1.57878E-1 1.56959E-1 1.46129E-1 1.56469E-1 1.47251E-1 1.44807E-1 1.45759E-1 1.43457E-1 1.43429E-1 1.42122E-1 1.39274E-1 1.29861E-1 1.29886E-1 1.20184E-1 1.12198E-1 5.6512E-2 5.26377E-2 4.61788E-2 4.25573E-2 2.85739E-2 6.97338E-3 6.17753E-3 6.55464E-3 6.56275E-3 6.41015E-3 6.42378E-3 6.2812E-3 6.78681E-3 6.71823E-3 6.75183E-3 6.5531E-3 6.57075E-3 6.97882E-3 7.05252E-3 6.87109E-3 7.44314E-3 7.24377E-3 7.88273E-3 8.34632E-3 8.31976E-3 8.77703E-3 9.60799E-3 9.57546E-3
-9999 -9999 -9999 -9999 -9999 -9999 -9999 -9999 -9999 6.57262E-2 6.53326E-2 6.59282E-2 1.77205E-1 1.66665E-1 1.77861E-1 1.77381E-1 1.76987E-1 1.7407E-1 1.74654E-1 1.76478E-1 1.73884E-1 1.73611E-1 1.62565E-1 1.62403E-1 1.61824E-1 1.51808E-1 1.52772E-1 1.4685E-1 1.467E-1 1.47514E-1 1.34792E-1 1.27421E-1 1.27778E-1 1.18668E-1 5.88331E-2 5.29066E-2 4.80781E-2 4.46525E-2 3.28517E-2 7.24637E-3 7.05568E-3 6.83592E-3 6.84254E-3 6.68898E-3 6.79314E-3 6.6282E-3 7.16783E-3 7.01767E-3 6.86753E-3 6.8293E-3 7.3338E-3 7.34591E-3 7.16235E-3 7.73865E-3 7.53709E-3 8.19398E-3 8.78182E-3 8.70107E-3 9.24132E-3 9.22708E-3 1.08969E-2
-9999 -9999 -9999 -9999 -9999 -9999 -9999 -9999 -9999 -9999 -9999 7.04847E-2 7.22543E-2 6.92445E-2 6.86046E-2 6.85655E-2 1.70723E-1 1.96608E-1 1.83163E-1 1.92577E-1 1.95844E-1 1.92247E-1 1.81521E-1 1.79153E-1 1.68744E-1 1.68913E-1 1.66429E-1 1.56605E-1 1.57221E-1 1.52678E-1 1.52939E-1 1.44696E-1 1.44948E-1 1.32429E-1 6.67999E-2 6.59703E-2 6.12595E-2 4.98557E-2 4.58352E-2 2.28836E-2 8.16571E-3 7.34325E-3 7.18227E-3 7.2308E-3 7.08415E-3 6.93341E-3 6.88249E-3 6.7464E-3 6.59389E-3 7.20686E-3 7.03583E-3 7.64055E-3 7.46174E-3 8.05278E-3 7.85141E-3 8.40937E-3 8.40172E-3 8.89322E-3 9.57442E-3 9.37603E-3 1.13222E-2
