day_2/Results/Podomys_floridanus/projections/PaleoClim/-21000/RUN_2.asc
ncols         385
nrows         252
xllcorner     -91.50013924285
yllcorner     25.49986064915003
cellsize      0.041666666500000005
NODATA_value  -9999
[rows 162 to 188 of 252, columns 183 to 243 of 385]
8.36026E-3 1.29803E-2 1.33614E-2 1.29139E-2 1.35589E-2 1.42116E-2 1.38959E-2 1.43895E-2 1.51381E-2 1.50298E-2 1.55305E-2 1.62651E-2 1.60882E-2 1.70416E-2 1.69822E-2 1.77814E-2 1.77653E-2 1.76998E-2 1.83342E-2 1.82855E-2 1.81008E-2 1.83207E-2 1.86757E-2 1.93685E-2 1.93246E-2 7.13896E-3 2.10529E-2 2.15298E-2 2.11898E-2 2.15115E-2 2.14079E-2 2.24529E-2 2.24023E-2 2.31823E-2 2.25088E-2 2.26615E-2 2.26626E-2 2.2661E-2 2.44516E-2 2.44309E-2 2.34731E-2 2.40062E-2 2.42946E-2 2.38365E-2 2.43851E-2 2.40553E-2 2.42015E-2 2.38387E-2 1.86188E-2 2.52778E-2 2.58961E-2 2.61287E-2 1.98726E-2 1.603E-2 1.52937E-2 1.20898E-2 1.51017E-2 1.56727E-2 1.54755E-2 1.49401E-2 1.49406E-2
1.28891E-2 1.26377E-2 1.29776E-2 1.35227E-2 1.41368E-2 1.45241E-2 1.42475E-2 1.47546E-2 1.54776E-2 1.53911E-2 1.61231E-2 1.6852E-2 1.63408E-2 1.71664E-2 1.70576E-2 1.70814E-2 1.79002E-2 1.77534E-2 1.50455E-2 1.49058E-2 1.9217E-2 1.92929E-2 1.9294E-2 1.96766E-2 1.98467E-2 2.13378E-2 2.19434E-2 2.21742E-2 2.18455E-2 2.14406E-2 2.15992E-2 2.22832E-2 2.40174E-2 2.43083E-2 2.2975E-2 2.40244E-2 2.42172E-2 2.37075E-2 2.45812E-2 2.44732E-2 2.40503E-2 2.45109E-2 2.59524E-2 2.49747E-2 2.49411E-2 2.47217E-2 2.5063E-2 2.44193E-2 1.90577E-2 2.52612E-2 1.02874E-2 2.69085E-2 1.8788E-2 1.62055E-2 1.58723E-2 1.5785E-2 1.55191E-2 1.58681E-2 1.62503E-2 1.64913E-2 1.58271E-2
1.34285E-2 1.29414E-2 1.35143E-2 1.40452E-2 1.43967E-2 1.4874E-2 1.45467E-2 1.52433E-2 1.60557E-2 1.5617E-2 1.63303E-2 1.71447E-2 1.67657E-2 1.75998E-2 1.7265E-2 1.82749E-2 1.8147E-2 1.52383E-2 1.5259E-2 1.90361E-2 1.93671E-2 2.03388E-2 2.06223E-2 2.14376E-2 2.15447E-2 2.16554E-2 2.22561E-2 2.30524E-2 2.2047E-2 2.19651E-2 2.24578E-2 2.27151E-2 2.35673E-2 1.68691E-2 2.36807E-2 2.35556E-2 2.43036E-2 2.47643E-2 2.50317E-2 2.44068E-2 2.42021E-2 2.6081E-2 2.59259E-2 2.50394E-2 2.49736E-2 2.43739E-2 2.42776E-2 2.57603E-2 2.4585E-2 2.46861E-2 2.66474E-2 2.77278E-2 2.02611E-2 1.61806E-2 1.60951E-2 1.62286E-2 1.60475E-2 1.61244E-2 1.62891E-2 1.31398E-2 1.67189E-2
1.3204E-2 1.34396E-2 1.40952E-2 1.43243E-2 1.49348E-2 1.5117E-2 1.50257E-2 1.57129E-2 1.61654E-2 1.60878E-2 1.66251E-2 1.72514E-2 1.71281E-2 1.79262E-2 1.78208E-2 1.88144E-2 1.58129E-2 1.57177E-2 1.56404E-2 1.98996E-2 2.01774E-2 2.12263E-2 2.12068E-2 2.22802E-2 2.19829E-2 1.76992E-2 2.25417E-2 2.35454E-2 2.3607E-2 2.23559E-2 2.21957E-2 2.36383E-2 2.3761E-2 2.4176E-2 2.47783E-2 2.34247E-2 2.42806E-2 2.5629E-2 2.46967E-2 2.45686E-2 2.37836E-2 2.60785E-2 2.59982E-2 2.53846E-2 2.61176E-2 2.53133E-2 1.9756E-2 2.50443E-2 2.51688E-2 2.5369E-2 2.70365E-2 2.6502E-2 1.71837E-2 1.61322E-2 1.60092E-2 1.64861E-2 1.65843E-2 1.306E-2 8.02577E-3 8.00201E-3 1.69331E-2
1.35294E-2 1.39724E-2 1.43961E-2 1.50444E-2 1.50514E-2 1.48836E-2 1.55299E-2 1.59606E-2 1.66638E-2 1.70645E-2 1.69383E-2 1.76925E-2 1.8385E-2 1.82957E-2 1.53075E-2 1.52898E-2 1.60814E-2 1.60849E-2 2.02992E-2 2.04813E-2 2.16719E-2 2.18117E-2 2.277E-2 2.25653E-2 2.24539E-2 1.79507E-2 1.7949E-2 2.3346E-2 2.48795E-2 2.30461E-2 2.31247E-2 2.35604E-2 2.37781E-2 2.40188E-2 2.46224E-2 2.42515E-2 2.45984E-2 2.51593E-2 2.54784E-2 2.49303E-2 2.54415E-2 2.52628E-2 2.66591E-2 2.68229E-2 2.58616E-2 2.66092E-2 2.55567E-2 2.62769E-2 2.51797E-2 2.01499E-2 2.70435E-2 2.67901E-2 1.91927E-2 1.68059E-2 1.70017E-2 1.66931E-2 1.69803E-2 1.73405E-2 1.35142E-2 8.0096E-3 1.70933E-2
1.39027E-2 1.52573E-2 1.49608E-2 1.5608E-2 1.57642E-2 1.62324E-2 1.58622E-2 1.65531E-2 1.69863E-2 1.76165E-2 1.7489E-2 1.80357E-2 1.52376E-2 1.52036E-2 1.56585E-2 1.54672E-2 9.95629E-3 1.64472E-2 2.05185E-2 2.15684E-2 2.16527E-2 2.17916E-2 2.28507E-2 2.28828E-2 2.32605E-2 2.31163E-2 1.11423E-2 2.31817E-2 2.40693E-2 2.42237E-2 2.37388E-2 2.38529E-2 2.60047E-2 9.99228E-3 2.63974E-2 2.48738E-2 2.50822E-2 2.50278E-2 2.52114E-2 2.55305E-2 2.5762E-2 2.55911E-2 2.54599E-2 2.6307E-2 2.61183E-2 2.6438E-2 1.22454E-2 2.68745E-2 2.57427E-2 1.24713E-2 2.67881E-2 2.61691E-2 1.81991E-2 1.64704E-2 1.69437E-2 1.76994E-2 1.71965E-2 1.71795E-2 1.75445E-2 8.30494E-3 8.35274E-3
1.52795E-2 1.59249E-2 1.62312E-2 1.58298E-2 1.62955E-2 1.66421E-2 1.73031E-2 1.7814E-2 1.73284E-2 1.78708E-2 1.50098E-2 1.87541E-2 1.55247E-2 1.60482E-2 1.60495E-2 1.60722E-2 1.01888E-2 1.67962E-2 1.75873E-2 1.76704E-2 2.20134E-2 1.8559E-2 2.32048E-2 2.31072E-2 2.33678E-2 1.86938E-2 1.12707E-2 1.13547E-2 2.45172E-2 2.496E-2 2.43739E-2 1.89145E-2 2.65909E-2 2.65954E-2 2.7028E-2 2.64246E-2 2.48054E-2 2.54019E-2 2.57089E-2 2.54165E-2 2.67843E-2 2.65621E-2 2.59275E-2 2.60894E-2 2.65254E-2 2.69841E-2 2.63067E-2 2.76173E-2 2.62807E-2 1.22516E-2 2.65827E-2 2.4603E-2 1.86311E-2 1.7188E-2 1.3265E-2 1.71977E-2 1.7336E-2 8.42818E-3 1.75465E-2 1.41354E-2 8.39429E-3
1.58688E-2 1.62938E-2 1.6912E-2 1.72602E-2 1.68485E-2 1.72508E-2 1.79197E-2 1.8183E-2 1.89211E-2 1.8543E-2 1.55124E-2 1.60142E-2 1.59385E-2 1.01929E-2 1.64753E-2 1.72572E-2 1.73252E-2 1.73944E-2 1.81038E-2 1.82214E-2 1.91122E-2 1.907E-2 1.92149E-2 1.92165E-2 1.91436E-2 1.91676E-2 1.90713E-2 1.15066E-2 1.92144E-2 2.52105E-2 2.47647E-2 1.15489E-2 2.60812E-2 2.70468E-2 2.70678E-2 2.70697E-2 2.53589E-2 2.57252E-2 2.64236E-2 2.58966E-2 2.61551E-2 2.68994E-2 2.63089E-2 2.60738E-2 2.66786E-2 2.0674E-2 2.0895E-2 2.78442E-2 2.76941E-2 1.27515E-2 2.1103E-2 1.2675E-2 8.24989E-3 1.70884E-2 1.70391E-2 1.71838E-2 1.73537E-2 1.7451E-2 1.77245E-2 1.7931E-2 8.51239E-3
1.7404E-2 1.677E-2 1.75687E-2 1.80912E-2 1.73341E-2 1.79197E-2 1.82076E-2 1.89406E-2 1.93924E-2 1.91947E-2 1.5885E-2 1.00493E-2 1.62199E-2 1.04084E-2 1.04493E-2 1.07958E-2 1.75256E-2 1.13513E-2 1.11581E-2 1.12284E-2 1.85423E-2 1.94287E-2 1.94317E-2 2.45949E-2 2.45233E-2 2.45231E-2 2.46163E-2 2.44922E-2 1.20509E-2 1.9694E-2 2.50601E-2 1.96957E-2 2.51185E-2 2.68749E-2 1.05391E-2 1.07577E-2 2.66448E-2 2.57319E-2 2.67099E-2 2.70581E-2 2.59325E-2 2.71385E-2 2.67195E-2 2.69877E-2 2.69168E-2 1.28491E-2 2.64196E-2 2.86173E-2 2.75949E-2 1.31612E-2 2.74844E-2 2.46661E-2 8.63109E-3 1.37179E-2 1.7853E-2 1.80601E-2 1.79762E-2 1.79767E-2 1.81168E-2 1.46588E-2 8.65449E-3
1.81088E-2 1.75513E-2 1.80638E-2 1.8556E-2 1.82495E-2 1.85215E-2 1.91236E-2 1.94589E-2 2.02715E-2 1.97868E-2 1.6605E-2 1.6847E-2 1.68495E-2 1.07642E-2 1.05959E-2 1.72646E-2 1.79783E-2 1.79349E-2 1.14849E-2 1.14865E-2 2.36519E-2 1.98584E-2 1.98616E-2 2.48585E-2 2.51132E-2 2.51462E-2 2.50499E-2 2.51121E-2 2.5434E-2 2.54824E-2 2.58129E-2 2.54501E-2 2.69455E-2 2.61939E-2 1.07495E-2 1.9608E-2 2.88919E-2 2.68634E-2 2.64394E-2 2.70234E-2 2.73017E-2 2.72767E-2 2.77704E-2 2.74893E-2 2.67235E-2 1.30048E-2 2.15226E-2 2.85024E-2 1.33369E-2 2.17848E-2 2.78689E-2 1.17042E-2 8.53863E-3 1.78022E-2 1.81506E-2 1.77805E-2 1.79432E-2 1.81866E-2 1.4549E-2 9.10543E-3 8.96268E-3
1.86711E-2 1.81643E-2 1.86314E-2 1.91747E-2 1.87993E-2 1.92135E-2 1.95858E-2 2.02244E-2 1.9792E-2 2.05032E-2 1.6832E-2 1.66802E-2 1.05577E-2 1.10442E-2 1.08815E-2 1.77163E-2 1.8696E-2 1.86755E-2 1.17431E-2 1.17432E-2 1.92678E-2 2.53424E-2 2.55142E-2 2.56124E-2 2.58097E-2 2.591E-2 2.56151E-2 2.0335E-2 2.56768E-2 2.61569E-2 2.61621E-2 2.58615E-2 2.71045E-2 2.65999E-2 2.81955E-2 2.94501E-2 2.93753E-2 2.82738E-2 2.75869E-2 2.70593E-2 2.72662E-2 2.74057E-2 2.17833E-2 2.74023E-2 2.77269E-2 2.78377E-2 2.80553E-2 2.8531E-2 2.75521E-2 2.22867E-2 2.24326E-2 1.13714E-2 8.21611E-3 1.39122E-2 1.84314E-2 1.8216E-2 1.83963E-2 1.85377E-2 1.49672E-2 1.88037E-2 1.97589E-2
1.95376E-2 1.9794E-2 1.93639E-2 1.98659E-2 2.03721E-2 1.99688E-2 2.00966E-2 2.10218E-2 2.05934E-2 2.11315E-2 2.18379E-2 1.70964E-2 1.09683E-2 1.11708E-2 1.11295E-2 1.83124E-2 1.90048E-2 1.90308E-2 1.98702E-2 1.94645E-2 1.95124E-2 2.46123E-2 2.60428E-2 2.59482E-2 2.5981E-2 2.61478E-2 2.63776E-2 2.60746E-2 2.08065E-2 2.61797E-2 2.7252E-2 2.66858E-2 2.73938E-2 2.78354E-2 2.83396E-2 1.13354E-2 2.91255E-2 2.9174E-2 2.82026E-2 2.85289E-2 2.83124E-2 2.86795E-2 2.19334E-2 2.78376E-2 2.86807E-2 2.86841E-2 2.88304E-2 2.87105E-2 2.26324E-2 1.35368E-2 1.34575E-2 1.22174E-2 8.61158E-3 8.35255E-3 1.82754E-2 1.90735E-2 1.90735E-2 1.8789E-2 9.32277E-3 9.30685E-3 1.95299E-2
1.99635E-2 2.05568E-2 2.01233E-2 2.02613E-2 2.10732E-2 2.06063E-2 2.09268E-2 2.15554E-2 2.1305E-2 2.17184E-2 2.16474E-2 1.77893E-2 1.83231E-2 1.1055E-2 1.14614E-2 1.14769E-2 1.95033E-2 1.92428E-2 1.93665E-2 2.02653E-2 2.00854E-2 2.52353E-2 2.67231E-2 2.67325E-2 2.67338E-2 2.68716E-2 2.67682E-2 2.66303E-2 2.65696E-2 2.13127E-2 2.71499E-2 2.77719E-2 2.73448E-2 2.83453E-2 2.89297E-2 1.14294E-2 1.17553E-2 2.9783E-2 2.86532E-2 2.85346E-2 2.93587E-2 2.86453E-2 2.86212E-2 2.91625E-2 2.95106E-2 2.96624E-2 2.90897E-2 2.93343E-2 2.93465E-2 2.91223E-2 1.39319E-2 1.18969E-2 8.64948E-3 8.60064E-3 8.84788E-3 1.88337E-2 1.94052E-2 1.93673E-2 1.53287E-2 1.56437E-2 2.00729E-2
2.10388E-2 2.13238E-2 2.08102E-2 2.10239E-2 2.15472E-2 2.14037E-2 2.17164E-2 2.12973E-2 2.16074E-2 2.25165E-2 2.31877E-2 1.8547E-2 1.89502E-2 1.8571E-2 1.18725E-2 1.16083E-2 1.90224E-2 1.9779E-2 1.98092E-2 1.98603E-2 2.59713E-2 2.57283E-2 2.58363E-2 2.71079E-2 2.75278E-2 2.75292E-2 2.73868E-2 2.72801E-2 2.71783E-2 2.17821E-2 2.80149E-2 2.76564E-2 2.857E-2 2.92862E-2 3.01316E-2 3.049E-2 1.18806E-2 3.07187E-2 3.04526E-2 2.91968E-2 2.9725E-2 2.84396E-2 2.90343E-2 2.96214E-2 3.05204E-2 2.95329E-2 2.94909E-2 2.92371E-2 2.303E-2 2.97877E-2 2.87374E-2 2.45125E-2 8.7898E-3 8.84882E-3 8.63785E-3 9.03381E-3 1.93084E-2 1.978E-2 1.98519E-2 9.59877E-3 2.06059E-2
2.18548E-2 2.20097E-2 2.1569E-2 2.18071E-2 2.22761E-2 2.16221E-2 2.26135E-2 2.21936E-2 2.25514E-2 2.31373E-2 2.29238E-2 1.87964E-2 1.85244E-2 1.93925E-2 1.96726E-2 1.20755E-2 1.94877E-2 1.96145E-2 2.0196E-2 2.0025E-2 2.6354E-2 2.6466E-2 2.64204E-2 2.78143E-2 2.79312E-2 2.79315E-2 2.7823E-2 2.77505E-2 2.7773E-2 2.17555E-2 2.93108E-2 2.8021E-2 2.79128E-2 3.02461E-2 1.18338E-2 1.16846E-2 1.19592E-2 2.15816E-2 3.13373E-2 3.07545E-2 2.95361E-2 2.91888E-2 2.94148E-2 2.92625E-2 3.02126E-2 2.99804E-2 2.98612E-2 2.93566E-2 2.93786E-2 2.96487E-2 1.42806E-2 2.30152E-2 1.51639E-2 9.02289E-3 8.98734E-3 8.89913E-3 1.52348E-2 1.96396E-2 2.00795E-2 2.02833E-2 2.09147E-2
2.23951E-2 2.28604E-2 2.24512E-2 2.27431E-2 2.31447E-2 2.24381E-2 2.30138E-2 2.27537E-2 2.33411E-2 2.39764E-2 2.33011E-2 1.95076E-2 1.91791E-2 1.98426E-2 1.95978E-2 2.01474E-2 2.02572E-2 2.01352E-2 2.08411E-2 2.05074E-2 2.58349E-2 2.71799E-2 2.71429E-2 2.74632E-2 2.86776E-2 2.8648E-2 2.85354E-2 2.84596E-2 2.23884E-2 2.17766E-2 2.99671E-2 2.85236E-2 2.80946E-2 3.05162E-2 1.18355E-2 1.21974E-2 1.21064E-2 3.2075E-2 2.2105E-2 3.12465E-2 3.07387E-2 3.08601E-2 3.03786E-2 3.02575E-2 3.04041E-2 3.06839E-2 3.04039E-2 3.03229E-2 2.96565E-2 2.9498E-2 1.42968E-2 2.2198E-2 2.01358E-2 9.3723E-3 9.09063E-3 9.21558E-3 1.98291E-2 1.98023E-2 1.9967E-2 2.03089E-2 2.07897E-2
2.44986E-2 2.36107E-2 2.42212E-2 2.34154E-2 2.40372E-2 2.32242E-2 2.38257E-2 2.32038E-2 2.41268E-2 2.4852E-2 2.4161E-2 2.49233E-2 2.45733E-2 2.04007E-2 2.00945E-2 2.01721E-2 2.06466E-2 2.54287E-2 2.6725E-2 2.65923E-2 2.64888E-2 2.74698E-2 2.78346E-2 2.79813E-2 2.79808E-2 2.90584E-2 2.87973E-2 2.92321E-2 2.86631E-2 1.36336E-2 2.99161E-2 2.85887E-2 2.90567E-2 2.95135E-2 3.13629E-2 1.25004E-2 1.22531E-2 3.25071E-2 2.23641E-2 3.26171E-2 3.06785E-2 3.13351E-2 3.10002E-2 3.08764E-2 3.12342E-2 3.10792E-2 3.07234E-2 3.05491E-2 3.09266E-2 3.05006E-2 1.27261E-2 2.10805E-2 2.01915E-2 1.95268E-2 9.31695E-3 1.56873E-2 2.00488E-2 2.01842E-2 1.61946E-2 2.07471E-2 2.0936E-2
2.5213E-2 2.4415E-2 2.50539E-2 2.42577E-2 2.49329E-2 2.40167E-2 2.46235E-2 2.39001E-2 2.46892E-2 2.40242E-2 2.4824E-2 2.47249E-2 2.51731E-2 2.49183E-2 2.08944E-2 2.54452E-2 2.52226E-2 2.64204E-2 2.62826E-2 2.70901E-2 2.6912E-2 2.68398E-2 2.7266E-2 2.89014E-2 2.86091E-2 2.98497E-2 2.94562E-2 2.95592E-2 2.902E-2 2.84195E-2 3.03853E-2 2.92127E-2 2.97624E-2 3.01544E-2 3.05467E-2 1.24373E-2 1.25871E-2 1.25885E-2 2.26462E-2 3.32963E-2 3.15302E-2 3.14206E-2 3.24721E-2 3.20955E-2 3.25626E-2 3.18854E-2 3.14869E-2 3.1072E-2 3.20965E-2 3.15079E-2 1.2935E-2 2.07297E-2 2.04759E-2 1.96828E-2 9.7151E-3 1.58748E-2 2.00634E-2 2.02915E-2 9.98652E-3 1.65614E-2 2.115E-2
2.62053E-2 2.53294E-2 2.58341E-2 2.51318E-2 2.57337E-2 2.49611E-2 2.56588E-2 2.48962E-2 2.55644E-2 2.48912E-2 2.56926E-2 2.50114E-2 2.58227E-2 2.57898E-2 2.52778E-2 2.089E-2 2.60595E-2 2.71208E-2 2.66389E-2 2.66008E-2 2.79549E-2 2.76234E-2 2.78801E-2 2.79688E-2 2.91995E-2 2.93571E-2 3.072E-2 3.0281E-2 2.37226E-2 2.93818E-2 3.07589E-2 2.98513E-2 3.07623E-2 3.09272E-2 2.98767E-2 3.10825E-2 1.2188E-2 1.21903E-2 1.28262E-2 2.31271E-2 3.21907E-2 3.1509E-2 3.16284E-2 3.23251E-2 3.24178E-2 3.23721E-2 3.25853E-2 3.2061E-2 3.189E-2 3.13036E-2 2.64087E-2 9.72679E-3 1.59842E-2 2.06194E-2 1.61323E-2 9.89455E-3 9.74836E-3 2.13868E-2 1.01698E-2 1.03518E-2 1.03865E-2
6.05506E-2 2.6205E-2 2.69349E-2 2.60156E-2 2.66202E-2 2.5803E-2 2.65671E-2 2.5678E-2 2.65778E-2 2.57666E-2 2.66525E-2 2.60326E-2 2.68092E-2 2.64777E-2 2.59664E-2 2.70081E-2 2.66765E-2 2.626E-2 2.77188E-2 2.7313E-2 2.85212E-2 2.79126E-2 2.83561E-2 2.88249E-2 2.99598E-2 3.00079E-2 3.09904E-2 3.05463E-2 2.37748E-2 3.07878E-2 3.07932E-2 3.07941E-2 3.13229E-2 3.14488E-2 3.07966E-2 3.04718E-2 3.27566E-2 1.23784E-2 1.27052E-2 1.26922E-2 3.39148E-2 3.25256E-2 3.15698E-2 3.22418E-2 3.38255E-2 3.28008E-2 3.26789E-2 3.21168E-2 3.22012E-2 3.23464E-2 2.82986E-2 2.00513E-2 1.61322E-2 1.63782E-2 1.62342E-2 9.97695E-3 9.96782E-3 1.02507E-2 1.02811E-2 1.71409E-2 1.73617E-2
1.12664E-1 6.60446E-2 2.74472E-2 2.68793E-2 2.69462E-2 2.64414E-2 2.67638E-2 2.63547E-2 2.67342E-2 2.63543E-2 2.73401E-2 2.66952E-2 2.65463E-2 2.72275E-2 2.68889E-2 2.76435E-2 2.71599E-2 2.72668E-2 2.84004E-2 2.79779E-2 2.76507E-2 2.89035E-2 2.89869E-2 2.93793E-2 2.9225E-2 3.06494E-2 3.15555E-2 3.11035E-2 3.06079E-2 3.11568E-2 3.15298E-2 3.17969E-2 3.19681E-2 3.22648E-2 3.18838E-2 3.12979E-2 3.24067E-2 3.31363E-2 1.25761E-2 1.29942E-2 3.48841E-2 3.37291E-2 3.23248E-2 3.18935E-2 3.37794E-2 3.3697E-2 3.27502E-2 3.21402E-2 3.24385E-2 3.09743E-2 2.46805E-2 2.07576E-2 2.07876E-2 2.07716E-2 2.08812E-2 1.68158E-2 1.68159E-2 2.15358E-2 1.04251E-2 1.0659E-2 1.07984E-2
1.07593E-1 1.16139E-1 6.4186E-2 6.05467E-2 2.78205E-2 2.7418E-2 2.77488E-2 2.73921E-2 2.78414E-2 2.7392E-2 2.79894E-2 2.77191E-2 2.70026E-2 2.80564E-2 2.75645E-2 2.84796E-2 2.8028E-2 2.78333E-2 2.75282E-2 2.87519E-2 2.82959E-2 2.84843E-2 2.82854E-2 2.97289E-2 2.96947E-2 3.10065E-2 3.06045E-2 3.1156E-2 3.15339E-2 3.17895E-2 3.1681E-2 3.20153E-2 3.27424E-2 3.27903E-2 3.21894E-2 3.15001E-2 3.20733E-2 3.13634E-2 1.30129E-2 1.27057E-2 3.49605E-2 3.36157E-2 3.33705E-2 3.30128E-2 3.37698E-2 3.4417E-2 3.33652E-2 3.30644E-2 3.27143E-2 3.01156E-2 2.3624E-2 2.09632E-2 2.12404E-2 2.1155E-2 1.68523E-2 1.04372E-2 1.04498E-2 1.06476E-2 1.05998E-2 1.07427E-2 1.09344E-2
1.09698E-1 1.0811E-1 1.16411E-1 6.41128E-2 6.31406E-2 6.21919E-2 2.85866E-2 2.83793E-2 2.76404E-2 2.83238E-2 2.77076E-2 2.81943E-2 2.78809E-2 2.78841E-2 2.82972E-2 2.78361E-2 2.87276E-2 2.82958E-2 2.86389E-2 2.94158E-2 2.87599E-2 2.88333E-2 2.87958E-2 3.03342E-2 3.0461E-2 3.16259E-2 3.22765E-2 3.09588E-2 3.1788E-2 3.25312E-2 3.28808E-2 3.26647E-2 3.31E-2 3.38127E-2 3.30607E-2 3.31922E-2 3.31466E-2 3.25831E-2 3.41387E-2 1.28613E-2 1.33416E-2 3.56374E-2 3.44127E-2 3.35439E-2 3.39937E-2 3.40081E-2 3.40998E-2 3.3369E-2 3.3928E-2 2.95488E-2 2.20176E-2 2.15179E-2 2.16614E-2 2.19302E-2 2.20227E-2 1.74699E-2 1.06072E-2 1.05478E-2 1.08777E-2 1.07556E-2 1.11608E-2
1.11925E-1 1.10138E-1 1.10897E-1 1.38428E-1 6.52339E-2 6.42216E-2 6.49644E-2 6.33096E-2 2.94855E-2 2.87712E-2 2.83688E-2 2.90152E-2 2.8634E-2 2.83957E-2 2.90796E-2 2.86214E-2 2.90303E-2 2.92681E-2 2.92042E-2 2.87623E-2 2.99343E-2 2.95041E-2 2.98797E-2 3.07772E-2 3.06988E-2 3.18598E-2 3.23738E-2 3.19341E-2 3.24669E-2 3.27484E-2 3.28837E-2 3.28383E-2 3.29676E-2 3.36333E-2 3.31649E-2 3.38716E-2 3.32494E-2 3.4052E-2 3.29454E-2 1.33264E-2 3.59304E-2 3.52609E-2 3.55352E-2 3.42164E-2 3.49993E-2 3.42119E-2 3.44848E-2 3.39346E-2 3.37521E-2 2.96791E-2 2.24966E-2 2.17448E-2 1.72284E-2 2.26053E-2 2.23776E-2 2.20016E-2 2.25778E-2 1.08247E-2 1.11613E-2 1.08674E-2 1.12564E-2
1.14997E-1 1.14884E-1 1.13092E-1 1.11505E-1 1.18486E-1 6.64328E-2 6.64209E-2 6.47076E-2 6.44709E-2 2.96937E-2 2.94093E-2 3.00355E-2 2.99182E-2 3.02966E-2 2.99347E-2 2.93213E-2 3.02623E-2 3.01657E-2 2.93911E-2 3.05977E-2 3.06412E-2 3.01833E-2 3.13372E-2 3.11484E-2 3.13585E-2 3.24147E-2 3.30523E-2 3.17013E-2 3.28698E-2 3.29599E-2 3.41688E-2 3.34548E-2 3.30516E-2 3.41706E-2 3.43127E-2 3.37224E-2 3.30085E-2 3.3809E-2 3.37234E-2 3.51506E-2 3.49686E-2 3.4395E-2 3.55677E-2 3.58599E-2 3.53391E-2 3.4961E-2 3.46767E-2 3.45362E-2 3.48323E-2 3.06795E-2 2.20262E-2 2.205E-2 2.23817E-2 2.30233E-2 2.25793E-2 2.25108E-2 2.30094E-2 1.85395E-2 1.84881E-2 1.10876E-2 1.11801E-2
1.17848E-1 1.18554E-1 1.16326E-1 1.13906E-1 1.49595E-1 7.04884E-2 6.91798E-2 6.70597E-2 6.92231E-2 6.66785E-2 6.62573E-2 3.08223E-2 3.03653E-2 3.1123E-2 3.07116E-2 2.99807E-2 3.09715E-2 3.05185E-2 3.02144E-2 3.1578E-2 3.09508E-2 3.07137E-2 3.18883E-2 3.14483E-2 3.16843E-2 3.22017E-2 3.27273E-2 3.3369E-2 3.39154E-2 3.34186E-2 3.36201E-2 3.4513E-2 3.3965E-2 3.40455E-2 3.44583E-2 3.40563E-2 3.39625E-2 3.43466E-2 3.4845E-2 3.4721E-2 3.47205E-2 3.4767E-2 3.53826E-2 3.55706E-2 3.65442E-2 3.67761E-2 3.58792E-2 3.57744E-2 3.56267E-2 2.57918E-2 2.26461E-2 2.25459E-2 2.22945E-2 2.29125E-2 2.31016E-2 2.30607E-2 1.8522E-2 2.31556E-2 2.37404E-2 1.11896E-2 1.12661E-2
1.19129E-1 1.20149E-1 1.18745E-1 1.21021E-1 1.17413E-1 1.48079E-1 7.138E-2 6.87041E-2 6.72246E-2 6.90464E-2 6.77624E-2 7.02336E-2 3.10711E-2 3.17083E-2 3.09143E-2 3.17901E-2 3.14607E-2 3.169E-2 3.2583E-2 3.17657E-2 3.16711E-2 3.1804E-2 3.22861E-2 3.31414E-2 3.31542E-2 3.39116E-2 3.32845E-2 3.38244E-2 3.46075E-2 3.41024E-2 3.42373E-2 3.46526E-2 3.47044E-2 3.48432E-2 3.53661E-2 3.47546E-2 3.43982E-2 3.50968E-2 3.5776E-2 3.52919E-2 3.52447E-2 3.52393E-2 3.64546E-2 3.51529E-2 3.71281E-2 3.71982E-2 3.73688E-2 3.58216E-2 3.49648E-2 2.84834E-2 2.29242E-2 2.32136E-2 2.27689E-2 2.31181E-2 2.38247E-2 2.37405E-2 2.37183E-2 1.13965E-2 1.16916E-2 1.17414E-2 1.15669E-2
