day_2/Results/Podomys_floridanus/projections/PaleoClim/-21000/RUN_1.asc
ncols         385
nrows         252
xllcorner     -91.50013924285
yllcorner     25.49986064915003
cellsize      0.041666666500000005
NODATA_value  -9999
[rows 81 to 107 of 252, columns 244 to 304 of 385]
1.09884E-3 9.86697E-4 1.02209E-3 9.33784E-4 8.3857E-4 7.78636E-4 6.44553E-4 7.67325E-4 7.08869E-4 9.26332E-4 8.82632E-4 9.17662E-4 9.69756E-4 1.02438E-3 1.0974E-3 1.1618E-3 1.49589E-3 1.42819E-3 1.20811E-3 1.60574E-3 1.69776E-3 1.84015E-3 1.93067E-3 1.6963E-3 1.9648E-3 2.07759E-3 2.43403E-3 2.34289E-3 2.46271E-3 2.56957E-3 2.79857E-3 2.95603E-3 3.39228E-3 3.62994E-3 3.79922E-3 3.97117E-3 4.16739E-3 4.3243E-3 4.16173E-3 4.37462E-3 4.21766E-3 4.10592E-3 4.30605E-3 4.15581E-3 4.01045E-3 4.1527E-3 4.01372E-3 3.8865E-3 4.41145E-3 4.64323E-3 4.37732E-3 4.23977E-3 1.1007E-2 1.2681E-2 1.24971E-2 1.18845E-2 1.07978E-2 1.10744E-2 1.07673E-2 1.062E-2 1.01367E-2
9.10923E-4 1.15859E-3 1.07095E-3 9.64982E-4 9.99852E-4 9.24373E-4 8.51092E-4 7.89814E-4 8.34884E-4 9.88026E-4 1.04142E-3 1.0709E-3 1.14741E-3 1.20969E-3 1.28998E-3 1.36549E-3 1.43774E-3 1.67663E-3 1.75302E-3 1.91937E-3 1.84692E-3 1.76834E-3 2.03978E-3 1.97845E-3 1.89635E-3 1.87406E-3 2.36396E-3 2.52764E-3 2.91361E-3 3.11162E-3 3.25649E-3 3.4296E-3 4.0265E-3 4.23262E-3 4.05516E-3 4.18316E-3 4.38336E-3 4.59828E-3 4.42376E-3 4.68806E-3 4.51135E-3 4.72909E-3 4.57038E-3 4.46436E-3 4.32756E-3 4.08106E-3 4.31752E-3 4.18253E-3 4.7123E-3 4.94239E-3 4.73181E-3 1.21639E-2 1.18482E-2 1.37693E-2 1.34611E-2 1.19299E-2 1.25219E-2 1.19243E-2 1.09439E-2 8.27848E-3 5.39663E-3
9.55927E-4 9.7895E-4 1.10641E-3 1.14319E-3 1.06574E-3 9.82043E-4 1.00789E-3 9.34417E-4 8.89768E-4 9.18955E-4 9.71862E-4 1.26736E-3 1.34355E-3 1.28108E-3 1.3572E-3 1.5852E-3 1.68872E-3 1.60406E-3 1.92311E-3 2.02005E-3 1.92884E-3 2.04548E-3 2.20732E-3 2.55852E-3 2.23462E-3 2.63438E-3 2.75905E-3 2.96585E-3 3.12159E-3 3.25769E-3 3.4966E-3 3.70679E-3 3.90333E-3 4.19232E-3 4.28016E-3 4.47254E-3 4.68568E-3 4.94429E-3 4.76131E-3 4.98487E-3 4.80966E-3 5.08673E-3 4.92514E-3 4.76828E-3 4.67255E-3 4.41654E-3 4.62137E-3 4.48948E-3 5.09915E-3 5.35523E-3 1.34351E-2 1.30393E-2 1.55487E-2 1.47943E-2 1.45839E-2 1.38796E-2 1.27053E-2 1.30089E-2 1.26471E-2 1.30015E-2 1.26927E-2
1.11619E-3 1.03281E-3 9.35003E-4 1.21831E-3 1.25103E-3 1.16799E-3 1.07305E-3 1.10796E-3 1.05754E-3 9.75307E-4 1.03567E-3 1.21313E-3 1.40998E-3 1.07721E-3 1.27608E-3 1.52346E-3 1.32499E-3 1.54512E-3 1.83999E-3 2.13271E-3 2.24736E-3 2.42543E-3 2.32054E-3 2.76754E-3 2.89233E-3 3.08859E-3 3.23412E-3 3.40832E-3 3.6729E-3 3.52872E-3 3.46925E-3 3.96942E-3 4.15436E-3 4.24252E-3 4.55746E-3 4.81415E-3 5.03268E-3 4.85091E-3 5.06915E-3 5.35867E-3 5.16861E-3 5.40753E-3 5.30161E-3 5.1437E-3 4.86614E-3 4.77802E-3 5.01224E-3 4.84433E-3 5.06718E-3 5.71692E-3 1.44542E-2 1.40711E-2 1.61166E-2 1.58792E-2 1.51703E-2 1.49641E-2 1.56522E-2 1.5929E-2 1.64988E-2 1.71793E-2 1.57622E-2
1.16083E-3 1.19546E-3 1.10953E-3 1.39804E-3 1.29374E-3 1.32401E-3 1.23079E-3 1.17783E-3 1.09186E-3 1.1503E-3 1.21648E-3 1.2841E-3 1.65265E-3 1.40505E-3 1.38994E-3 1.60502E-3 1.70438E-3 1.98017E-3 1.76779E-3 1.87765E-3 1.97397E-3 2.3244E-3 2.7531E-3 2.89635E-3 3.03103E-3 3.25988E-3 3.49422E-3 3.65951E-3 3.5875E-3 3.75916E-3 3.65568E-3 4.17877E-3 4.37174E-3 4.57667E-3 4.88582E-3 5.10613E-3 5.38929E-3 5.21342E-3 5.45311E-3 5.70854E-3 5.50938E-3 5.8197E-3 5.621E-3 5.88926E-3 5.64155E-3 5.47531E-3 5.30918E-3 5.56869E-3 5.44378E-3 1.57982E-2 1.53764E-2 1.83552E-2 1.7451E-2 1.703E-2 1.63734E-2 1.71377E-2 1.78856E-2 1.97866E-2 1.68336E-2 7.44872E-3 7.69191E-3
1.37595E-3 1.23893E-3 1.26363E-3 1.4836E-3 1.52892E-3 1.40472E-3 1.30869E-3 1.53256E-3 1.42485E-3 1.35742E-3 1.28917E-3 1.50145E-3 1.75274E-3 1.84653E-3 1.56199E-3 1.7129E-3 1.98418E-3 1.91199E-3 1.82687E-3 1.97601E-3 2.33485E-3 2.48425E-3 2.65726E-3 3.04719E-3 3.28593E-3 3.51447E-3 3.36236E-3 3.61909E-3 3.79286E-3 3.72993E-3 3.80134E-3 4.33392E-3 4.66488E-3 4.92714E-3 5.13333E-3 5.36484E-3 5.29801E-3 5.53279E-3 5.84715E-3 6.10107E-3 5.8955E-3 6.15566E-3 6.02431E-3 6.1775E-3 5.96902E-3 5.87211E-3 5.71744E-3 1.46808E-2 1.61051E-2 1.70334E-2 1.65839E-2 1.91627E-2 1.8945E-2 1.78843E-2 1.85903E-2 2.07979E-2 1.77439E-2 1.83557E-2 7.78883E-3 8.07001E-3 7.66419E-3
1.4216E-3 1.51873E-3 1.49845E-3 1.39649E-3 1.62084E-3 1.6495E-3 1.53554E-3 1.56951E-3 1.50422E-3 1.39324E-3 1.47382E-3 1.40437E-3 1.70299E-3 2.14061E-3 2.06391E-3 1.97709E-3 2.08222E-3 2.02458E-3 2.38179E-3 2.50218E-3 2.47879E-3 2.60061E-3 3.06234E-3 3.30556E-3 3.45409E-3 3.38717E-3 3.63615E-3 3.80415E-3 4.07488E-3 4.16959E-3 4.45976E-3 4.66341E-3 4.88062E-3 5.2071E-3 5.46388E-3 5.76159E-3 6.02735E-3 5.8047E-3 6.06721E-3 6.47645E-3 6.31821E-3 6.59658E-3 6.2368E-3 6.59286E-3 6.42613E-3 6.26301E-3 1.5932E-2 1.55024E-2 1.60506E-2 1.6748E-2 2.16316E-2 2.05219E-2 2.15064E-2 2.05999E-2 2.13633E-2 1.93649E-2 1.99736E-2 7.93072E-3 8.24723E-3 8.37881E-3 -9999
1.57556E-3 1.49542E-3 1.54295E-3 1.7019E-3 1.75521E-3 1.79373E-3 1.76045E-3 1.66796E-3 1.72588E-3 1.64157E-3 1.5581E-3 1.81488E-3 1.75683E-3 2.06051E-3 2.36706E-3 2.29783E-3 2.21519E-3 2.32695E-3 2.49314E-3 2.65658E-3 2.85456E-3 3.06267E-3 3.2205E-3 3.72442E-3 3.66597E-3 3.8438E-3 4.12068E-3 4.07056E-3 4.14325E-3 4.42219E-3 4.67991E-3 5.03367E-3 5.24923E-3 5.49033E-3 5.84382E-3 6.11226E-3 6.3704E-3 6.23781E-3 6.49438E-3 6.77861E-3 6.572E-3 6.93114E-3 6.73057E-3 7.01419E-3 6.83689E-3 6.52114E-3 1.67869E-2 1.74599E-2 1.72412E-2 2.35172E-2 2.24546E-2 2.21606E-2 2.24934E-2 2.0454E-2 2.1272E-2 8.42696E-3 8.73409E-3 8.92945E-3 8.50814E-3 -9999 -9999
1.62677E-3 1.68681E-3 1.62639E-3 1.74941E-3 1.84128E-3 1.89722E-3 1.86123E-3 1.71643E-3 1.82185E-3 1.73804E-3 1.62744E-3 1.71228E-3 1.86166E-3 1.95119E-3 2.04582E-3 2.65634E-3 2.78192E-3 2.43373E-3 2.61967E-3 3.09089E-3 3.24729E-3 3.48036E-3 3.72476E-3 3.59452E-3 3.86026E-3 4.15322E-3 4.42778E-3 4.50904E-3 4.44609E-3 4.66741E-3 4.97792E-3 5.20951E-3 5.63556E-3 5.90053E-3 6.14525E-3 6.54307E-3 6.32581E-3 6.59308E-3 6.86087E-3 7.22802E-3 7.00512E-3 7.29204E-3 7.59263E-3 7.4548E-3 7.10025E-3 7.39238E-3 7.25074E-3 1.87224E-2 2.17138E-2 2.48394E-2 2.4143E-2 2.44284E-2 2.22176E-2 2.16415E-2 2.24076E-2 8.87682E-3 9.22067E-3 2.28274E-2 -9999 -9999 -9999
1.85759E-3 1.91565E-3 2.00058E-3 2.05148E-3 2.10089E-3 1.94153E-3 1.90881E-3 2.00857E-3 2.08477E-3 1.9846E-3 2.08979E-3 2.43215E-3 2.37105E-3 2.49766E-3 2.20379E-3 2.08649E-3 2.91526E-3 2.87123E-3 3.0267E-3 3.26368E-3 3.48705E-3 3.6589E-3 3.94645E-3 3.86898E-3 4.07398E-3 4.00058E-3 4.18286E-3 4.3844E-3 4.6875E-3 5.01986E-3 5.22859E-3 5.59923E-3 5.82784E-3 6.09468E-3 6.57506E-3 6.82855E-3 7.16094E-3 6.90024E-3 7.34398E-3 7.66156E-3 7.512E-3 7.81945E-3 7.97557E-3 7.72249E-3 7.58883E-3 7.92682E-3 1.99625E-2 2.38133E-2 2.32249E-2 2.56673E-2 2.51532E-2 2.77256E-2 2.70686E-2 2.43039E-2 9.54319E-3 2.47357E-2 2.35793E-2 -9999 -9999 -9999 -9999
2.16949E-3 2.22136E-3 2.06533E-3 2.12947E-3 2.4604E-3 2.49106E-3 2.11609E-3 2.25821E-3 2.52187E-3 2.44414E-3 2.45353E-3 2.55718E-3 2.69572E-3 2.56125E-3 2.71771E-3 2.89505E-3 2.84162E-3 3.31591E-3 3.1885E-3 3.4281E-3 3.67203E-3 3.8388E-3 4.12173E-3 4.06059E-3 4.26983E-3 4.19095E-3 4.3989E-3 4.70957E-3 5.31885E-3 5.27284E-3 5.51462E-3 5.88871E-3 6.24681E-3 6.54267E-3 6.81258E-3 7.25245E-3 7.64458E-3 7.3967E-3 7.70759E-3 7.45976E-3 7.74432E-3 8.14603E-3 8.4762E-3 8.20547E-3 8.65059E-3 2.18107E-2 2.12701E-2 2.38739E-2 2.44103E-2 2.73242E-2 2.59811E-2 2.94294E-2 2.5036E-2 8.89536E-3 2.51205E-2 2.54408E-2 -9999 -9999 -9999 -9999 -9999
2.4618E-3 2.26801E-3 2.33885E-3 2.2519E-3 2.28286E-3 2.83566E-3 2.99809E-3 2.81465E-3 2.95318E-3 3.06921E-3 2.92239E-3 2.82753E-3 2.9496E-3 3.1008E-3 3.22096E-3 3.34892E-3 3.59498E-3 3.42449E-3 3.68964E-3 3.93404E-3 4.23734E-3 4.0402E-3 4.33237E-3 4.65232E-3 4.96371E-3 4.67058E-3 5.01625E-3 5.36285E-3 5.74399E-3 5.97133E-3 6.3677E-3 6.66518E-3 6.58899E-3 6.87888E-3 7.32199E-3 7.58523E-3 7.92814E-3 7.75696E-3 8.07551E-3 8.56942E-3 8.31764E-3 8.45861E-3 8.27864E-3 8.59167E-3 8.36962E-3 2.18205E-2 2.51652E-2 2.45921E-2 2.74349E-2 2.31153E-2 2.27733E-2 2.32173E-2 9.66316E-3 2.28998E-2 2.36581E-2 -9999 -9999 -9999 -9999 -9999 -9999
2.58922E-3 2.67072E-3 2.48348E-3 2.29951E-3 2.35959E-3 2.74242E-3 3.09722E-3 3.24309E-3 3.32551E-3 3.46783E-3 3.35558E-3 3.20523E-3 3.71118E-3 3.88458E-3 3.72752E-3 3.66162E-3 3.82768E-3 3.95309E-3 4.36059E-3 4.5152E-3 4.8303E-3 4.64718E-3 4.5641E-3 4.87583E-3 5.1243E-3 5.38446E-3 5.61009E-3 6.10325E-3 6.0185E-3 6.32064E-3 6.68617E-3 7.12598E-3 7.38478E-3 7.86501E-3 7.64799E-3 7.9551E-3 8.44708E-3 8.17934E-3 8.62699E-3 8.34442E-3 8.6594E-3 8.98194E-3 9.32521E-3 2.42044E-2 2.31703E-2 2.7331E-2 2.69462E-2 2.43773E-2 2.50308E-2 9.85427E-3 2.52365E-2 2.4028E-2 2.48615E-2 2.3634E-2 -9999 -9999 -9999 -9999 -9999 -9999 -9999
2.67587E-3 2.75511E-3 2.56392E-3 2.61329E-3 2.70607E-3 2.8493E-3 3.20178E-3 3.3448E-3 3.49348E-3 3.65981E-3 4.21177E-3 4.0487E-3 4.20814E-3 4.10005E-3 4.65751E-3 4.54509E-3 4.76743E-3 4.65286E-3 5.00816E-3 4.90881E-3 5.10685E-3 5.29185E-3 5.66136E-3 5.43194E-3 5.8237E-3 6.13043E-3 5.90057E-3 6.28346E-3 6.69241E-3 7.17644E-3 6.9104E-3 7.34486E-3 7.64916E-3 8.21143E-3 8.55345E-3 8.32644E-3 8.22373E-3 8.53525E-3 8.99324E-3 9.35322E-3 9.64318E-3 9.35308E-3 9.74798E-3 2.53123E-2 2.98278E-2 3.02187E-2 1.05254E-2 1.01862E-2 1.05948E-2 2.72941E-2 6.29161E-2 2.52303E-2 2.54566E-2 -9999 -9999 -9999 -9999 -9999 -9999 -9999 -9999
2.76445E-3 2.80449E-3 3.19428E-3 3.25541E-3 3.07991E-3 3.22719E-3 3.29262E-3 3.76959E-3 3.65843E-3 4.15936E-3 3.9629E-3 4.14622E-3 4.41709E-3 4.63833E-3 4.89398E-3 5.12115E-3 5.00099E-3 5.33852E-3 5.2486E-3 5.4497E-3 5.82276E-3 5.72746E-3 6.01994E-3 6.25139E-3 6.51409E-3 6.41693E-3 6.8419E-3 7.11664E-3 7.0639E-3 7.49853E-3 7.79602E-3 8.29559E-3 8.76748E-3 8.43403E-3 9.05017E-3 9.46239E-3 9.21744E-3 9.57296E-3 9.25461E-3 9.72381E-3 1.00712E-2 9.93877E-3 2.5078E-2 2.59685E-2 2.70646E-2 1.04841E-2 2.69351E-2 3.23862E-2 2.70798E-2 6.76144E-2 6.98709E-2 2.76003E-2 -9999 -9999 -9999 -9999 -9999 -9999 -9999 -9999 -9999
2.8305E-3 3.16446E-3 2.98706E-3 3.74727E-3 3.49808E-3 3.62707E-3 3.82817E-3 4.36113E-3 4.48246E-3 4.6798E-3 4.46048E-3 4.74822E-3 4.98214E-3 5.29963E-3 5.0228E-3 5.36729E-3 5.73038E-3 5.48204E-3 5.85812E-3 5.72854E-3 6.14174E-3 6.01381E-3 6.24989E-3 6.58892E-3 6.96791E-3 7.25783E-3 6.98589E-3 7.42546E-3 7.86679E-3 8.37153E-3 8.93319E-3 8.63517E-3 9.13236E-3 8.85518E-3 9.37733E-3 9.81516E-3 1.02373E-2 9.92126E-3 1.0475E-2 1.01865E-2 1.05366E-2 2.7369E-2 2.59607E-2 2.91757E-2 1.14151E-2 2.94097E-2 3.42646E-2 3.3234E-2 8.24877E-2 7.1487E-2 2.76564E-2 -9999 -9999 -9999 -9999 -9999 -9999 -9999 -9999 -9999 -9999
2.90085E-3 3.65939E-3 3.76373E-3 4.22621E-3 4.35643E-3 4.0633E-3 4.32268E-3 4.5257E-3 5.12702E-3 4.86449E-3 5.07266E-3 5.2906E-3 5.64635E-3 5.87812E-3 5.75159E-3 5.48796E-3 5.84346E-3 6.23971E-3 6.12643E-3 6.51978E-3 6.4103E-3 6.66718E-3 6.55622E-3 6.96382E-3 7.30235E-3 7.57209E-3 7.8785E-3 7.80396E-3 8.24465E-3 8.78221E-3 9.1434E-3 9.00872E-3 9.51601E-3 9.89967E-3 1.04582E-2 1.00968E-2 1.05968E-2 1.05152E-2 2.88339E-2 2.78892E-2 2.89766E-2 2.8463E-2 2.9328E-2 3.02268E-2 3.13675E-2 3.49644E-2 8.70717E-2 8.47146E-2 9.08301E-2 7.73033E-2 -9999 -9999 -9999 -9999 -9999 -9999 -9999 -9999 -9999 -9999 -9999
3.0371E-3 3.16599E-3 3.56548E-3 3.97266E-3 4.44104E-3 5.14622E-3 4.81607E-3 5.04444E-3 4.81931E-3 5.00088E-3 5.69872E-3 5.54848E-3 5.76319E-3 6.14638E-3 6.40433E-3 6.27737E-3 6.661E-3 6.38987E-3 6.81892E-3 6.65136E-3 7.09179E-3 6.78295E-3 7.23452E-3 7.69899E-3 7.58491E-3 7.89033E-3 8.39683E-3 8.76233E-3 8.62178E-3 9.18143E-3 9.47381E-3 1.00345E-2 1.06287E-2 1.03004E-2 1.0897E-2 1.0513E-2 2.92325E-2 2.90007E-2 2.81447E-2 2.90722E-2 3.42671E-2 3.52383E-2 2.9994E-2 3.77479E-2 3.69165E-2 8.7304E-2 8.89187E-2 9.15327E-2 8.15338E-2 -9999 -9999 -9999 -9999 -9999 -9999 -9999 -9999 -9999 -9999 -9999 -9999
3.47879E-3 3.59201E-3 3.673E-3 3.78493E-3 4.72012E-3 4.81273E-3 5.47419E-3 5.61728E-3 5.34974E-3 5.55354E-3 5.92439E-3 6.1871E-3 5.95802E-3 6.32426E-3 6.73608E-3 6.46779E-3 6.86992E-3 7.2076E-3 7.16894E-3 7.51639E-3 7.2313E-3 7.68479E-3 8.17841E-3 8.00375E-3 8.54096E-3 8.32217E-3 8.8421E-3 9.42174E-3 9.55272E-3 1.02094E-2 1.05658E-2 1.04384E-2 1.10519E-2 1.07188E-2 2.97427E-2 2.89048E-2 3.04035E-2 3.60056E-2 3.55911E-2 3.65835E-2 3.77549E-2 3.89995E-2 3.78047E-2 3.93496E-2 9.19613E-2 8.95434E-2 9.74365E-2 8.26067E-2 -9999 -9999 -9999 -9999 -9999 -9999 -9999 -9999 -9999 -9999 -9999 -9999 -9999
4.24416E-3 4.40657E-3 4.15379E-3 4.22129E-3 4.81445E-3 4.54995E-3 4.74146E-3 5.36865E-3 5.45688E-3 6.35015E-3 6.66865E-3 6.38322E-3 6.79324E-3 6.46708E-3 6.88791E-3 7.34076E-3 7.63428E-3 7.44068E-3 7.92049E-3 7.7384E-3 8.08491E-3 7.85272E-3 8.38063E-3 8.20489E-3 8.71775E-3 9.19569E-3 9.05768E-3 9.57036E-3 1.00324E-2 1.05728E-2 1.10015E-2 1.08916E-2 1.12355E-2 3.12115E-2 3.0309E-2 3.19248E-2 3.82572E-2 3.73766E-2 3.86089E-2 3.79689E-2 3.9317E-2 4.05336E-2 3.95578E-2 9.74978E-2 9.49465E-2 9.77779E-2 8.77411E-2 1.01705E-1 -9999 -9999 -9999 -9999 -9999 -9999 -9999 -9999 -9999 -9999 -9999 -9999 -9999
8.64077E-3 4.4698E-3 4.62638E-3 4.72627E-3 4.95331E-3 4.71369E-3 5.27504E-3 5.48527E-3 5.77329E-3 6.55271E-3 6.21235E-3 6.61685E-3 6.91021E-3 7.18107E-3 7.01892E-3 7.45307E-3 7.92737E-3 8.41656E-3 8.10139E-3 8.59043E-3 8.43867E-3 8.91712E-3 8.73202E-3 9.2168E-3 9.0476E-3 9.56467E-3 1.01141E-2 1.06367E-2 1.05367E-2 1.10257E-2 3.00535E-2 1.20781E-2 1.24525E-2 3.22915E-2 3.14237E-2 3.35053E-2 3.96519E-2 3.85942E-2 3.98199E-2 3.88032E-2 4.07369E-2 4.17691E-2 9.79545E-2 9.62682E-2 1.03603E-1 9.25045E-2 -9999 -9999 -9999 -9999 -9999 -9999 -9999 -9999 -9999 -9999 -9999 -9999 -9999 -9999 -9999
4.08849E-3 4.19018E-3 4.7314E-3 5.38639E-3 6.00807E-3 5.62877E-3 5.40751E-3 6.1697E-3 5.87219E-3 6.11538E-3 6.36449E-3 6.75614E-3 7.00707E-3 7.47524E-3 7.77228E-3 8.22494E-3 8.74984E-3 8.5369E-3 9.09558E-3 8.69104E-3 9.21484E-3 9.76905E-3 1.03304E-2 9.97901E-3 1.06061E-2 1.04105E-2 1.04979E-2 1.10781E-2 1.0955E-2 3.03061E-2 3.06641E-2 3.23557E-2 3.39426E-2 3.30981E-2 4.00116E-2 4.13854E-2 4.05615E-2 4.02188E-2 4.11524E-2 4.25857E-2 4.24002E-2 1.0462E-1 1.02377E-1 1.0448E-1 9.29198E-2 9.43947E-2 -9999 -9999 -9999 -9999 -9999 -9999 -9999 -9999 -9999 -9999 -9999 -9999 -9999 -9999 -9999
4.57052E-3 4.73557E-3 4.83463E-3 5.41471E-3 4.74207E-3 5.75795E-3 6.05962E-3 5.76034E-3 6.55866E-3 6.81672E-3 7.15089E-3 7.59195E-3 7.25499E-3 7.68398E-3 8.18732E-3 7.82913E-3 8.32679E-3 8.77237E-3 9.23685E-3 9.56708E-3 1.01411E-2 1.01321E-2 1.0722E-2 1.12949E-2 1.09876E-2 1.08111E-2 1.15037E-2 2.96812E-2 3.14456E-2 3.08766E-2 3.27079E-2 4.10568E-2 4.31167E-2 4.20565E-2 4.15661E-2 4.29195E-2 4.19861E-2 4.12001E-2 4.3337E-2 4.23433E-2 9.82286E-2 1.02296E-1 1.10464E-1 1.18317E-1 9.46564E-2 -9999 -9999 -9999 -9999 -9999 -9999 -9999 -9999 -9999 -9999 -9999 -9999 -9999 -9999 -9999 -9999
4.32554E-3 4.42438E-3 4.92075E-3 5.09651E-3 1.26455E-2 5.4141E-3 5.60903E-3 5.84586E-3 6.68739E-3 7.0109E-3 7.42877E-3 7.68851E-3 8.01879E-3 7.80235E-3 8.29682E-3 8.77435E-3 9.16424E-3 9.12396E-3 9.44289E-3 1.00622E-2 1.05041E-2 1.03199E-2 1.09576E-2 1.07654E-2 1.13284E-2 1.20234E-2 1.18717E-2 3.07672E-2 3.25837E-2 3.84009E-2 4.03224E-2 4.21854E-2 4.15217E-2 4.27413E-2 4.24874E-2 4.37731E-2 4.3462E-2 4.32159E-2 2.25171E-2 1.04997E-1 1.07253E-1 1.11446E-1 1.17711E-1 9.85382E-2 -9999 -9999 -9999 -9999 -9999 -9999 -9999 -9999 -9999 -9999 -9999 -9999 -9999 -9999 -9999 -9999 -9999
4.43591E-3 4.55353E-3 5.04359E-3 5.65847E-3 4.96561E-3 5.50129E-3 5.79089E-3 6.01766E-3 6.26029E-3 7.11855E-3 7.57844E-3 7.87185E-3 8.28908E-3 8.64121E-3 8.44094E-3 8.95892E-3 9.47007E-3 1.0091E-2 9.63204E-3 1.02331E-2 1.08301E-2 1.06458E-2 1.10717E-2 1.17456E-2 1.25857E-2 1.23314E-2 3.20588E-2 4.10778E-2 3.98156E-2 4.19531E-2 4.13419E-2 4.3687E-2 4.4682E-2 4.40713E-2 4.66949E-2 4.55435E-2 4.43331E-2 4.40653E-2 2.32331E-2 1.07839E-1 1.10288E-1 1.18613E-1 1.18602E-1 -9999 -9999 -9999 -9999 -9999 -9999 -9999 -9999 -9999 -9999 -9999 -9999 -9999 -9999 -9999 -9999 -9999 -9999
4.95313E-3 5.03898E-3 5.61803E-3 5.77768E-3 5.5066E-3 5.67952E-3 5.90577E-3 6.14089E-3 6.97985E-3 6.63997E-3 7.76966E-3 8.05579E-3 8.57289E-3 8.87417E-3 9.37922E-3 9.22697E-3 9.7182E-3 1.00924E-2 1.06064E-2 1.03396E-2 1.09907E-2 1.16182E-2 1.2466E-2 1.21003E-2 3.34737E-2 3.30111E-2 3.4643E-2 4.15104E-2 4.36397E-2 4.33781E-2 4.2303E-2 4.43099E-2 4.63295E-2 4.51395E-2 4.7654E-2 4.68813E-2 4.64774E-2 4.53885E-2 1.12687E-1 1.16805E-1 1.18669E-1 1.26352E-1 -9999 -9999 -9999 -9999 -9999 -9999 -9999 -9999 -9999 -9999 -9999 -9999 -9999 -9999 -9999 -9999 -9999 -9999 -9999
4.53336E-3 5.1553E-3 4.84953E-3 4.99634E-3 5.67814E-3 5.80126E-3 6.01616E-3 6.30486E-3 6.55062E-3 6.8406E-3 7.25378E-3 7.53802E-3 7.9938E-3 8.33191E-3 8.81087E-3 9.29762E-3 9.9116E-3 1.02268E-2 1.09117E-2 1.06881E-2 2.94629E-2 3.15601E-2 3.11099E-2 3.28115E-2 3.45351E-2 4.15192E-2 4.35358E-2 4.30832E-2 4.24158E-2 4.48896E-2 4.42155E-2 4.56341E-2 4.76222E-2 4.99906E-2 4.86977E-2 4.86064E-2 3.78379E-2 6.07339E-2 5.96139E-2 1.19584E-1 1.26081E-1 -9999 -9999 -9999 -9999 -9999 -9999 -9999 -9999 -9999 -9999 -9999 -9999 -9999 -9999 -9999 -9999 -9999 -9999 -9999 -9999
