day_2/Results/Podomys_floridanus/projections/PaleoClim/-21000/RUN_2.asc
ncols         385
nrows         252
xllcorner     -91.50013924285
yllcorner     25.49986064915003
cellsize      0.041666666500000005
NODATA_value  -9999
[rows 27 to 53 of 252, columns 61 to 121 of 385]
6.26432E-3 1.88349E-3 5.42491E-3 6.26878E-3 6.26917E-3 1.89957E-3 5.80137E-3 4.73771E-3 5.06243E-3 2.8605E-3 4.0146E-3 3.35726E-3 1.72313E-3 5.23295E-3 5.91124E-3 3.55916E-3 2.97447E-3 1.47785E-3 4.90925E-3 3.88275E-3 2.0899E-3 1.0403E-3 1.03339E-3 4.81873E-3 2.9275E-3 1.23764E-3 1.33426E-3 1.32595E-3 3.83629E-3 5.2015E-3 4.19603E-3 2.63856E-3 4.5518E-3 5.80653E-3 1.48004E-3 1.3789E-3 5.11565E-3 5.24613E-3 1.838E-3 1.56376E-3 1.73473E-3 2.01582E-3 1.61348E-3 2.05092E-3 4.82247E-3 2.23525E-3 2.09508E-3 2.10805E-3 2.11158E-3 2.30295E-3 2.00928E-3 2.29904E-3 1.85764E-3 1.48116E-3 1.55211E-3 1.68999E-3 6.10208E-3 6.17525E-3 5.35315E-3 5.49039E-3 1.18661E-3
5.87494E-3 1.76916E-3 5.98781E-3 2.05165E-3 1.79837E-3 5.53493E-3 2.07189E-3 3.7181E-3 6.73569E-3 4.71464E-3 5.09501E-3 5.88435E-3 1.70176E-3 1.6702E-3 5.11113E-3 6.44443E-3 5.04931E-3 1.49261E-3 3.91248E-3 4.23304E-3 2.08536E-3 1.04992E-3 1.04014E-3 4.78662E-3 2.086E-3 5.72293E-3 5.25531E-3 5.18911E-3 4.48267E-3 5.28072E-3 4.97215E-3 4.97148E-3 5.39856E-3 4.93204E-3 6.39785E-3 2.32136E-3 3.55906E-3 4.56983E-3 6.5647E-3 5.34955E-3 2.01043E-3 6.82006E-3 6.88178E-3 6.44005E-3 2.05989E-3 2.06577E-3 2.11062E-3 2.23706E-3 2.2888E-3 2.48422E-3 2.16361E-3 2.51632E-3 1.77866E-3 1.26396E-3 2.1626E-3 1.2799E-3 1.35125E-3 2.5374E-3 5.48212E-3 6.23821E-3 1.48784E-3
1.68495E-3 1.78853E-3 6.13156E-3 1.81284E-3 1.90314E-3 5.61367E-3 2.09512E-3 3.76536E-3 4.8274E-3 4.89612E-3 6.74052E-3 3.76385E-3 3.38794E-3 1.58108E-3 5.62563E-3 4.49879E-3 1.52725E-3 1.39274E-3 1.25985E-3 2.69546E-3 5.73605E-3 3.97726E-3 4.23348E-3 3.88769E-3 4.50887E-3 2.19383E-3 2.05934E-3 4.8131E-3 5.28335E-3 2.12605E-3 2.07643E-3 2.12094E-3 4.95345E-3 4.93536E-3 5.05546E-3 5.47878E-3 2.67917E-3 4.5522E-3 4.95097E-3 4.64738E-3 5.10626E-3 4.34507E-3 6.75307E-3 4.08252E-3 6.45092E-3 6.5598E-3 1.94014E-3 2.27182E-3 2.49645E-3 2.46474E-3 2.15516E-3 2.54716E-3 2.04702E-3 2.52924E-3 2.73447E-3 2.07855E-3 2.75631E-3 1.92663E-3 5.66692E-3 3.9893E-3 6.23552E-3
1.7647E-3 2.00743E-3 2.31805E-3 1.72665E-3 6.55181E-3 7.0647E-3 2.30823E-3 6.05011E-3 6.96782E-3 6.91551E-3 6.37447E-3 1.64786E-3 3.44039E-3 1.27347E-3 1.72064E-3 1.30547E-3 1.21377E-3 1.28696E-3 1.37349E-3 1.38E-3 5.01285E-3 1.14721E-3 5.25896E-3 4.20433E-3 3.52424E-3 2.1338E-3 2.67303E-3 2.52754E-3 2.71804E-3 2.5855E-3 2.37705E-3 2.42165E-3 2.24957E-3 2.12489E-3 6.24386E-3 2.31673E-3 2.49765E-3 3.97392E-3 2.58521E-3 3.91818E-3 2.59025E-3 6.65014E-3 4.35381E-3 4.39313E-3 7.06211E-3 5.34688E-3 7.16572E-3 2.2797E-3 4.99763E-3 7.09676E-3 7.22203E-3 2.37541E-3 2.09187E-3 1.89874E-3 5.1701E-3 5.15888E-3 6.73251E-3 1.92001E-3 6.79274E-4 1.40447E-3 3.33451E-3
1.7731E-3 1.73401E-3 1.59443E-3 1.84275E-3 2.13748E-3 4.17033E-3 6.64685E-3 7.19017E-3 1.9951E-3 2.11535E-3 6.0853E-3 2.12779E-3 5.9328E-3 1.67535E-3 1.25222E-3 1.15428E-3 1.2319E-3 1.12035E-3 1.28966E-3 1.36532E-3 5.06959E-3 9.70861E-4 1.22023E-3 3.49225E-3 9.43841E-4 3.67015E-3 2.36508E-3 1.31337E-3 2.18511E-3 4.44598E-3 2.70674E-3 2.72108E-3 2.46687E-3 2.39089E-3 2.42135E-3 2.64832E-3 2.69834E-3 2.55007E-3 2.7081E-3 2.73042E-3 2.74856E-3 3.04014E-3 2.81908E-3 3.0506E-3 3.07639E-3 3.13835E-3 3.14868E-3 5.71641E-3 5.42906E-3 5.41937E-3 5.45494E-3 2.52158E-3 2.60789E-3 2.34002E-3 7.32126E-3 2.47037E-3 3.5122E-3 2.57978E-3 1.25459E-3 2.41978E-3 6.18726E-3
1.98663E-3 1.96351E-3 1.43413E-3 1.63575E-3 1.72127E-3 2.1744E-3 5.77047E-3 5.76587E-3 6.38508E-3 1.61902E-3 1.86163E-3 6.49208E-3 5.58863E-3 1.80794E-3 1.64493E-3 1.29395E-3 1.46409E-3 1.15213E-3 1.53347E-3 4.86817E-3 4.42103E-3 1.0603E-3 8.22082E-4 8.73695E-4 8.73611E-4 3.74901E-3 4.68264E-3 3.48227E-3 5.12227E-3 2.02752E-3 4.17149E-3 2.86577E-3 2.11103E-3 5.3459E-3 2.60753E-3 2.14415E-3 2.46809E-3 6.25347E-3 2.84328E-3 2.71849E-3 2.7708E-3 3.11149E-3 3.20233E-3 3.19867E-3 3.19086E-3 3.5167E-3 3.46855E-3 3.40865E-3 5.67913E-3 5.70218E-3 5.74909E-3 5.48432E-3 5.89208E-3 6.29278E-3 5.82948E-3 5.2289E-3 5.33364E-3 5.93178E-3 1.97184E-3 4.46807E-3 3.81494E-3
2.18491E-3 1.98373E-3 1.43341E-3 1.53736E-3 1.64844E-3 2.34457E-3 4.99729E-3 5.83262E-3 6.33867E-3 1.77797E-3 2.16979E-3 7.23731E-3 5.80199E-3 5.25483E-3 1.54323E-3 1.65547E-3 1.27343E-3 9.82934E-4 1.215E-3 1.43186E-3 8.44423E-4 4.018E-3 1.07615E-3 1.05408E-3 9.65149E-4 7.93649E-4 1.31644E-3 9.13565E-4 4.75118E-3 2.90711E-3 4.76636E-3 2.05858E-3 5.70508E-3 4.99156E-3 2.30563E-3 5.01765E-3 4.66304E-3 6.38269E-3 2.53566E-3 5.6293E-3 1.56147E-3 4.63928E-3 2.81597E-3 3.17886E-3 5.03262E-3 3.23032E-3 3.06929E-3 3.33531E-3 3.12559E-3 4.88876E-3 6.14048E-3 6.24495E-3 3.24639E-3 3.2153E-3 3.50355E-3 3.6996E-3 3.67672E-3 5.79157E-3 1.01674E-3 4.74423E-3 6.0875E-3
2.36229E-3 2.0449E-3 1.61594E-3 1.59005E-3 1.82843E-3 1.91254E-3 7.56657E-3 6.3535E-3 7.91726E-3 1.79698E-3 2.18552E-3 8.1669E-3 6.47166E-3 6.4357E-3 1.45816E-3 1.67547E-3 1.18467E-3 9.02183E-4 1.37291E-3 8.69664E-4 1.39665E-3 9.2733E-4 1.08932E-3 1.05788E-3 9.07141E-4 1.06499E-3 8.24963E-4 7.44818E-4 7.85388E-4 4.70759E-3 2.91734E-3 2.43302E-3 2.29404E-3 2.31941E-3 2.33477E-3 6.34827E-3 5.50382E-3 5.56354E-3 5.65538E-3 5.7284E-3 3.33997E-3 1.831E-3 1.85785E-3 5.81928E-3 5.77866E-3 5.12652E-3 2.89304E-3 3.32307E-3 2.91606E-3 3.1733E-3 3.17061E-3 3.62111E-3 3.3421E-3 3.38061E-3 3.1616E-3 3.58652E-3 3.78396E-3 4.58905E-3 2.27545E-3 4.07122E-3 4.05304E-3
2.18083E-3 2.29359E-3 2.48525E-3 2.51021E-3 2.51706E-3 2.27565E-3 8.03101E-3 8.3567E-3 7.82907E-3 2.18562E-3 2.30027E-3 7.01538E-3 8.02317E-3 1.94445E-3 1.45385E-3 1.46147E-3 1.32241E-3 1.00264E-3 1.49304E-3 8.2557E-4 1.1195E-3 4.51126E-3 8.52798E-4 1.15651E-3 5.01559E-3 3.9456E-3 1.35657E-3 9.91943E-4 8.03352E-4 1.04295E-3 1.13443E-3 2.93131E-3 2.43886E-3 2.65209E-3 2.64938E-3 2.46454E-3 2.19241E-3 2.34884E-3 2.44035E-3 4.71086E-3 4.73254E-3 6.68792E-3 6.74144E-3 5.48073E-3 6.47575E-3 4.776E-3 6.83065E-3 3.11709E-3 5.71664E-3 5.34643E-3 2.07574E-3 4.77389E-3 3.16451E-3 3.40687E-3 5.7922E-3 5.00351E-3 3.01217E-3 4.13341E-3 3.62399E-3 5.35204E-3 3.54421E-3
1.89437E-3 2.22272E-3 6.01253E-3 8.59646E-3 8.80861E-3 8.16596E-3 8.72876E-3 8.39361E-3 6.29363E-3 7.88353E-3 2.51926E-3 7.28376E-3 8.24063E-3 2.09866E-3 4.06636E-3 1.75572E-3 1.32502E-3 1.11626E-3 1.07068E-3 1.39899E-3 8.33463E-4 9.67008E-4 1.23507E-3 7.89934E-4 9.29483E-4 1.07298E-3 1.36007E-3 4.67322E-3 1.36395E-3 4.70792E-3 4.37465E-3 4.89608E-3 2.4126E-3 2.56813E-3 2.84644E-3 2.6806E-3 2.56787E-3 2.37841E-3 2.54277E-3 2.72359E-3 2.64098E-3 4.04754E-3 5.16833E-3 2.68E-3 4.90935E-3 4.91827E-3 4.91616E-3 6.98079E-3 6.5767E-3 6.69322E-3 2.01314E-3 7.19608E-3 5.36942E-3 3.1266E-3 3.20759E-3 8.82366E-4 7.13613E-4 1.25381E-3 3.69427E-3 4.10254E-3 5.77856E-3
2.05435E-3 1.91639E-3 7.38161E-3 7.56171E-3 6.59114E-3 6.16275E-3 2.8096E-3 2.24103E-3 2.54532E-3 5.81722E-3 5.88843E-3 7.20025E-3 7.70472E-3 1.98783E-3 1.6563E-3 1.67395E-3 1.34752E-3 1.34893E-3 9.43648E-4 1.02097E-3 1.35932E-3 1.37017E-3 8.83788E-4 1.02185E-3 1.0271E-3 7.16454E-4 7.8026E-4 9.76008E-4 5.76861E-3 5.77617E-3 4.96552E-3 4.21428E-3 1.11317E-3 4.19625E-3 2.27985E-3 2.83265E-3 2.67385E-3 2.74189E-3 5.67297E-3 2.72482E-3 2.77239E-3 2.85288E-3 2.88765E-3 2.87966E-3 2.70359E-3 3.14837E-3 4.54589E-3 5.03528E-3 6.24599E-3 7.15318E-3 7.15822E-3 3.1436E-3 3.49026E-3 3.99494E-3 5.68255E-3 1.31527E-3 1.34329E-3 1.21719E-3 1.54684E-3 5.80713E-3 3.94941E-3
2.88054E-3 2.19709E-3 6.55978E-3 3.83448E-3 6.46267E-3 6.64374E-3 2.8947E-3 2.09559E-3 2.07581E-3 7.90469E-3 7.81269E-3 5.78276E-3 8.36171E-3 2.16271E-3 1.68731E-3 1.43382E-3 1.6494E-3 1.52614E-3 1.142E-3 9.45691E-4 7.77933E-4 8.92269E-4 1.24238E-3 1.05416E-3 9.75899E-4 8.80756E-4 8.64119E-4 7.81632E-4 7.0164E-4 8.45826E-4 9.95662E-4 8.28917E-4 7.65354E-4 8.41562E-4 8.47699E-4 4.7113E-3 1.42068E-3 1.81976E-3 1.24865E-3 1.36295E-3 4.70102E-3 2.84493E-3 4.77455E-3 5.55023E-3 3.29837E-3 3.17468E-3 2.95346E-3 3.00717E-3 3.00868E-3 5.70523E-3 2.12985E-3 1.20543E-3 2.03516E-3 4.77597E-3 3.13266E-3 5.69388E-3 3.20437E-3 5.08969E-3 1.97181E-3 2.07324E-3 6.99903E-3
2.5502E-3 2.86722E-3 7.07789E-3 7.68104E-3 6.01204E-3 6.79457E-3 8.28467E-3 1.99461E-3 1.80872E-3 7.41154E-3 8.54371E-3 2.33345E-3 5.95325E-3 1.8914E-3 1.75275E-3 1.32693E-3 1.8248E-3 1.53876E-3 1.06377E-3 9.63203E-4 8.01175E-4 7.83339E-4 7.70719E-4 7.0057E-4 8.99715E-4 1.26218E-3 7.54329E-4 7.49519E-4 8.02433E-4 7.19513E-4 7.8335E-4 9.3642E-4 7.94321E-4 8.61336E-4 1.03754E-3 1.55729E-3 1.2493E-3 1.86543E-3 1.30008E-3 9.98737E-4 1.20034E-3 1.55897E-3 1.80312E-3 1.81607E-3 3.17202E-3 3.18865E-3 3.38919E-3 3.40615E-3 3.86116E-3 3.38039E-3 2.35006E-3 1.91643E-3 1.32503E-3 4.78923E-3 5.3482E-3 5.71698E-3 7.01967E-3 2.11045E-3 1.57836E-3 1.83388E-3 1.97352E-3
2.71266E-3 3.09691E-3 6.34745E-3 6.24389E-3 7.64659E-3 6.77036E-3 8.31915E-3 2.14097E-3 2.11838E-3 2.25875E-3 5.96982E-3 2.40924E-3 5.88202E-3 1.93386E-3 1.74612E-3 1.61042E-3 1.96385E-3 1.32312E-3 1.30383E-3 8.97657E-4 8.82249E-4 1.04761E-3 1.12714E-3 8.46893E-4 7.01992E-4 1.06564E-3 1.06996E-3 1.07226E-3 9.16121E-4 7.55928E-4 8.39424E-4 8.24743E-4 9.90396E-4 8.98519E-4 1.4642E-3 1.73424E-3 1.76981E-3 3.76088E-3 1.11966E-3 1.67978E-3 1.71367E-3 1.47871E-3 1.27567E-3 1.36611E-3 1.57111E-3 1.81163E-3 1.66681E-3 1.54805E-3 4.88947E-3 5.40708E-3 1.56805E-3 1.2355E-3 1.15324E-3 1.22945E-3 1.31445E-3 1.7281E-3 1.36905E-3 1.45817E-3 1.2413E-3 1.25444E-3 2.0393E-3
3.16483E-3 6.19313E-3 9.19846E-3 9.04213E-3 9.0328E-3 6.32975E-3 6.35472E-3 2.92532E-3 2.28776E-3 2.8419E-3 7.54153E-3 7.54471E-3 8.52465E-3 1.9806E-3 1.51339E-3 1.47635E-3 2.14758E-3 1.57673E-3 1.69677E-3 1.43342E-3 1.05791E-3 1.14767E-3 9.5903E-4 9.42108E-4 7.97725E-4 7.87597E-4 6.59364E-4 7.76602E-4 1.08006E-3 1.02046E-3 1.11371E-3 9.39331E-4 9.3446E-4 9.97587E-4 1.30197E-3 1.42109E-3 1.54491E-3 1.84281E-3 1.3995E-3 1.47581E-3 1.87506E-3 1.64519E-3 1.54769E-3 1.41824E-3 1.17619E-3 1.20466E-3 1.08657E-3 1.17176E-3 1.18109E-3 1.72882E-3 1.36193E-3 1.50005E-3 1.09197E-3 1.09969E-3 1.26291E-3 1.38611E-3 1.19751E-3 1.38495E-3 1.42327E-3 1.40516E-3 5.98392E-3
2.76596E-3 6.50417E-3 9.3874E-3 8.49263E-3 6.91589E-3 6.47337E-3 7.30491E-3 2.54025E-3 2.00015E-3 7.61282E-3 2.30022E-3 2.66229E-3 8.58995E-3 2.43765E-3 1.81919E-3 1.75636E-3 2.24119E-3 1.61912E-3 1.1546E-3 1.21563E-3 1.07707E-3 8.90067E-4 8.88885E-4 9.08359E-4 8.26712E-4 1.06167E-3 7.4286E-4 8.0915E-4 8.16594E-4 8.14465E-4 9.68845E-4 8.12603E-4 8.71565E-4 1.05388E-3 1.24227E-3 1.17887E-3 1.38746E-3 1.85726E-3 1.55299E-3 1.11579E-3 1.55503E-3 1.34298E-3 1.45124E-3 1.55902E-3 1.31913E-3 1.44358E-3 1.42919E-3 1.32744E-3 1.19478E-3 1.30163E-3 1.41725E-3 1.42419E-3 1.22796E-3 1.22986E-3 1.31286E-3 1.42763E-3 1.33723E-3 1.56675E-3 1.56233E-3 2.12152E-3 6.34855E-3
3.21173E-3 7.32844E-3 6.6173E-3 7.26789E-3 6.87752E-3 9.03691E-3 6.71552E-3 3.02353E-3 2.38233E-3 2.50608E-3 5.28735E-3 2.01048E-3 2.4754E-3 8.91021E-3 1.5428E-3 2.26479E-3 1.51805E-3 1.28644E-3 1.13831E-3 1.6037E-3 1.25789E-3 1.14938E-3 1.09709E-3 1.16252E-3 8.44396E-4 9.09532E-4 9.31303E-4 9.11213E-4 1.11498E-3 1.28404E-3 9.09806E-4 9.0012E-4 1.17055E-3 1.50048E-3 1.50573E-3 1.55197E-3 1.30401E-3 1.81763E-3 7.07181E-3 1.59722E-3 1.70726E-3 1.77241E-3 1.47742E-3 1.74024E-3 1.47338E-3 1.33531E-3 1.46962E-3 1.25319E-3 1.14346E-3 1.22557E-3 1.22988E-3 1.76025E-3 1.34945E-3 1.35751E-3 1.59991E-3 1.16151E-3 1.6126E-3 1.73998E-3 1.68685E-3 5.22712E-3 2.48767E-3
2.4207E-3 3.02168E-3 6.90321E-3 7.71239E-3 7.81982E-3 6.75756E-3 7.02572E-3 9.30566E-3 2.63161E-3 2.80148E-3 8.55177E-3 2.76529E-3 2.18334E-3 8.91438E-3 1.99247E-3 1.83658E-3 1.43534E-3 1.29166E-3 1.38023E-3 1.75744E-3 1.38091E-3 1.25868E-3 1.35155E-3 2.03016E-3 1.35202E-3 1.47436E-3 1.19402E-3 1.88284E-3 1.44174E-3 1.57356E-3 1.11549E-3 1.10653E-3 1.11879E-3 1.12161E-3 1.54515E-3 1.68036E-3 1.83315E-3 1.34779E-3 1.86959E-3 8.00013E-3 1.66166E-3 2.03765E-3 1.79745E-3 1.53348E-3 1.29197E-3 1.6552E-3 1.28287E-3 1.48452E-3 1.17842E-3 1.52274E-3 1.5296E-3 1.76397E-3 2.39783E-3 1.65744E-3 1.40015E-3 1.27587E-3 1.75457E-3 2.19717E-3 1.7008E-3 2.2995E-3 2.01848E-3
2.43842E-3 2.66196E-3 6.48753E-3 6.52192E-3 7.36929E-3 7.30607E-3 7.38019E-3 6.87259E-3 3.09601E-3 2.98589E-3 2.78698E-3 8.55419E-3 2.59435E-3 2.52589E-3 2.15019E-3 1.73447E-3 1.56017E-3 1.65076E-3 1.40621E-3 1.91058E-3 1.18823E-3 1.18211E-3 2.15517E-3 2.04998E-3 1.38411E-3 1.22011E-3 1.53799E-3 2.33736E-3 1.66691E-3 1.80613E-3 1.24284E-3 1.14855E-3 1.33801E-3 1.69282E-3 1.49877E-3 1.27907E-3 1.88585E-3 1.28191E-3 2.16732E-3 8.96629E-3 2.72994E-3 2.17389E-3 2.1283E-3 1.42869E-3 1.42968E-3 1.94241E-3 1.3159E-3 1.80935E-3 2.37442E-3 2.7352E-3 1.68727E-3 2.39456E-3 3.07714E-3 2.3796E-3 2.08488E-3 2.39524E-3 2.54695E-3 1.98725E-3 1.62984E-3 1.631E-3 2.52977E-3
3.0574E-3 3.10064E-3 3.31765E-3 7.52663E-3 6.95406E-3 7.52206E-3 6.89138E-3 7.89341E-3 7.42713E-3 6.65945E-3 2.63657E-3 3.03138E-3 8.03662E-3 2.55564E-3 2.36346E-3 1.8797E-3 1.95105E-3 1.58784E-3 1.80252E-3 1.64347E-3 1.30967E-3 1.52316E-3 2.08865E-3 1.38882E-3 1.30405E-3 9.71904E-4 8.85145E-4 1.32074E-3 1.93947E-3 1.41071E-3 1.53633E-3 1.81149E-3 1.38509E-3 1.85545E-3 2.08858E-3 2.15267E-3 1.53918E-3 1.99977E-3 1.68313E-3 1.78944E-3 9.01598E-3 1.79178E-3 1.93726E-3 2.75762E-3 1.9664E-3 2.21008E-3 2.74664E-3 3.20351E-3 1.89066E-3 2.21202E-3 1.56776E-3 1.90091E-3 2.77712E-3 2.54477E-3 3.13079E-3 6.04162E-3 2.14223E-3 1.79395E-3 1.65595E-3 2.58596E-3 2.20043E-3
2.52752E-3 7.08959E-3 3.28477E-3 2.85433E-3 6.94273E-3 7.12388E-3 9.46799E-3 8.77359E-3 6.49875E-3 6.33146E-3 7.07221E-3 9.47497E-3 2.85784E-3 1.91057E-3 1.78539E-3 1.8492E-3 2.10664E-3 1.96442E-3 1.96974E-3 1.70042E-3 1.39266E-3 2.42651E-3 1.44123E-3 1.18874E-3 1.66007E-3 1.18795E-3 1.20972E-3 1.31586E-3 1.79902E-3 1.84077E-3 1.71326E-3 1.5895E-3 1.20467E-3 1.82387E-3 2.53046E-3 2.53654E-3 1.7882E-3 1.75704E-3 1.92276E-3 1.88881E-3 2.81994E-3 2.66243E-3 2.26874E-3 2.48016E-3 2.26893E-3 2.30978E-3 1.78701E-3 2.80259E-3 2.56679E-3 3.11623E-3 1.57506E-3 2.09027E-3 1.79167E-3 2.95169E-3 2.0275E-3 1.84758E-3 1.51301E-3 2.08659E-3 1.34884E-3 1.72407E-3 2.10435E-3
2.37686E-3 6.5382E-3 7.49102E-3 9.68988E-3 9.52618E-3 7.14222E-3 6.6912E-3 8.90565E-3 3.07179E-3 6.54186E-3 7.65798E-3 3.08938E-3 2.1551E-3 2.15478E-3 1.91353E-3 1.90709E-3 7.05739E-3 1.84311E-3 1.57763E-3 1.4555E-3 1.94679E-3 1.8793E-3 1.34553E-3 1.21704E-3 2.11453E-3 1.7048E-3 1.68141E-3 1.69833E-3 1.72996E-3 1.73277E-3 2.17965E-3 1.61919E-3 1.62566E-3 1.85789E-3 1.9012E-3 2.03849E-3 2.77955E-3 2.29447E-3 1.82373E-3 2.01586E-3 2.03379E-3 2.45686E-3 2.29865E-3 2.87941E-3 2.5322E-3 2.17713E-3 1.8479E-3 2.15773E-3 1.37208E-3 1.78186E-3 2.84943E-3 3.09201E-3 3.19974E-3 1.53909E-3 1.11217E-3 1.6111E-3 3.03867E-3 3.20145E-3 2.71834E-3 1.98385E-3 7.56247E-3
2.10697E-3 2.91065E-3 7.47263E-3 7.60143E-3 6.07281E-3 6.77645E-3 7.15661E-3 7.18187E-3 9.66907E-3 8.75968E-3 7.50264E-3 3.10146E-3 2.36375E-3 1.95425E-3 1.63387E-3 1.8977E-3 4.86104E-3 1.59066E-3 1.46222E-3 1.86806E-3 2.33294E-3 1.44675E-3 1.83402E-3 1.66835E-3 1.96951E-3 1.68181E-3 1.98955E-3 1.89455E-3 1.7665E-3 2.74838E-3 2.55328E-3 1.5202E-3 1.72725E-3 2.43209E-3 2.81778E-3 1.95488E-3 2.46195E-3 3.01376E-3 2.63834E-3 2.29654E-3 2.32334E-3 2.40379E-3 2.16759E-3 2.38527E-3 2.71484E-3 2.20098E-3 2.54049E-3 1.56554E-3 2.17413E-3 3.0937E-3 8.06349E-3 7.78226E-3 2.0973E-3 1.22489E-3 2.60569E-3 9.3997E-3 6.34854E-3 2.92883E-3 1.72473E-3 1.84763E-3 1.77624E-3
2.74908E-3 2.886E-3 9.39224E-3 8.02979E-3 6.64759E-3 8.91844E-3 6.78754E-3 7.51187E-3 7.28117E-3 6.11634E-3 7.66406E-3 9.14027E-3 2.36658E-3 1.8333E-3 1.65913E-3 2.38205E-3 2.72092E-3 2.53733E-3 2.54027E-3 2.51392E-3 1.55992E-3 1.56864E-3 1.56128E-3 1.47723E-3 1.251E-3 1.84488E-3 2.33813E-3 1.61802E-3 1.75449E-3 2.06102E-3 2.77943E-3 1.55828E-3 2.04351E-3 5.74622E-3 9.16297E-3 9.45984E-3 3.07074E-3 2.70848E-3 2.71359E-3 2.864E-3 2.93402E-3 2.71841E-3 2.73305E-3 2.24417E-3 2.91223E-3 2.34226E-3 2.24135E-3 3.43268E-3 9.70748E-3 7.12157E-3 6.41582E-3 2.52925E-3 1.96322E-3 3.04192E-3 6.95349E-3 3.25559E-3 3.15241E-3 1.628E-3 1.85816E-3 1.63421E-3 1.77608E-3
7.42825E-3 3.13136E-3 6.68616E-3 7.68243E-3 8.07007E-3 6.65828E-3 9.44265E-3 7.28256E-3 7.68021E-3 7.13979E-3 7.72928E-3 8.89099E-3 2.33749E-3 1.98463E-3 1.64835E-3 7.84143E-3 1.79487E-3 1.75326E-3 1.56633E-3 1.59282E-3 1.44182E-3 1.46951E-3 1.60732E-3 1.5794E-3 1.36593E-3 1.96227E-3 2.72967E-3 1.62511E-3 2.04648E-3 2.99386E-3 1.94031E-3 1.82977E-3 1.78577E-3 2.08276E-3 2.90319E-3 6.46602E-3 7.42859E-3 6.66253E-3 2.73049E-3 3.11661E-3 3.00582E-3 2.55612E-3 2.92747E-3 2.74049E-3 2.53832E-3 6.58327E-3 9.70571E-3 8.59825E-3 5.92163E-3 2.06564E-3 1.63531E-3 2.2766E-3 5.88429E-3 9.37414E-3 2.7605E-3 2.59336E-3 1.35202E-3 8.49382E-3 2.11338E-3 1.9708E-3 1.81588E-3
8.15661E-3 8.07907E-3 8.10465E-3 6.67286E-3 7.74836E-3 7.7109E-3 9.1251E-3 8.79885E-3 7.0417E-3 7.04034E-3 7.55086E-3 6.75374E-3 2.36156E-3 1.99049E-3 1.79347E-3 8.00312E-3 1.63685E-3 1.88135E-3 1.72557E-3 1.44977E-3 1.47226E-3 1.60844E-3 1.73913E-3 1.49741E-3 1.59568E-3 2.02073E-3 2.34842E-3 1.78663E-3 2.10499E-3 2.62827E-3 1.78358E-3 2.19761E-3 2.17898E-3 1.78724E-3 2.04407E-3 8.56689E-3 6.85156E-3 4.11005E-3 6.00027E-3 6.63013E-3 8.10769E-3 9.67367E-3 3.12408E-3 9.47327E-3 6.84442E-3 7.2491E-3 2.91488E-3 2.32352E-3 1.53119E-3 1.67145E-3 3.31413E-3 2.98774E-3 7.3435E-3 8.58185E-3 8.95677E-3 1.71913E-3 1.25918E-3 1.59663E-3 1.71969E-3 1.46098E-3 1.23602E-3
6.08422E-3 3.3423E-3 4.52871E-3 4.26572E-3 7.74999E-3 7.62286E-3 9.11054E-3 2.89244E-3 9.03134E-3 8.98438E-3 6.93382E-3 6.94978E-3 2.45684E-3 2.0008E-3 1.95599E-3 2.37818E-3 1.2544E-3 2.13075E-3 2.00183E-3 1.59374E-3 1.74383E-3 1.37938E-3 1.49211E-3 1.23766E-3 1.46575E-3 2.16651E-3 2.22511E-3 1.89573E-3 2.62598E-3 1.66736E-3 1.67081E-3 1.769E-3 2.45348E-3 1.39831E-3 1.78803E-3 2.35413E-3 2.23441E-3 8.67019E-3 6.50131E-3 2.5186E-3 3.05996E-3 7.10505E-3 8.03105E-3 9.50554E-3 2.8742E-3 2.65601E-3 2.51268E-3 1.55318E-3 2.29366E-3 2.66291E-3 9.30487E-3 7.37185E-3 9.0533E-3 8.62502E-3 2.51624E-3 1.65347E-3 9.28038E-4 1.63321E-3 6.11951E-3 5.60512E-3 6.91678E-3
