day_2/Results/Podomys_floridanus/projections/PaleoClim/-21000/RUN_3.asc
ncols         385
nrows         252
xllcorner     -91.50013924285
yllcorner     25.49986064915003
cellsize      0.041666666500000005
NODATA_value  -9999
[rows 81 to 107 of 252, columns 0 to 60 of 385]
2.15049E-4 2.82254E-4 6.7973E-4 7.32333E-4 7.32516E-4 7.43596E-4 7.43819E-4 7.43819E-4 7.43819E-4 7.32917E-4 7.32881E-4 8.61996E-4 8.01436E-4 8.62508E-4 8.63147E-4 9.28757E-4 8.63361E-4 9.29033E-4 1.01424E-3 1.06172E-3 1.0279E-3 2.53478E-4 1.69365E-4 2.28312E-4 8.3741E-4 4.35761E-4 4.68985E-4 1.1458E-3 1.00021E-3 8.63147E-4 8.62251E-4 5.96533E-4 8.00799E-4 8.008E-4 8.75293E-4 8.62764E-4 8.00999E-4 7.43412E-4 1.99953E-4 2.15104E-4 6.79392E-4 3.0408E-4 2.82395E-4 1.96667E-4 2.11675E-4 2.82155E-4 1.82408E-4 1.99422E-4 7.87694E-4 7.32879E-4 1.67018E-4 2.11887E-4 7.21243E-4 8.48269E-4 2.99846E-4 2.08885E-4 1.79671E-4 1.93667E-4 1.93668E-4 7.7588E-4 8.37116E-4
2.86539E-4 6.8984E-4 6.90046E-4 7.43264E-4 7.43449E-4 7.54845E-4 8.12954E-4 8.13156E-4 8.13156E-4 8.62338E-4 8.62934E-4 8.01874E-4 8.75772E-4 8.75987E-4 1.01434E-3 9.43316E-4 1.01484E-3 1.00224E-3 8.12507E-4 1.71884E-4 1.56864E-4 1.69187E-4 2.28506E-4 9.1465E-4 4.41814E-4 4.75615E-4 1.1756E-3 9.44245E-4 8.75512E-4 8.75076E-4 3.32839E-4 3.08743E-4 8.00204E-4 7.44187E-4 8.12915E-4 8.74905E-4 5.96888E-4 2.35709E-4 8.61446E-4 7.43596E-4 2.86825E-4 2.86668E-4 6.90013E-4 2.31963E-4 1.99583E-4 2.31477E-4 1.99642E-4 2.1505E-4 6.89635E-4 7.99808E-4 7.891E-4 8.62208E-4 8.008E-4 2.15265E-4 3.0399E-4 5.78598E-4 2.12046E-4 5.78425E-4 2.46213E-4 2.49814E-4 9.14466E-4
6.50215E-4 6.4075E-4 2.90861E-4 7.0052E-4 5.62254E-4 7.54922E-4 8.13197E-4 8.13399E-4 8.136E-4 8.134E-4 9.42387E-4 1.03039E-3 9.57585E-4 9.43132E-4 8.89457E-4 9.57397E-4 9.56878E-4 2.02827E-4 1.85075E-4 1.82362E-4 2.12003E-4 3.27945E-4 1.14384E-3 1.1453E-3 8.76636E-4 8.75771E-4 8.75078E-4 1.10831E-3 3.33453E-4 2.53935E-4 2.7317E-4 2.31837E-4 3.08666E-4 8.74428E-4 8.12752E-4 2.57648E-4 8.13198E-4 1.01304E-3 7.5503E-4 2.35355E-4 7.54282E-4 7.43671E-4 5.53847E-4 8.00444E-4 2.15276E-4 1.99493E-4 2.86296E-4 6.89497E-4 2.35297E-4 2.18358E-4 7.99848E-4 8.00641E-4 3.09158E-4 2.31837E-4 2.49701E-4 3.27618E-4 2.50025E-4 7.89104E-4 8.50077E-4 8.01596E-4 1.01454E-3
6.50248E-4 7.11082E-4 5.21929E-4 7.11473E-4 8.2509E-4 8.25744E-4 8.88887E-4 8.89107E-4 9.57161E-4 8.89547E-4 8.89547E-4 1.03024E-3 9.5787E-4 9.57634E-4 9.5787E-4 1.04608E-3 8.255E-4 1.99763E-4 1.99583E-4 2.31778E-4 9.28023E-4 1.14536E-3 1.03064E-3 9.43363E-4 8.76464E-4 8.75556E-4 2.53948E-4 1.02907E-3 1.01569E-3 1.09213E-3 8.62977E-4 2.32079E-4 2.53467E-4 2.57443E-4 2.39228E-4 8.75212E-4 9.56358E-4 2.39167E-4 2.18544E-4 2.35239E-4 3.13274E-4 7.5432E-4 7.54694E-4 7.54508E-4 2.35485E-4 2.02613E-4 2.18085E-4 2.02511E-4 2.38607E-4 2.86554E-4 3.13352E-4 3.13368E-4 8.75379E-4 2.50175E-4 3.32659E-4 3.32493E-4 9.41361E-4 9.43313E-4 1.01459E-3 9.43548E-4 1.03044E-3
6.60283E-4 7.11154E-4 7.65998E-4 8.37569E-4 8.25785E-4 9.02287E-4 9.02824E-4 9.02824E-4 9.71688E-4 9.72167E-4 1.04639E-3 1.04665E-3 1.04639E-3 1.04639E-3 1.12608E-3 1.06075E-3 2.39131E-4 2.15351E-4 2.49901E-4 8.01438E-4 1.01534E-3 1.17992E-3 8.90206E-4 9.56877E-4 1.03044E-3 3.64452E-4 9.42389E-4 9.56829E-4 1.12541E-3 9.58106E-4 3.38229E-4 3.33023E-4 2.73401E-4 8.13561E-4 1.02968E-3 9.71829E-4 6.15728E-4 2.5774E-4 8.13401E-4 2.57662E-4 2.39049E-4 2.38739E-4 2.57136E-4 2.38797E-4 6.04355E-4 2.18368E-4 1.87875E-4 2.02369E-4 2.21495E-4 2.38738E-4 3.13383E-4 2.38929E-4 9.55884E-4 9.43131E-4 8.1356E-4 2.35603E-4 2.57457E-4 1.02892E-3 8.89985E-4 1.03029E-3 1.04628E-3
7.22128E-4 7.22128E-4 5.78992E-4 7.77585E-4 9.01931E-4 9.02823E-4 9.86335E-4 9.86871E-4 9.86871E-4 1.06195E-3 1.14317E-3 1.14345E-3 1.06305E-3 1.06279E-3 1.14317E-3 2.42921E-4 2.21795E-4 8.74257E-4 1.01539E-3 1.11061E-3 1.27076E-3 1.04685E-3 9.58389E-4 8.90208E-4 1.03105E-3 1.11006E-3 3.98263E-4 3.6949E-4 1.04469E-3 1.03024E-3 9.43828E-4 1.01509E-3 1.0307E-3 1.03105E-3 9.71831E-4 9.02064E-4 1.02897E-3 1.02993E-3 1.02998E-3 8.89545E-4 8.25294E-4 2.21906E-4 2.21795E-4 2.2174E-4 1.87942E-4 2.02572E-4 1.87828E-4 1.90526E-4 2.2134E-4 2.38559E-4 3.17871E-4 2.61234E-4 8.87963E-4 9.56639E-4 8.1364E-4 8.13641E-4 8.89108E-4 9.03225E-4 1.04536E-3 1.06248E-3 1.04727E-3
7.33234E-4 7.33417E-4 2.46436E-4 3.23213E-4 8.50283E-4 9.8619E-4 9.86921E-4 1.06201E-3 1.06253E-3 1.06253E-3 1.16068E-3 1.16108E-3 1.21707E-3 1.21737E-3 1.1604E-3 2.5824E-4 2.77552E-4 2.77538E-4 1.2109E-3 5.02691E-4 5.05726E-4 9.74182E-4 1.21162E-3 1.21097E-3 1.28858E-3 1.36652E-3 1.04819E-3 3.98283E-4 3.03505E-4 8.89064E-4 1.10897E-3 1.03151E-3 1.04711E-3 1.14305E-3 9.03272E-4 2.61574E-4 2.61235E-4 3.68848E-4 6.71759E-4 9.02108E-4 2.61717E-4 2.57624E-4 8.25091E-4 3.42818E-4 2.05916E-4 2.57149E-4 1.88235E-4 1.64143E-4 1.90689E-4 1.90737E-4 2.08749E-4 2.6078E-4 3.42663E-4 8.2513E-4 8.25335E-4 9.70918E-4 9.8609E-4 1.14176E-3 9.17204E-4 1.1596E-3 6.79513E-4
7.8982E-4 8.50367E-4 9.16072E-4 9.16526E-4 6.82871E-4 1.00081E-3 1.07786E-3 1.07839E-3 1.16051E-3 1.16108E-3 1.24897E-3 1.26811E-3 1.26848E-3 1.23578E-3 9.86972E-4 1.21019E-3 1.12657E-3 1.03187E-3 4.98213E-4 4.81749E-4 1.06504E-3 1.2901E-3 1.32417E-3 4.04929E-4 7.79918E-4 1.22868E-3 1.32281E-3 1.12696E-3 1.04659E-3 9.57918E-4 1.21096E-3 1.21257E-3 1.28966E-3 1.14311E-3 9.03761E-4 3.6971E-4 2.61561E-4 2.42739E-4 2.65056E-4 8.37195E-4 9.702E-4 9.70917E-4 6.72458E-4 2.57367E-4 2.61299E-4 2.61378E-4 3.42767E-4 2.21873E-4 2.42544E-4 2.25107E-4 2.61118E-4 1.93925E-4 2.61196E-4 3.4804E-4 3.48057E-4 8.50071E-4 8.50577E-4 8.634E-4 9.99577E-4 1.09216E-3 1.17569E-3
6.43075E-4 8.01608E-4 9.29286E-4 1.00116E-3 1.00165E-3 9.30896E-4 1.017E-3 1.09449E-3 1.17778E-3 1.26761E-3 1.26823E-3 1.26824E-3 1.32948E-3 1.26817E-3 3.13287E-4 4.10122E-4 1.12586E-3 1.28972E-3 5.18016E-4 1.26941E-3 6.95999E-4 6.96709E-4 1.34597E-3 1.38869E-3 1.23248E-3 7.92927E-4 1.06164E-3 1.14193E-3 1.04773E-3 1.04691E-3 1.14339E-3 1.3089E-3 1.24891E-3 7.36219E-4 1.06253E-3 1.04722E-3 3.98205E-4 9.02512E-4 2.4635E-4 2.65069E-4 2.46091E-4 2.65134E-4 3.75024E-4 2.25288E-4 3.47676E-4 6.7216E-4 3.4804E-4 3.22794E-4 8.37443E-4 2.65478E-4 3.23293E-4 2.65215E-4 9.15573E-4 8.51E-4 2.90211E-4 2.69027E-4 3.58311E-4 3.58686E-4 2.32249E-4 2.18687E-4 2.35516E-4
3.64241E-4 2.77671E-4 3.64223E-4 9.44324E-4 1.0171E-3 1.09476E-3 1.17784E-3 1.11153E-3 1.09481E-3 1.19588E-3 1.28678E-3 1.28741E-3 1.38502E-3 1.17928E-3 1.24769E-3 1.14462E-3 1.23157E-3 1.36486E-3 1.45108E-3 1.26854E-3 8.66035E-4 1.17737E-3 5.17136E-4 7.49116E-4 7.49299E-4 1.44585E-3 3.57726E-4 3.0819E-4 1.4207E-3 1.23187E-3 1.24952E-3 1.26749E-3 1.07865E-3 1.15954E-3 1.34222E-3 1.29016E-3 1.06358E-3 7.24856E-4 2.4667E-4 2.46424E-4 2.25175E-4 2.65267E-4 1.06065E-3 2.65624E-4 2.65426E-4 9.15576E-4 2.65426E-4 1.96761E-4 3.52691E-4 8.50787E-4 9.15847E-4 2.69509E-4 9.29469E-4 8.6413E-4 8.50621E-4 1.99738E-4 2.35009E-4 3.58063E-4 8.75634E-4 9.43387E-4 8.77287E-4
8.90294E-4 3.92384E-4 9.44557E-4 1.11104E-3 1.196E-3 1.1963E-3 1.11219E-3 1.11192E-3 1.11192E-3 1.19659E-3 1.19688E-3 1.28748E-3 1.4059E-3 1.26929E-3 3.377E-4 1.40832E-3 5.18321E-4 1.36271E-3 1.26854E-3 1.17714E-3 1.36325E-3 4.49152E-4 3.68271E-4 1.1783E-3 1.26817E-3 1.16137E-3 1.2303E-3 1.06305E-3 1.07855E-3 1.46514E-3 1.36499E-3 1.09572E-3 4.48599E-4 3.37082E-4 4.48224E-4 1.26618E-3 1.24836E-3 1.14322E-3 9.8765E-4 9.87165E-4 2.86114E-4 9.15575E-4 1.0016E-3 2.90616E-4 9.29426E-4 9.29423E-4 2.69522E-4 2.28536E-4 2.49653E-4 9.29237E-4 8.64344E-4 3.58599E-4 9.43526E-4 9.44789E-4 3.5917E-4 1.97058E-4 1.8529E-4 2.18074E-4 2.38708E-4 2.81451E-4 9.71662E-4
7.69266E-4 9.59368E-4 1.11082E-3 1.21409E-3 1.21445E-3 1.21475E-3 1.3067E-3 1.30734E-3 1.30727E-3 1.4057E-3 1.40673E-3 1.40604E-3 1.40673E-3 1.49122E-3 5.65399E-4 5.73893E-4 1.38204E-3 1.28747E-3 1.09535E-3 2.95013E-4 1.17627E-3 1.46671E-3 1.36499E-3 1.36359E-3 1.36385E-3 1.24989E-3 1.23037E-3 1.16068E-3 1.16142E-3 1.09551E-3 1.38421E-3 1.16211E-3 1.26848E-3 1.36392E-3 1.17835E-3 1.0014E-3 4.4811E-4 8.03769E-4 1.16023E-3 1.1608E-3 7.35894E-4 3.8667E-4 1.09416E-3 1.09443E-3 3.86497E-4 2.69388E-4 3.58776E-4 2.50053E-4 2.18512E-4 9.42876E-4 1.01685E-3 2.54179E-4 8.76116E-4 1.11016E-3 1.01665E-3 8.76332E-4 3.64421E-4 1.88406E-4 2.05323E-4 2.61001E-4 3.48224E-4
1.12851E-3 1.21415E-3 1.12823E-3 1.23245E-3 1.23312E-3 1.32646E-3 1.32711E-3 1.4273E-3 1.4068E-3 1.32737E-3 1.53524E-3 1.32639E-3 1.53239E-3 5.7356E-4 1.51288E-3 1.19623E-3 3.27139E-4 3.78843E-4 4.97063E-4 3.73861E-4 3.74064E-4 1.38428E-3 1.38604E-3 4.03028E-4 5.19668E-4 1.34466E-3 9.31948E-4 4.82478E-4 1.38279E-3 1.2871E-3 1.3857E-3 1.38496E-3 1.48853E-3 1.26792E-3 4.55227E-4 2.94852E-4 4.47803E-4 1.17806E-3 1.17749E-3 1.1787E-3 1.09476E-3 1.01766E-3 1.195E-3 1.0174E-3 2.73669E-4 2.73396E-4 9.43809E-4 2.73329E-4 2.53848E-4 9.57612E-4 1.11E-3 8.90513E-4 7.14086E-4 1.03152E-3 8.9078E-4 2.39223E-4 9.56949E-4 8.90999E-4 1.62024E-4 2.1136E-4 3.52788E-4
1.23288E-3 1.23288E-3 4.76417E-4 1.23221E-3 1.32613E-3 1.32717E-3 1.42772E-3 1.42807E-3 1.53524E-3 1.42807E-3 1.55838E-3 3.85698E-4 3.27595E-4 5.43184E-4 9.60545E-4 3.47928E-4 2.99955E-4 3.47568E-4 4.90456E-4 1.26899E-3 1.4171E-3 1.50986E-3 1.41826E-3 1.4639E-3 1.49034E-3 1.46454E-3 1.36539E-3 3.73658E-4 3.78843E-4 4.97235E-4 1.38279E-3 1.28881E-3 4.97334E-4 3.73879E-4 3.68308E-4 3.41828E-4 4.54914E-4 1.2871E-3 3.47567E-4 1.28647E-3 1.03331E-3 1.21218E-3 1.03254E-3 1.03198E-3 2.94515E-4 2.99104E-4 1.03223E-3 2.18842E-4 3.69183E-4 9.72913E-4 9.04299E-4 3.03752E-4 9.72675E-4 9.72675E-4 9.73203E-4 2.61615E-4 8.37996E-4 1.12684E-3 2.62007E-4 1.41115E-4 1.98984E-4
1.25152E-3 1.25152E-3 1.23294E-3 9.89092E-4 1.23318E-3 1.44853E-3 1.55853E-3 1.55929E-3 1.44974E-3 1.44896E-3 1.44931E-3 1.30779E-3 1.40714E-3 1.51156E-3 1.43978E-3 5.8238E-4 5.82661E-4 6.26121E-4 5.8235E-4 1.50887E-3 3.8051E-4 2.78338E-4 4.0788E-4 4.08501E-4 5.75748E-4 1.38387E-3 1.28609E-3 3.22342E-4 3.03449E-4 5.41955E-4 1.50814E-3 1.40886E-3 3.79725E-4 1.28716E-3 1.38503E-3 3.74157E-4 4.96967E-4 1.51111E-3 1.30798E-3 1.40426E-3 1.12701E-3 3.03629E-4 7.67894E-4 9.58842E-4 2.39535E-4 9.71858E-4 1.27108E-3 2.61798E-4 2.85511E-4 1.06248E-3 1.06385E-3 9.87681E-4 9.86897E-4 3.75402E-4 9.87922E-4 2.46666E-4 2.69457E-4 1.06228E-3 9.0318E-4 1.79974E-4 1.45189E-4
1.25159E-3 1.25159E-3 1.25189E-3 1.34665E-3 1.34731E-3 1.44903E-3 1.47123E-3 1.58249E-3 1.47015E-3 6.02069E-4 1.44747E-3 1.42556E-3 1.53102E-3 5.53001E-4 4.21228E-4 5.51593E-4 9.888E-4 5.51591E-4 3.57897E-4 3.84615E-4 1.52321E-3 1.40775E-3 1.03351E-3 1.38577E-3 1.28742E-3 4.02235E-4 3.22263E-4 2.94574E-4 2.77671E-4 3.03389E-4 1.42368E-3 5.82972E-4 9.62009E-4 1.51186E-3 1.40639E-3 1.28824E-3 3.85165E-4 1.42626E-3 1.4273E-3 3.57809E-4 2.43147E-4 2.57369E-4 2.81591E-4 1.03025E-3 7.80899E-4 9.73445E-4 9.73445E-4 2.25514E-4 1.96692E-4 1.00034E-3 1.07914E-3 3.80874E-4 2.65453E-4 2.90221E-4 1.16005E-3 3.54357E-4 6.93007E-4 1.00242E-3 2.46629E-4 2.46357E-4 1.69328E-4
1.27027E-3 1.27058E-3 1.36708E-3 1.36742E-3 1.47102E-3 1.47138E-3 1.47138E-3 1.58087E-3 3.96869E-4 3.37264E-4 3.90337E-4 3.32139E-4 5.59358E-4 1.57093E-3 1.55883E-3 1.32795E-3 5.52026E-4 1.23318E-3 4.14846E-4 3.32025E-4 5.50615E-4 1.53404E-3 1.53442E-3 1.44133E-3 5.36089E-4 3.79518E-4 3.22217E-4 2.99253E-4 3.27075E-4 3.03722E-4 3.90202E-4 8.53848E-4 1.44357E-3 1.53712E-3 1.32848E-3 1.42842E-3 3.85813E-4 1.44705E-3 1.32581E-3 3.32468E-4 4.28575E-4 2.39402E-4 2.81536E-4 2.85952E-4 1.06055E-3 1.06358E-3 1.06412E-3 2.86196E-4 2.50209E-4 3.86656E-4 9.31448E-4 2.2872E-4 2.49821E-4 2.947E-4 8.63887E-4 1.01733E-3 3.6469E-4 1.00252E-3 3.33636E-4 8.02236E-4 2.73767E-4
5.3598E-4 1.28947E-3 1.38742E-3 1.3881E-3 1.4929E-3 1.49363E-3 1.49399E-3 4.27748E-4 3.13325E-4 3.90125E-4 3.32138E-4 3.57278E-4 5.59083E-4 1.36587E-3 5.59854E-4 1.46907E-3 1.44867E-3 1.3452E-3 1.42744E-3 3.04221E-4 3.62737E-4 1.32555E-3 4.20791E-4 1.55564E-3 1.40762E-3 5.35958E-4 3.27417E-4 3.78789E-4 4.13865E-4 3.57542E-4 3.32139E-4 1.34487E-3 8.68321E-4 1.53431E-3 1.46391E-3 1.57207E-3 1.55769E-3 5.59797E-4 3.57649E-4 3.84519E-4 3.03645E-4 3.03178E-4 2.85952E-4 2.90583E-4 2.12116E-4 9.99598E-4 1.16067E-3 2.70103E-4 2.99071E-4 1.01768E-3 1.08064E-3 2.32414E-4 2.35445E-4 9.43944E-4 2.77992E-4 9.44461E-4 3.64798E-4 1.09482E-3 8.78523E-4 8.14615E-4 9.44693E-4
4.0893E-4 1.03405E-3 5.77122E-4 1.38783E-3 1.38817E-3 1.49297E-3 1.60657E-3 1.44946E-3 3.91437E-4 3.04538E-4 3.57723E-4 3.36982E-4 3.67971E-4 3.96477E-4 3.96576E-4 4.02675E-4 5.5958E-4 3.13247E-4 1.44676E-3 3.63241E-4 3.9026E-4 1.34348E-3 3.90644E-4 3.90548E-4 1.46092E-3 1.53487E-3 3.85108E-4 3.32385E-4 3.08563E-4 3.36714E-4 3.9026E-4 5.67987E-4 1.57868E-3 1.50896E-3 1.58257E-3 4.66286E-4 3.68534E-4 3.36997E-4 3.3181E-4 3.08148E-4 2.81845E-4 2.2522E-4 2.69094E-4 1.07802E-3 2.29018E-4 2.35233E-4 2.94114E-4 1.01637E-3 2.99711E-4 1.1116E-3 7.01542E-4 2.74287E-4 2.57917E-4 8.89778E-4 8.90749E-4 8.91458E-4 9.59509E-4 9.73971E-4 9.60078E-4 3.43774E-4 8.90751E-4
5.4425E-4 1.04969E-3 5.85853E-4 1.12976E-3 6.30368E-4 6.30522E-4 1.63007E-3 6.03698E-4 5.94061E-4 1.57047E-3 1.44974E-3 3.37884E-4 2.90527E-4 3.67898E-4 3.67807E-4 4.02355E-4 4.26779E-4 3.37115E-4 1.445E-3 3.3708E-4 2.90119E-4 2.89975E-4 2.85681E-4 3.36395E-4 1.4457E-3 4.2135E-4 3.08426E-4 5.50508E-4 5.51753E-4 3.08747E-4 3.12936E-4 4.33002E-4 1.52909E-3 1.50911E-3 5.02411E-4 2.86723E-4 3.32057E-4 3.32222E-4 3.08394E-4 3.03677E-4 3.08011E-4 2.46591E-4 2.31796E-4 4.1589E-4 2.95244E-4 1.999E-4 2.02444E-4 2.81171E-4 1.11028E-3 1.04979E-3 1.21552E-3 9.59794E-4 9.60029E-4 2.82143E-4 3.75173E-4 1.06435E-3 9.74119E-4 9.04987E-4 1.06415E-3 9.19133E-4 9.74168E-4
5.44144E-4 4.46842E-4 5.85595E-4 5.9457E-4 5.85624E-4 6.29719E-4 1.51391E-3 1.61895E-3 1.60437E-3 4.34132E-4 5.67768E-4 6.10908E-4 3.18254E-4 3.17671E-4 2.32052E-4 3.41333E-4 3.67898E-4 3.17259E-4 3.41569E-4 2.46541E-4 2.09006E-4 2.08838E-4 2.11828E-4 2.49671E-4 3.95773E-4 1.44613E-3 3.13091E-4 3.67897E-4 1.34507E-3 3.97399E-4 3.74243E-4 4.0891E-4 1.62928E-3 1.64671E-3 4.28086E-4 3.63152E-4 4.5278E-4 5.51918E-4 3.85243E-4 3.62846E-4 2.90366E-4 3.12779E-4 1.99779E-4 2.98311E-4 1.19522E-3 2.74286E-4 2.02935E-4 1.90703E-4 2.85511E-4 1.14468E-3 1.13003E-3 2.86641E-4 1.06409E-3 3.75398E-4 2.46591E-4 1.06283E-3 8.52694E-4 1.00326E-3 9.31879E-4 1.08061E-3 1.00431E-3
4.21336E-4 4.53402E-4 4.53625E-4 4.52911E-4 4.20731E-4 3.79771E-4 3.73798E-4 4.40007E-4 3.17861E-4 5.75449E-4 3.47409E-4 3.46945E-4 4.01881E-4 3.68116E-4 2.15497E-4 2.72893E-4 2.6912E-4 2.15205E-4 2.46369E-4 2.65375E-4 2.85739E-4 2.6544E-4 2.12051E-4 2.11902E-4 3.1685E-4 3.68007E-4 2.50272E-4 2.94481E-4 5.35003E-4 1.49107E-3 4.40268E-4 4.8048E-4 1.65471E-3 1.75108E-3 1.16481E-3 3.91477E-4 1.17948E-3 1.47016E-3 4.27095E-4 3.37382E-4 2.50398E-4 3.41774E-4 2.15683E-4 1.87946E-4 3.02931E-4 1.11138E-3 3.04338E-4 2.25282E-4 2.25066E-4 9.15531E-4 1.16291E-3 9.19407E-4 1.06504E-3 2.12426E-4 3.53284E-4 8.6516E-4 3.59382E-4 9.31925E-4 3.59346E-4 1.01767E-3 1.00275E-3
4.27605E-4 4.27605E-4 4.60125E-4 2.86497E-4 2.57826E-4 3.7904E-4 3.22093E-4 4.72852E-4 3.18208E-4 2.99384E-4 2.99086E-4 2.73193E-4 2.53651E-4 2.73261E-4 2.32226E-4 1.82375E-4 1.96493E-4 2.11955E-4 3.41401E-4 2.90525E-4 2.46296E-4 2.69161E-4 2.28478E-4 2.31795E-4 2.53462E-4 3.16944E-4 2.50096E-4 2.77326E-4 3.51775E-4 4.08102E-4 3.85289E-4 3.85309E-4 1.65359E-3 9.77201E-4 1.62392E-3 6.12652E-4 1.5075E-3 4.2777E-4 3.42199E-4 4.02595E-4 3.18113E-4 3.73596E-4 3.22589E-4 2.39332E-4 2.25338E-4 7.79624E-4 1.1288E-3 2.43233E-4 2.46135E-4 2.12093E-4 1.00073E-3 1.08061E-3 1.18144E-3 2.70235E-4 2.53729E-4 9.45266E-4 8.78203E-4 1.01732E-3 6.3446E-4 8.01408E-4 6.69735E-4
3.96998E-4 3.97194E-4 3.91372E-4 2.62055E-4 3.03642E-4 3.4698E-4 2.18605E-4 3.84374E-4 4.08224E-4 3.47323E-4 2.73616E-4 1.82577E-4 2.11796E-4 2.3204E-4 3.12718E-4 2.12404E-4 2.28536E-4 2.69404E-4 3.17686E-4 3.12719E-4 2.32157E-4 2.28547E-4 2.15271E-4 2.15108E-4 1.99577E-4 2.31645E-4 2.35196E-4 2.21499E-4 2.4244E-4 2.81565E-4 3.32193E-4 3.5795E-4 1.67769E-3 1.90978E-3 1.75202E-3 1.51711E-3 1.53156E-3 4.67574E-4 3.18193E-4 4.39684E-4 5.3643E-4 3.2739E-4 3.52527E-4 2.82227E-4 3.32112E-4 2.86497E-4 4.41814E-4 3.13508E-4 2.12148E-4 2.6902E-4 2.35272E-4 9.44091E-4 1.09674E-3 1.01829E-3 2.18935E-4 9.43621E-4 7.90236E-4 6.60348E-4 6.5972E-4 7.09717E-4 4.55553E-4
3.42544E-4 3.97215E-4 4.21129E-4 3.27861E-4 3.27325E-4 3.22029E-4 2.02617E-4 3.02839E-4 2.81831E-4 3.22108E-4 2.5036E-4 2.50222E-4 2.31994E-4 3.17291E-4 4.90144E-4 3.17529E-4 2.94495E-4 3.22428E-4 1.19546E-3 2.95024E-4 2.50034E-4 2.73479E-4 2.73412E-4 2.31947E-4 2.31935E-4 2.02658E-4 1.87803E-4 1.74102E-4 2.21522E-4 2.42587E-4 3.90134E-4 4.20462E-4 1.55913E-3 1.80286E-3 1.67356E-3 4.81996E-4 1.7934E-3 1.60791E-3 4.09658E-4 4.46711E-4 1.42725E-3 2.82381E-4 3.9023E-4 3.3742E-4 4.42538E-4 4.42758E-4 2.90702E-4 1.17963E-3 2.29289E-4 1.99784E-4 1.74063E-4 2.57128E-4 9.59704E-4 2.57439E-4 8.24665E-4 2.91223E-4 6.20803E-4 2.77824E-4 6.69897E-4 1.82527E-4 1.66497E-4
4.03145E-4 1.27201E-3 3.91508E-4 5.51534E-4 3.57736E-4 2.39283E-4 1.61618E-4 1.90702E-4 2.57414E-4 2.9919E-4 3.17813E-4 3.4705E-4 2.54364E-4 3.52126E-4 4.97584E-4 2.54225E-4 2.21801E-4 4.68842E-4 2.99668E-4 2.73863E-4 2.35765E-4 2.98863E-4 2.5383E-4 2.1844E-4 2.53437E-4 2.38947E-4 2.02627E-4 1.90548E-4 2.4221E-4 2.65182E-4 2.6546E-4 2.46468E-4 3.9637E-4 1.62118E-3 6.96327E-4 1.68426E-3 1.54021E-3 1.51615E-3 6.4025E-4 4.53826E-4 3.08728E-4 2.65541E-4 2.46282E-4 3.41727E-4 4.90519E-4 1.18126E-3 2.95513E-4 4.22903E-4 1.01859E-3 3.93439E-4 2.02735E-4 2.05314E-4 9.85951E-4 1.45855E-4 1.565E-4 7.30802E-4 1.56983E-4 1.84777E-4 7.87887E-4 6.21857E-4 1.69229E-4
3.80167E-4 1.27182E-3 3.96685E-4 3.08511E-4 2.57839E-4 2.38972E-4 2.05745E-4 2.81776E-4 2.82002E-4 3.52266E-4 1.21522E-3 3.27341E-4 3.84319E-4 3.57948E-4 4.62611E-4 2.7816E-4 2.43087E-4 1.23142E-3 4.62268E-4 8.27556E-4 3.26981E-4 2.77575E-4 2.39019E-4 2.21689E-4 2.05589E-4 2.217E-4 2.21645E-4 1.7679E-4 1.93392E-4 2.08542E-4 2.61112E-4 2.90207E-4 3.41896E-4 4.33196E-4 1.70047E-3 1.83208E-3 1.6827E-3 1.45303E-3 1.45189E-3 4.54095E-4 3.09067E-4 2.46716E-4 2.31813E-4 2.73172E-4 3.21909E-4 3.79487E-4 8.29519E-4 2.99849E-4 3.27368E-4 1.11288E-3 2.09248E-4 1.66526E-4 3.03672E-4 2.12003E-4 1.24981E-4 2.81536E-4 1.69374E-4 1.58941E-4 7.9818E-4 5.86353E-4 2.43073E-4
