day_2/Results/Podomys_floridanus/projections/PaleoClim/-21000/RUN_2.asc
ncols         385
nrows         252
xllcorner     -91.50013924285
yllcorner     25.49986064915003
cellsize      0.041666666500000005
NODATA_value  -9999
[rows 108 to 134 of 252, columns 61 to 121 of 385]
8.74368E-5 1.77311E-4 8.75457E-5 5.84068E-5 5.25198E-5 3.07352E-5 3.82628E-5 5.97208E-5 7.43045E-5 7.50815E-5 2.98657E-4 7.4021E-5 3.97632E-5 4.47042E-5 4.00991E-5 3.59393E-5 5.52357E-5 6.82961E-5 8.49362E-5 9.55446E-5 8.63063E-5 1.18976E-4 4.22599E-4 4.21701E-4 4.26009E-4 5.18698E-4 9.11062E-5 5.42509E-5 8.13874E-5 7.59708E-5 7.76371E-5 8.00837E-5 1.59983E-4 8.69779E-4 8.01849E-4 8.03701E-4 1.954E-4 1.80487E-4 1.82144E-4 1.52477E-4 2.60211E-4 3.09179E-4 2.59656E-4 9.92012E-4 2.22902E-4 2.62806E-4 3.14348E-4 3.13126E-4 1.98161E-4 1.53185E-4 2.21948E-4 2.62911E-4 8.9578E-4 2.00515E-4 1.9863E-4 8.82121E-4 1.77705E-4 1.242E-4 6.89213E-4 1.92527E-4 1.75022E-4
7.24507E-5 2.88163E-4 1.58493E-4 7.15937E-5 5.84965E-5 3.49259E-5 3.92927E-5 2.84873E-5 4.04047E-5 7.6056E-5 2.99013E-4 6.14828E-5 4.52549E-5 4.99942E-5 3.9915E-5 3.28977E-5 5.03628E-5 7.7051E-5 6.96752E-5 7.89816E-5 9.72856E-5 9.69762E-5 3.89849E-4 4.3275E-4 4.80616E-4 4.39225E-4 1.2292E-4 9.34168E-5 1.38231E-4 1.53329E-4 1.45671E-4 1.92321E-4 6.88987E-4 9.63527E-4 9.80547E-4 8.21412E-4 2.14836E-4 2.00668E-4 2.02289E-4 1.69756E-4 2.40682E-4 2.21883E-4 2.26783E-4 9.18757E-4 1.7523E-4 2.68279E-4 9.23385E-4 9.20298E-4 2.89228E-4 2.03214E-4 2.04671E-4 2.04294E-4 9.15995E-4 2.59559E-4 2.64975E-4 8.24361E-4 2.19715E-4 1.97987E-4 7.52511E-4 1.97312E-4 2.1612E-4
6.64586E-5 2.68132E-4 8.92519E-5 8.0295E-5 6.01388E-5 5.49549E-5 4.93929E-5 3.63709E-5 5.07034E-5 8.59136E-5 2.07668E-4 5.60741E-5 5.69206E-5 6.98745E-5 5.71051E-5 3.34871E-5 5.83949E-5 7.20933E-5 7.16661E-5 1.08263E-4 8.95311E-5 1.00756E-4 1.24369E-4 4.52335E-4 5.40263E-4 6.45913E-4 1.15876E-4 1.28945E-4 1.58523E-4 6.20925E-4 6.2706E-4 1.99271E-4 8.32901E-4 2.86868E-4 9.66519E-4 2.81795E-4 2.41769E-4 2.4341E-4 2.44933E-4 2.04927E-4 3.20687E-4 2.47269E-4 2.09976E-4 3.23707E-4 1.61517E-4 2.13833E-4 3.25946E-4 9.39245E-4 9.3557E-4 2.49442E-4 2.28233E-4 2.49351E-4 2.09092E-4 1.00854E-3 8.60029E-4 8.38897E-4 1.87246E-4 2.42874E-4 8.48642E-4 7.7939E-4 2.1908E-4
9.05789E-5 8.15632E-5 1.0116E-4 1.81139E-4 6.15621E-5 5.08872E-5 6.29976E-5 5.10452E-5 3.00845E-5 8.72508E-5 1.17159E-4 7.99042E-5 5.82092E-5 5.83128E-5 6.54673E-5 4.36123E-5 4.85352E-5 6.63596E-5 9.19952E-5 1.00446E-4 1.36359E-4 1.03709E-4 1.16162E-4 3.07034E-4 5.54636E-4 7.23534E-4 1.73408E-4 1.47862E-4 1.99237E-4 2.40215E-4 2.42238E-4 2.42304E-4 2.406E-4 2.66257E-4 2.05766E-4 9.15669E-4 2.02875E-4 2.67263E-4 2.68665E-4 2.48452E-4 2.68329E-4 2.55232E-4 2.74189E-4 2.76898E-4 1.97739E-4 1.63875E-4 2.80242E-4 2.31572E-4 2.50879E-4 2.50882E-4 2.32193E-4 2.727E-4 2.30664E-4 2.96179E-4 1.02262E-3 2.6922E-4 1.91515E-4 2.10836E-4 8.57953E-4 7.77392E-4 4.701E-4
8.33217E-5 1.01901E-4 3.07557E-4 9.33658E-5 8.60437E-5 5.18969E-5 7.93957E-5 7.13012E-5 5.3373E-5 8.89181E-5 1.31672E-4 9.89996E-5 4.84429E-5 8.24656E-5 5.47203E-5 6.67925E-5 6.76058E-5 7.66388E-5 9.29619E-5 1.05097E-4 1.05248E-4 8.80664E-5 1.32689E-4 1.76243E-4 5.65772E-4 6.21181E-4 4.27295E-4 2.02991E-4 2.23213E-4 2.65706E-4 2.69255E-4 2.43712E-4 2.44029E-4 2.22248E-4 2.26815E-4 2.45077E-4 2.06605E-4 1.94819E-4 2.74314E-4 2.53155E-4 2.1133E-4 2.33894E-4 3.06127E-4 2.76881E-4 2.17841E-4 2.17846E-4 3.01388E-4 2.3496E-4 2.3391E-4 2.16275E-4 2.19022E-4 3.32508E-4 3.00546E-4 5.98602E-4 9.46864E-4 2.29739E-4 1.96907E-4 3.00178E-4 1.02041E-3 2.45221E-4 2.70606E-4
6.30628E-5 1.15716E-4 3.41935E-4 7.85994E-5 1.06276E-4 5.23691E-5 5.92615E-5 7.33075E-5 7.50187E-5 6.89514E-5 1.35289E-4 1.12931E-4 4.53257E-5 5.55104E-5 7.6658E-5 8.57795E-5 6.39305E-5 7.07226E-5 7.31646E-5 7.26712E-5 9.96411E-5 1.21953E-4 1.6369E-4 1.814E-4 2.00221E-4 2.23011E-4 1.87679E-4 2.30783E-4 2.73126E-4 2.73394E-4 3.26161E-4 8.55239E-4 3.20649E-4 2.70078E-4 2.98703E-4 3.24475E-4 1.92684E-4 1.51021E-4 2.37262E-4 2.79491E-4 1.52067E-4 3.05832E-4 2.18997E-4 2.80052E-4 2.37277E-4 2.01138E-4 3.31191E-4 2.37103E-4 2.14346E-4 2.17152E-4 1.3853E-4 2.39588E-4 3.34427E-4 1.04603E-3 2.80748E-4 2.61887E-4 3.43685E-4 1.06753E-3 2.99824E-4 2.53262E-4 3.09843E-4
9.52308E-5 1.0523E-4 2.35611E-4 9.71841E-5 9.83668E-5 6.66042E-5 5.52424E-5 9.13748E-5 6.91683E-5 6.27504E-5 1.51618E-4 1.14186E-4 6.32142E-5 6.48483E-5 8.04762E-5 1.07131E-4 7.34749E-5 7.36148E-5 1.09667E-4 1.34852E-4 1.23222E-4 1.14436E-4 1.5449E-4 1.86959E-4 1.91115E-4 2.1123E-4 2.30559E-4 2.55036E-4 5.97899E-4 2.75041E-4 2.35037E-4 3.0451E-4 2.57873E-4 3.30455E-4 2.34741E-4 2.17039E-4 1.66807E-4 2.00369E-4 2.35851E-4 2.13159E-4 1.14647E-4 2.57713E-4 1.82652E-4 2.60803E-4 2.568E-4 1.83301E-4 3.04564E-4 2.40624E-4 2.1734E-4 2.18769E-4 1.67039E-4 2.04768E-4 3.48155E-4 3.44046E-4 1.02872E-3 1.0573E-3 1.13445E-3 1.01059E-3 2.66021E-4 2.97766E-4 6.42241E-4
1.18495E-4 3.88355E-4 1.32854E-4 9.95235E-5 1.10414E-4 9.26193E-5 6.93933E-5 1.04735E-4 6.98704E-5 7.9622E-5 1.70815E-4 1.18251E-4 4.76624E-5 8.08988E-5 8.22051E-5 1.11776E-4 6.895E-5 6.87878E-5 6.34414E-5 8.66867E-5 9.65861E-5 8.89729E-5 1.18435E-4 1.46231E-4 1.7884E-4 2.17644E-4 2.37675E-4 2.58186E-4 3.0391E-4 2.60213E-4 2.84962E-4 2.34406E-4 1.85185E-4 2.38782E-4 2.15271E-4 1.97225E-4 1.5213E-4 1.68839E-4 3.06138E-4 1.52088E-4 1.53722E-4 2.42507E-4 2.2199E-4 2.23924E-4 2.85749E-4 2.2054E-4 2.86411E-4 2.21228E-4 2.64273E-4 2.02852E-4 1.86711E-4 2.53775E-4 3.32096E-4 3.10227E-4 3.07774E-4 3.37269E-4 3.01974E-4 2.61134E-4 3.36607E-4 3.81638E-4 2.827E-4
5.52936E-5 7.55342E-5 1.49359E-4 1.50079E-4 1.1513E-4 8.65156E-5 9.46447E-5 1.29705E-4 7.26212E-5 1.08399E-4 1.58674E-4 1.20067E-4 6.05387E-5 7.65375E-5 1.13354E-4 1.03756E-4 7.10451E-5 5.76435E-5 6.42159E-5 7.27873E-5 8.16471E-5 8.35741E-5 1.11589E-4 1.65983E-4 1.97265E-4 2.38605E-4 2.8736E-4 3.14359E-4 2.83922E-4 3.09459E-4 3.10313E-4 2.3934E-4 1.69018E-4 1.82534E-4 1.99844E-4 2.19358E-4 1.83939E-4 1.43541E-4 2.83201E-4 1.53521E-4 1.17604E-4 2.41777E-4 2.60632E-4 1.42233E-4 2.42348E-4 2.45635E-4 2.72232E-4 2.49626E-4 2.28349E-4 2.82994E-4 3.20696E-4 3.19169E-4 3.50303E-4 2.18927E-4 2.38498E-4 2.47852E-4 2.45577E-4 2.28826E-4 2.99974E-4 1.05904E-3 3.64148E-4
4.02647E-5 5.05963E-5 6.30169E-5 1.69588E-4 1.39836E-4 1.07595E-4 8.03812E-5 1.45718E-4 1.11578E-4 1.49135E-4 1.3405E-4 6.17362E-5 6.27856E-5 7.89985E-5 1.27329E-4 9.66815E-5 8.77436E-5 5.40431E-5 1.09806E-4 1.33648E-4 1.10878E-4 9.4163E-5 1.05217E-4 1.86047E-4 2.43817E-4 2.63304E-4 3.17765E-4 2.49796E-4 2.89948E-4 2.68884E-4 3.12379E-4 2.19948E-4 2.05532E-4 1.69143E-4 1.711E-4 1.70737E-4 2.0273E-4 2.03433E-4 2.84956E-4 1.6955E-4 1.43278E-4 2.03052E-4 1.83483E-4 1.54508E-4 2.12068E-4 3.19563E-4 2.57822E-4 3.15483E-4 3.01856E-4 2.8183E-4 2.16E-4 2.57056E-4 2.45263E-4 2.98628E-4 3.04421E-4 3.04631E-4 2.795E-4 2.2359E-4 3.25146E-4 3.52962E-4 3.92103E-4
6.3266E-5 5.20295E-5 5.80691E-5 9.79245E-5 1.75068E-4 1.09111E-4 1.00144E-4 1.36796E-4 1.49109E-4 1.12744E-4 1.02574E-4 6.87071E-5 5.26607E-5 9.93289E-5 1.58928E-4 9.73617E-5 9.99964E-5 5.47603E-5 7.67417E-5 1.15125E-4 1.55857E-4 1.42219E-4 1.57671E-4 2.07278E-4 2.48587E-4 3.20711E-4 3.1889E-4 2.71824E-4 2.95912E-4 2.97004E-4 2.66188E-4 2.42806E-4 2.27175E-4 1.73061E-4 1.43043E-4 1.45587E-4 1.18031E-4 1.06823E-4 1.57531E-4 2.72491E-4 1.18516E-4 1.993E-4 1.96205E-4 2.05325E-4 2.72596E-4 2.76793E-4 2.14603E-4 2.16319E-4 1.1986E-4 1.79665E-4 2.52826E-4 2.31883E-4 2.13522E-4 3.10596E-4 3.41199E-4 2.93095E-4 3.01237E-4 2.57309E-4 3.39443E-4 2.60638E-4 2.20825E-4
7.89255E-5 6.52911E-5 7.40049E-5 8.2754E-5 1.62173E-4 1.49456E-4 1.38887E-4 1.38165E-4 1.28012E-4 9.34469E-5 5.78153E-5 8.03233E-5 7.38084E-5 1.46535E-4 1.59748E-4 1.23419E-4 1.13517E-4 9.37613E-5 7.09512E-5 7.13711E-5 6.50759E-5 7.34839E-5 1.62214E-4 2.52365E-4 2.75374E-4 3.51247E-4 2.70967E-4 2.77673E-4 1.91206E-4 1.91269E-4 2.08104E-4 2.5144E-4 2.29767E-4 1.60132E-4 1.58723E-4 1.30344E-4 1.18632E-4 1.07225E-4 8.06027E-5 1.27084E-4 2.23972E-4 1.90713E-4 2.35137E-4 2.40646E-4 1.48807E-4 1.12424E-4 1.11215E-4 1.49077E-4 1.48706E-4 1.41556E-4 2.00056E-4 2.19838E-4 2.72626E-4 3.09954E-4 3.31195E-4 2.84241E-4 2.41068E-4 2.71031E-4 4.07498E-4 3.19915E-4 2.80398E-4
7.40254E-5 4.95795E-5 1.01615E-4 7.70401E-5 1.38151E-4 1.56009E-4 1.17705E-4 1.4092E-4 1.06452E-4 8.75761E-5 7.37175E-5 8.25477E-5 1.12489E-4 1.81382E-4 1.36281E-4 7.7746E-5 9.69201E-5 1.57177E-4 1.08362E-4 1.19162E-4 6.65881E-5 1.03858E-4 1.81496E-4 2.5678E-4 3.0517E-4 3.25763E-4 3.28432E-4 3.52876E-4 2.32462E-4 1.93239E-4 2.3393E-4 2.76601E-4 2.31281E-4 1.61037E-4 1.74078E-4 1.29473E-4 1.2405E-4 1.25929E-4 1.53083E-4 1.10104E-4 1.70699E-4 2.29506E-4 1.88476E-4 1.38832E-4 9.97413E-5 1.15227E-4 1.2658E-4 2.05284E-4 2.23089E-4 1.87233E-4 1.90528E-4 2.15282E-4 2.25711E-4 3.53505E-4 3.14842E-4 2.73098E-4 2.81743E-4 3.46266E-4 3.86856E-4 3.22735E-4 2.99454E-4
1.26234E-4 5.63146E-5 6.3155E-5 8.73142E-5 1.29597E-4 1.87641E-4 1.43957E-4 1.58267E-4 1.31257E-4 8.91572E-5 8.3796E-5 7.72959E-5 1.3963E-4 1.99631E-4 1.1595E-4 9.72113E-5 7.31041E-5 1.12132E-4 1.95278E-4 1.35296E-4 9.29865E-5 1.28411E-4 2.1873E-4 2.88798E-4 3.18507E-4 3.76615E-4 3.41803E-4 2.75525E-4 1.78957E-4 1.50712E-4 2.19437E-4 2.6252E-4 2.17193E-4 1.38377E-4 1.86589E-4 1.41661E-4 1.45402E-4 1.19375E-4 1.1155E-4 1.06846E-4 1.98121E-4 1.98488E-4 1.25165E-4 1.13572E-4 1.71026E-4 1.30634E-4 1.12042E-4 1.97851E-4 2.62245E-4 2.19242E-4 2.01574E-4 2.09247E-4 2.13039E-4 3.37574E-4 2.86866E-4 2.65335E-4 3.15237E-4 3.77707E-4 3.63089E-4 2.61841E-4 3.09796E-4
2.00476E-4 1.27663E-4 8.94872E-5 6.7149E-5 1.61056E-4 2.27137E-4 1.92727E-4 1.60049E-4 1.21294E-4 8.37161E-5 1.02771E-4 1.15793E-4 1.56369E-4 2.24078E-4 1.19158E-4 1.20676E-4 7.55229E-5 1.141E-4 2.16186E-4 1.53063E-4 1.19466E-4 2.07682E-4 2.52018E-4 3.11466E-4 3.35528E-4 4.02822E-4 3.57362E-4 2.6552E-4 1.28888E-4 1.6297E-4 1.99217E-4 2.89406E-4 2.34447E-4 1.63627E-4 1.85311E-4 1.36475E-4 1.29205E-4 1.46313E-4 1.10097E-4 1.46408E-4 2.99134E-4 1.35895E-4 1.20813E-4 1.2635E-4 2.03594E-4 1.65069E-4 1.13785E-4 1.72667E-4 2.2882E-4 2.54929E-4 1.80531E-4 2.16054E-4 1.67201E-4 2.94012E-4 2.95813E-4 2.24989E-4 3.07575E-4 1.16185E-3 3.49679E-4 2.49493E-4 3.31087E-4
1.19678E-4 1.73162E-4 1.76312E-4 1.34044E-4 1.63512E-4 2.53876E-4 2.30042E-4 1.77546E-4 1.66073E-4 1.14118E-4 8.84336E-5 1.18024E-4 1.90353E-4 1.92814E-4 1.22514E-4 1.33533E-4 8.43525E-5 1.1739E-4 1.69153E-4 1.57295E-4 1.68024E-4 2.46245E-4 2.96352E-4 3.26552E-4 3.58012E-4 4.19953E-4 2.89548E-4 2.4054E-4 1.62949E-4 1.27945E-4 1.98681E-4 2.64203E-4 2.55931E-4 2.36259E-4 1.80519E-4 1.32382E-4 1.02765E-4 1.58491E-4 8.08848E-5 2.41462E-4 3.31578E-4 1.56251E-4 1.31594E-4 9.8312E-5 1.75492E-4 2.18592E-4 1.81891E-4 1.66906E-4 1.88032E-4 2.73365E-4 2.0908E-4 1.9189E-4 1.62554E-4 2.59127E-4 2.12997E-4 1.69197E-4 3.83014E-4 3.34919E-4 2.4455E-4 3.14347E-4 2.95434E-4
1.24793E-4 1.26185E-4 1.25703E-4 1.68326E-4 2.01122E-4 2.40558E-4 2.59286E-4 2.00025E-4 1.85129E-4 1.87695E-4 9.82793E-5 1.45744E-4 1.93478E-4 1.22956E-4 1.24544E-4 1.50854E-4 9.51459E-5 9.64716E-5 1.20264E-4 2.24313E-4 2.15605E-4 2.92907E-4 3.24657E-4 3.91092E-4 4.5646E-4 4.51326E-4 3.0533E-4 2.57402E-4 2.55164E-4 2.03966E-4 2.10795E-4 1.91666E-4 2.33767E-4 2.76022E-4 1.57787E-4 1.31202E-4 1.23512E-4 1.27309E-4 1.60694E-4 2.77786E-4 3.21315E-4 1.82672E-4 1.26113E-4 1.14722E-4 1.04809E-4 2.16135E-4 2.33974E-4 1.63148E-4 1.23397E-4 2.38923E-4 1.4653E-4 2.01054E-4 2.42905E-4 2.43327E-4 1.36342E-4 1.96298E-4 3.25736E-4 2.04817E-4 2.07477E-4 2.78123E-4 2.8058E-4
1.53842E-4 1.40198E-4 1.69881E-4 1.86705E-4 2.04837E-4 2.22341E-4 2.68183E-4 2.66554E-4 1.88142E-4 2.07692E-4 1.48216E-4 2.14199E-4 2.36098E-4 1.37629E-4 1.69322E-4 1.70579E-4 9.71064E-5 1.02821E-4 1.19544E-4 1.51081E-4 2.50774E-4 3.40045E-4 4.15107E-4 4.46645E-4 4.87946E-4 4.32446E-4 3.61503E-4 2.77681E-4 1.9536E-4 2.711E-4 1.89052E-4 2.75189E-4 1.53393E-4 2.08958E-4 2.04051E-4 1.45197E-4 1.76236E-4 9.91347E-5 1.12168E-4 2.44788E-4 3.43484E-4 1.95247E-4 1.34576E-4 1.46532E-4 1.02036E-4 9.52749E-5 1.42154E-4 2.22126E-4 1.13767E-4 2.33388E-4 1.72589E-4 1.43834E-4 2.74711E-4 1.88149E-4 1.44277E-4 1.96716E-4 3.29018E-4 1.76242E-4 2.72952E-4 2.38642E-4 2.02993E-4
1.45538E-4 1.21402E-4 1.21087E-4 1.43786E-4 2.09312E-4 2.0682E-4 2.2993E-4 2.4771E-4 2.28528E-4 2.11508E-4 1.79174E-4 1.9902E-4 2.34949E-4 1.542E-4 1.45996E-4 1.97833E-4 1.41037E-4 1.07763E-4 1.28616E-4 1.36236E-4 2.73405E-4 3.41276E-4 4.08393E-4 4.77037E-4 5.18782E-4 3.68001E-4 3.97381E-4 2.30633E-4 1.59441E-4 2.65547E-4 1.95133E-4 2.39436E-4 1.79542E-4 1.54066E-4 2.07212E-4 2.31929E-4 2.0649E-4 1.53329E-4 8.56942E-5 2.02301E-4 3.26888E-4 2.24822E-4 1.27791E-4 1.72185E-4 1.29703E-4 1.47537E-4 1.00715E-4 2.40771E-4 1.38396E-4 2.46468E-4 2.18489E-4 2.27955E-4 2.18544E-4 1.65558E-4 1.53808E-4 2.69538E-4 2.70309E-4 2.11942E-4 2.98994E-4 2.51636E-4 2.45479E-4
1.91299E-4 1.62871E-4 1.37014E-4 1.35771E-4 1.47388E-4 1.34475E-4 1.64207E-4 2.13412E-4 2.56348E-4 2.40853E-4 2.04622E-4 1.94547E-4 2.89931E-4 2.19496E-4 2.26995E-4 2.14096E-4 1.51917E-4 1.1481E-4 1.21635E-4 1.6265E-4 3.21687E-4 3.67812E-4 4.39608E-4 5.08723E-4 5.60231E-4 3.64343E-4 3.04653E-4 2.27651E-4 1.90731E-4 2.11592E-4 2.82578E-4 2.59687E-4 2.17851E-4 1.47376E-4 1.37481E-4 1.85255E-4 2.65375E-4 2.40357E-4 1.27062E-4 1.31628E-4 3.25709E-4 2.93857E-4 1.37976E-4 1.388E-4 1.71533E-4 9.30831E-5 1.43112E-4 2.42508E-4 2.00082E-4 1.79027E-4 1.30914E-4 1.76729E-4 2.10962E-4 2.36978E-4 2.18237E-4 2.62526E-4 2.01249E-4 2.43572E-4 2.43884E-4 2.34443E-4 2.57062E-4
2.38414E-4 1.97433E-4 1.67001E-4 1.78478E-4 1.37527E-4 1.50929E-4 1.23672E-4 1.87721E-4 2.53498E-4 2.30522E-4 2.42175E-4 2.13635E-4 2.84651E-4 2.19641E-4 2.23926E-4 2.06286E-4 1.79939E-4 1.88951E-4 1.97465E-4 1.95748E-4 3.41674E-4 3.86496E-4 4.68463E-4 5.16054E-4 6.40567E-4 4.49528E-4 2.88392E-4 2.69808E-4 2.01153E-4 1.92041E-4 1.78317E-4 2.15642E-4 2.84146E-4 2.08492E-4 1.93234E-4 2.41258E-4 1.44899E-4 2.59334E-4 1.93326E-4 1.22633E-4 2.21498E-4 3.10277E-4 1.93774E-4 1.21483E-4 1.99246E-4 1.15691E-4 1.88556E-4 1.71846E-4 1.37866E-4 1.36503E-4 2.02047E-4 2.30363E-4 2.10507E-4 1.5815E-4 1.40191E-4 1.87963E-4 1.13608E-4 1.26382E-4 1.39788E-4 1.41027E-4 1.87454E-4
2.45714E-4 2.64708E-4 2.02502E-4 2.21382E-4 1.97667E-4 1.53274E-4 1.55158E-4 1.48811E-4 2.71615E-4 2.5139E-4 2.58814E-4 2.26326E-4 2.80938E-4 2.82523E-4 2.87979E-4 2.46297E-4 1.95526E-4 1.74142E-4 2.1213E-4 3.26665E-4 4.04985E-4 3.81233E-4 5.00631E-4 5.49127E-4 6.81826E-4 3.96452E-4 2.88812E-4 3.53315E-4 2.45333E-4 2.04425E-4 2.08606E-4 1.54527E-4 1.89024E-4 2.32367E-4 2.55222E-4 2.32951E-4 1.61153E-4 2.54034E-4 1.56541E-4 1.1808E-4 1.46467E-4 2.64698E-4 2.73454E-4 1.95565E-4 1.10936E-4 1.40565E-4 2.72298E-4 2.34848E-4 1.97236E-4 2.36685E-4 1.86523E-4 1.50152E-4 1.20754E-4 8.78569E-5 9.73695E-5 1.18387E-4 1.44149E-4 1.5735E-4 2.31988E-4 2.28652E-4 2.13182E-4
2.73891E-4 2.7029E-4 2.41987E-4 2.32232E-4 1.96908E-4 2.23047E-4 2.02554E-4 1.79439E-4 2.65128E-4 2.69667E-4 2.83806E-4 2.70784E-4 2.986E-4 3.07531E-4 2.8072E-4 2.44536E-4 2.11257E-4 2.21326E-4 1.95318E-4 3.26693E-4 3.9967E-4 4.76435E-4 5.31219E-4 6.41395E-4 6.67736E-4 5.06589E-4 3.66899E-4 3.75778E-4 3.13813E-4 2.16335E-4 2.20102E-4 2.25869E-4 1.87429E-4 1.86992E-4 2.48883E-4 2.70736E-4 3.01569E-4 2.01784E-4 1.65765E-4 1.66301E-4 9.39369E-5 1.59266E-4 2.698E-4 2.98893E-4 1.73562E-4 1.94722E-4 2.6486E-4 2.58863E-4 1.93761E-4 1.32308E-4 1.71327E-4 1.26489E-4 1.24839E-4 1.23678E-4 1.50529E-4 1.36665E-4 1.14072E-4 1.54025E-4 2.48138E-4 2.25423E-4 1.71176E-4
2.35098E-4 2.92965E-4 2.91668E-4 2.73456E-4 2.35514E-4 2.15398E-4 2.45837E-4 2.10598E-4 2.5759E-4 2.62861E-4 2.75971E-4 2.90591E-4 3.21371E-4 3.26606E-4 3.37794E-4 2.85554E-4 2.45108E-4 2.22364E-4 2.82605E-4 3.2361E-4 4.31244E-4 5.08347E-4 5.70908E-4 6.25097E-4 6.57227E-4 4.32537E-4 3.75072E-4 4.1298E-4 3.39109E-4 3.11416E-4 2.37805E-4 2.23414E-4 2.67881E-4 2.38162E-4 2.04266E-4 1.84483E-4 2.47198E-4 1.63454E-4 1.18855E-4 1.19041E-4 6.85859E-5 5.66987E-5 5.87408E-5 1.71655E-4 1.7738E-4 1.31141E-4 1.74687E-4 1.30086E-4 8.69839E-5 8.665E-5 1.04674E-4 1.16485E-4 1.27127E-4 1.51968E-4 1.60013E-4 1.74331E-4 1.61076E-4 1.63176E-4 2.03873E-4 2.66299E-4 2.73535E-4
3.41454E-4 3.08265E-4 2.89104E-4 2.7117E-4 2.52372E-4 2.6221E-4 2.48289E-4 2.7778E-4 2.80801E-4 2.81572E-4 2.70508E-4 3.03066E-4 3.47301E-4 3.4261E-4 3.6297E-4 3.10268E-4 2.76489E-4 2.36269E-4 3.27744E-4 4.07272E-4 4.21019E-4 5.92531E-4 6.0736E-4 6.65709E-4 7.59467E-4 5.15967E-4 4.04416E-4 4.44471E-4 3.69137E-4 3.32295E-4 3.13648E-4 2.45492E-4 1.75013E-4 1.6837E-4 1.26527E-4 1.71368E-4 2.09717E-4 2.26874E-4 1.88975E-4 1.37715E-4 1.12385E-4 7.55139E-5 6.16955E-5 1.20882E-4 1.49066E-4 1.37232E-4 1.61384E-4 3.52724E-4 1.5451E-4 1.22982E-4 1.02448E-4 1.12506E-4 1.24174E-4 1.27331E-4 1.66122E-4 1.7563E-4 2.31198E-4 1.94179E-4 1.81033E-4 2.63364E-4 3.16046E-4
3.59646E-4 3.63154E-4 3.6757E-4 3.21848E-4 2.64064E-4 2.84179E-4 2.58441E-4 2.24812E-4 3.09474E-4 3.34867E-4 2.90099E-4 3.28585E-4 3.38752E-4 4.1789E-4 3.85477E-4 3.60119E-4 3.49856E-4 3.70815E-4 3.87652E-4 4.34523E-4 5.0054E-4 6.02573E-4 6.48005E-4 7.11163E-4 7.67343E-4 5.99782E-4 4.78283E-4 5.15882E-4 3.92361E-4 3.89118E-4 2.77988E-4 1.89621E-4 1.48189E-4 1.6559E-4 1.5118E-4 1.22621E-4 1.38268E-4 2.22277E-4 4.48594E-4 1.51616E-4 1.12311E-4 9.21268E-5 9.6843E-5 1.45782E-4 1.45487E-4 1.44039E-4 1.57524E-4 1.73825E-4 1.53128E-4 1.85984E-4 1.86428E-4 1.89457E-4 1.89411E-4 1.72586E-4 2.38475E-4 2.63026E-4 8.59819E-4 8.91681E-4 9.2716E-4 2.95688E-4 3.10398E-4
3.82023E-4 3.95497E-4 3.9816E-4 3.74944E-4 3.13987E-4 2.69396E-4 2.79317E-4 2.42331E-4 2.94255E-4 2.97853E-4 2.8898E-4 3.25908E-4 3.63486E-4 4.48485E-4 5.03683E-4 4.78163E-4 4.94438E-4 4.3568E-4 4.9622E-4 4.72653E-4 5.29742E-4 6.40118E-4 6.9016E-4 6.97944E-4 7.68305E-4 7.5807E-4 6.00812E-4 6.045E-4 4.19767E-4 2.79267E-4 2.32729E-4 2.31689E-4 2.36396E-4 1.97649E-4 1.75837E-4 1.50371E-4 1.8586E-4 1.65868E-4 1.81874E-4 1.8003E-4 1.69493E-4 1.67462E-4 1.59641E-4 1.45131E-4 1.30068E-4 1.29325E-4 1.57457E-4 1.84529E-4 2.24852E-4 2.2466E-4 2.56268E-4 2.92393E-4 4.55319E-4 1.51489E-3 2.45731E-3 2.26788E-3 1.90997E-3 1.74829E-3 1.7501E-3 1.49457E-3 7.98438E-4
