day_2/Results/Podomys_floridanus/projections/PaleoClim/-21000/RUN_3.asc
ncols         385
nrows         252
xllcorner     -91.50013924285
yllcorner     25.49986064915003
cellsize      0.041666666500000005
NODATA_value  -9999
[rows 27 to 53 of 252, columns 305 to 365 of 385]
6.04638E-5 5.19487E-5 5.19091E-5 5.19091E-5 4.81269E-5 5.18959E-5 5.59787E-5 1.27615E-4 1.33979E-4 1.44581E-4 1.44691E-4 1.27615E-4 8.71785E-5 1.48372E-4 1.09488E-4 1.37492E-4 1.37667E-4 1.72649E-4 1.81499E-4 1.72867E-4 1.72867E-4 1.72911E-4 2.10928E-4 1.86418E-4 1.86231E-4 1.19125E-4 6.64227E-5 1.48425E-4 6.15518E-5 1.75137E-4 1.7802E-4 1.53161E-4 1.41786E-4 1.41785E-4 1.41785E-4 1.13651E-4 1.55202E-4 1.70031E-4 1.46235E-4 4.60747E-5 1.48176E-4 5.69614E-5 4.39653E-5 4.07144E-5 4.13093E-5 3.88467E-5 3.59615E-5 3.12645E-5 4.17374E-5 2.98183E-5 3.02475E-5 2.62894E-5 2.6669E-5 2.31639E-5 1.87004E-5 1.57763E-5 1.45817E-5 1.45741E-5 1.34717E-5 1.45779E-5 3.44386E-5
6.04789E-5 5.60355E-5 5.19355E-5 5.19091E-5 5.19222E-5 5.19091E-5 7.50714E-5 5.59787E-5 1.34183E-4 1.44545E-4 8.72883E-5 1.68364E-4 1.18215E-4 1.18064E-4 1.27485E-4 1.60086E-4 1.86259E-4 1.86362E-4 1.86278E-4 2.03853E-4 2.19866E-4 2.34451E-4 2.23261E-4 1.92064E-4 1.65167E-4 5.62123E-5 1.77949E-4 6.84725E-5 6.84204E-5 1.5309E-4 1.80642E-4 1.9784E-4 1.46347E-4 1.57607E-4 1.57734E-4 6.06053E-5 1.18901E-4 1.72499E-4 1.75286E-4 6.24755E-5 5.12081E-5 5.86863E-5 5.95621E-5 4.53013E-5 4.25842E-5 5.263E-5 4.87571E-5 3.22378E-5 3.26934E-5 4.04392E-5 3.79919E-5 3.51269E-5 3.34955E-5 2.57999E-5 2.07086E-5 2.10131E-5 2.13209E-5 1.67208E-5 1.45817E-5 4.64521E-5 1.92122E-5
6.51479E-5 6.04484E-5 5.60355E-5 5.19355E-5 5.59787E-5 7.50905E-5 1.44618E-4 7.50714E-5 6.03721E-5 1.37737E-4 1.48335E-4 9.41223E-5 1.27712E-4 1.27517E-4 1.60094E-4 1.89049E-4 2.03874E-4 2.07063E-4 1.78264E-4 1.92083E-4 2.26582E-4 2.47885E-4 2.13516E-4 8.09346E-5 1.83477E-4 1.47153E-4 1.47153E-4 7.60998E-5 7.05676E-5 2.00743E-4 1.86366E-4 2.03883E-4 1.89243E-4 1.62635E-4 1.91806E-4 1.6497E-4 6.8382E-5 6.8382E-5 1.80458E-4 1.70009E-4 4.89548E-5 4.96398E-5 6.13815E-5 4.66993E-5 4.38985E-5 4.06577E-5 5.02336E-5 3.58951E-5 3.37112E-5 1.00616E-4 4.22984E-5 2.75007E-5 3.72958E-5 2.42364E-5 2.27364E-5 2.53281E-5 2.19906E-5 2.23245E-5 5.43117E-5 2.85347E-5 1.45833E-5
6.03264E-5 6.50658E-5 6.04482E-5 5.60355E-5 5.19223E-5 7.50905E-5 1.44655E-4 1.44655E-4 1.55955E-4 1.68237E-4 1.37786E-4 1.62434E-4 1.75376E-4 1.62664E-4 1.91822E-4 1.94871E-4 1.94891E-4 2.1328E-4 2.30033E-4 2.33503E-4 2.51674E-4 2.33643E-4 2.20037E-4 2.19938E-4 8.46688E-5 8.46262E-5 8.46048E-5 7.84284E-5 1.891E-4 2.06989E-4 2.06999E-4 2.06999E-4 2.26484E-4 1.95033E-4 1.44929E-4 5.70194E-5 5.78381E-5 7.6032E-5 7.04959E-5 1.72511E-4 6.73578E-5 5.11875E-5 5.11899E-5 6.32822E-5 5.95277E-5 6.04006E-5 5.18292E-5 4.86908E-5 3.75551E-5 4.29741E-5 4.03524E-5 2.62298E-5 3.84171E-5 2.49845E-5 2.5336E-5 2.61099E-5 2.45222E-5 7.92272E-5 3.12505E-5 3.02234E-5 2.40364E-5
4.46125E-5 6.44697E-5 6.50331E-5 6.0433E-5 5.1975E-5 5.60213E-5 8.10021E-5 8.10061E-5 1.50702E-4 1.62532E-4 1.86967E-4 1.53161E-4 1.89806E-4 1.83468E-4 1.70083E-4 1.83486E-4 1.86309E-4 2.00905E-4 2.36881E-4 2.19993E-4 2.40647E-4 2.40791E-4 2.44374E-4 2.26781E-4 2.26724E-4 2.26724E-4 2.10248E-4 6.63892E-5 2.10099E-4 2.13322E-4 1.97894E-4 1.97794E-4 2.00828E-4 2.16626E-4 8.46259E-5 6.33887E-5 5.9623E-5 8.45015E-5 7.96047E-5 7.95927E-5 1.94737E-4 5.70095E-5 7.59858E-5 1.59866E-4 1.598E-4 1.50308E-4 1.41282E-4 1.32815E-4 1.22979E-4 1.15532E-4 4.49498E-5 3.20771E-5 3.01095E-5 2.78304E-5 2.61181E-5 2.69159E-5 6.45198E-5 3.65439E-5 3.69802E-5 2.80438E-5 2.88567E-5
4.81391E-5 4.81146E-5 5.18828E-5 6.03567E-5 6.51151E-5 6.61537E-5 8.35397E-5 1.60784E-4 1.53044E-4 1.67497E-4 1.78734E-4 1.83532E-4 2.00844E-4 1.72761E-4 1.60162E-4 2.03842E-4 2.07093E-4 2.23221E-4 2.10343E-4 2.26667E-4 2.44325E-4 2.67363E-4 2.5204E-4 2.51926E-4 2.51863E-4 2.518E-4 9.69452E-5 7.37751E-5 9.8313E-5 9.12255E-5 9.12025E-5 8.46086E-5 2.04062E-4 2.40628E-4 2.26563E-4 6.63469E-5 6.14816E-5 8.71356E-5 2.1338E-4 2.16609E-4 2.00868E-4 2.03793E-4 2.03762E-4 1.9175E-4 1.80387E-4 1.69667E-4 1.45649E-4 1.36844E-4 1.2862E-4 8.97608E-5 4.63155E-5 8.42561E-5 4.41479E-5 2.91221E-5 2.69116E-5 3.65383E-5 3.8238E-5 4.11902E-5 3.1711E-5 3.51926E-5 3.51663E-5
5.18958E-5 5.18959E-5 6.95839E-5 5.19011E-5 5.68459E-5 6.70906E-5 6.32469E-5 1.5372E-4 1.65745E-4 1.72709E-4 1.86225E-4 1.98683E-4 2.07093E-4 1.77957E-4 1.91922E-4 2.26484E-4 2.30096E-4 2.30108E-4 2.51787E-4 2.51863E-4 2.51863E-4 2.75611E-4 3.01395E-4 2.7981E-4 2.59568E-4 1.07714E-4 9.99164E-5 7.71987E-5 7.71635E-5 7.71635E-5 7.7144E-5 1.01352E-4 2.87923E-4 2.51995E-4 7.27157E-5 6.8391E-5 8.987E-5 2.37124E-4 2.59509E-4 2.40796E-4 2.26568E-4 2.10039E-4 1.97617E-4 1.46909E-4 7.70433E-5 1.29904E-4 6.71063E-5 5.84336E-5 5.48981E-5 5.15805E-5 4.7735E-5 3.68029E-5 3.45605E-5 2.77627E-5 2.56452E-5 3.64918E-5 4.79001E-5 4.77756E-5 3.97363E-5 3.9675E-5 4.27249E-5
4.80902E-5 1.34047E-4 6.95839E-5 7.73606E-5 8.46793E-5 5.85881E-5 7.01719E-5 1.68295E-4 1.84249E-4 1.91951E-4 1.92019E-4 2.10131E-4 2.2416E-4 7.06001E-5 1.97744E-4 2.16615E-4 2.37077E-4 2.37148E-4 2.5949E-4 2.59503E-4 2.59503E-4 3.05909E-4 2.84143E-4 2.67563E-4 1.11038E-4 1.1101E-4 1.12661E-4 8.57937E-5 7.95446E-5 7.95044E-5 7.37562E-5 1.04458E-4 1.90256E-4 2.59574E-4 2.40906E-4 1.93164E-4 2.83901E-4 2.88355E-4 2.67529E-4 2.51842E-4 2.16575E-4 1.60949E-4 8.4439E-5 8.44259E-5 7.36082E-5 6.91739E-5 6.40621E-5 6.02061E-5 4.64473E-5 4.36405E-5 4.0996E-5 3.79346E-5 3.66892E-5 3.3829E-5 2.76272E-5 3.80318E-5 4.09939E-5 4.09187E-5 4.47106E-5 4.46952E-5 4.80987E-5
6.95662E-5 7.50333E-5 5.43016E-5 5.94869E-5 1.42462E-4 1.55903E-4 1.58262E-4 1.6247E-4 1.04678E-4 1.9004E-4 2.13376E-4 2.1667E-4 2.37065E-4 2.04103E-4 2.19926E-4 2.40676E-4 2.44453E-4 2.44465E-4 2.67362E-4 1.11038E-4 1.10982E-4 2.92513E-4 2.97252E-4 2.75833E-4 1.23319E-4 1.23288E-4 9.53192E-5 8.84187E-5 8.19784E-5 7.60514E-5 8.20033E-5 2.63515E-4 2.84214E-4 2.885E-4 2.88457E-4 2.92806E-4 2.71659E-4 2.75631E-4 2.55743E-4 2.40704E-4 9.98122E-5 9.39091E-5 8.70269E-5 8.82989E-5 8.1859E-5 5.85406E-5 5.50181E-5 5.09408E-5 4.78685E-5 4.49887E-5 4.4756E-5 4.26588E-5 4.24711E-5 3.81057E-5 3.16765E-5 3.67933E-5 4.27816E-5 4.27357E-5 4.60078E-5 5.4127E-5 5.41326E-5
1.34149E-4 1.42362E-4 8.60173E-5 6.51E-5 1.5835E-4 1.64836E-4 1.5288E-4 1.67475E-4 1.16247E-4 1.18101E-4 2.31076E-4 2.40736E-4 2.40749E-4 2.44391E-4 2.48102E-4 2.48189E-4 2.71421E-4 2.71503E-4 2.55821E-4 2.75556E-4 1.14378E-4 2.79795E-4 3.29928E-4 3.06438E-4 1.27125E-4 9.67957E-5 9.11195E-5 9.11011E-5 8.4572E-5 1.19673E-4 2.92895E-4 3.15671E-4 3.45184E-4 3.20463E-4 3.0184E-4 3.01704E-4 2.79984E-4 2.63554E-4 2.63514E-4 1.98948E-4 1.02871E-4 9.68069E-5 8.96898E-5 8.43552E-5 8.56142E-5 6.03503E-5 5.67174E-5 5.40067E-5 5.22115E-5 5.19362E-5 5.02645E-5 5.00561E-5 4.42871E-5 4.2885E-5 4.27925E-5 3.7926E-5 5.18127E-5 4.81106E-5 5.17854E-5 6.08159E-5 6.2635E-5
6.50967E-5 6.61351E-5 6.61251E-5 1.60747E-4 1.55147E-4 1.43869E-4 1.5759E-4 1.95558E-4 2.14166E-4 2.07024E-4 2.37895E-4 2.41749E-4 2.48176E-4 2.51868E-4 2.55692E-4 2.79795E-4 2.59718E-4 2.59457E-4 2.83971E-4 1.17936E-4 8.98336E-5 2.88283E-4 3.39937E-4 3.40124E-4 1.31014E-4 9.97322E-5 9.3931E-5 9.39595E-5 3.20303E-4 3.25475E-4 3.55833E-4 3.55851E-4 3.30267E-4 3.11074E-4 3.10934E-4 2.8855E-4 2.92754E-4 2.7163E-4 2.2103E-4 1.14362E-4 1.07618E-4 1.07569E-4 7.59066E-5 7.13895E-5 7.4429E-5 7.28117E-5 6.52847E-5 6.31431E-5 6.01921E-5 5.82705E-5 5.80229E-5 5.62035E-5 5.36515E-5 4.96647E-5 4.8165E-5 4.81226E-5 5.17854E-5 5.03197E-5 6.25716E-5 6.26319E-5 7.03434E-5
6.13101E-5 6.71257E-5 1.76123E-4 1.55242E-4 1.46083E-4 1.72555E-4 1.98577E-4 2.01744E-4 2.07003E-4 2.10125E-4 2.13261E-4 2.51678E-4 2.75472E-4 2.59639E-4 2.63435E-4 2.88051E-4 2.88441E-4 1.03023E-4 2.71441E-4 2.92836E-4 3.20191E-4 2.38417E-4 3.25051E-4 3.25149E-4 1.02809E-4 9.53668E-5 1.04391E-4 3.30185E-4 3.61343E-4 3.95076E-4 3.66829E-4 3.40456E-4 3.20591E-4 3.20527E-4 2.38495E-4 1.34992E-4 1.25219E-4 1.25215E-4 1.17896E-4 1.20917E-4 1.16857E-4 8.89832E-5 8.60119E-5 8.19157E-5 8.53538E-5 8.25809E-5 7.30451E-5 7.26329E-5 7.03634E-5 7.23026E-5 7.00686E-5 6.48735E-5 6.29092E-5 5.58635E-5 5.57806E-5 5.82643E-5 6.26477E-5 6.73257E-5 6.27253E-5 6.7435E-5 7.89211E-5
9.14262E-5 1.00068E-4 1.01618E-4 1.60114E-4 1.88956E-4 2.01642E-4 2.04807E-4 2.24137E-4 2.16598E-4 2.1651E-4 2.03896E-4 2.4059E-4 2.44427E-4 2.67381E-4 2.48026E-4 9.69175E-5 2.96805E-4 2.79871E-4 2.24533E-4 3.29904E-4 1.27134E-4 1.28986E-4 1.05902E-4 1.05902E-4 9.82798E-5 1.07586E-4 3.66664E-4 3.72491E-4 4.07162E-4 3.78051E-4 3.5093E-4 3.56102E-4 2.71669E-4 2.71659E-4 1.46377E-4 1.46335E-4 1.39318E-4 1.41372E-4 1.10536E-4 1.06841E-4 1.06838E-4 1.01789E-4 1.05983E-4 1.01038E-4 9.77957E-5 9.46484E-5 8.38989E-5 8.12509E-5 8.47318E-5 8.31438E-5 8.06307E-5 7.82106E-5 7.80102E-5 7.57432E-5 7.4511E-5 7.23964E-5 7.77309E-5 7.56038E-5 8.11924E-5 8.71699E-5 7.59167E-5
7.56825E-5 7.5713E-5 7.80767E-5 1.92028E-4 2.04704E-4 2.07864E-4 2.27482E-4 2.3698E-4 2.19852E-4 2.0694E-4 2.26453E-4 2.4795E-4 2.71372E-4 2.55588E-4 9.83441E-5 2.59416E-4 2.63408E-4 1.17894E-4 3.1084E-4 1.3105E-4 9.9747E-5 9.97267E-5 1.01205E-4 1.01261E-4 1.09203E-4 3.77955E-4 4.23675E-4 4.40566E-4 4.09222E-4 3.89424E-4 3.95133E-4 3.76221E-4 1.56319E-4 1.62592E-4 1.62574E-4 1.54884E-4 1.29049E-4 1.22951E-4 1.26076E-4 1.18934E-4 1.21941E-4 1.18064E-4 1.1258E-4 1.09012E-4 1.11866E-4 1.00807E-4 9.62296E-5 9.33088E-5 9.72644E-5 9.43689E-5 9.26682E-5 8.99632E-5 8.73678E-5 8.72336E-5 8.48127E-5 8.35188E-5 8.7159E-5 8.72109E-5 9.3592E-5 9.11893E-5 8.52495E-5
1.84164E-4 1.7797E-4 7.92104E-5 2.07969E-4 2.1102E-4 2.14224E-4 2.23112E-4 2.0695E-4 2.10081E-4 2.13163E-4 2.16399E-4 2.36852E-4 2.4057E-4 2.23144E-4 1.01297E-4 2.67352E-4 1.10939E-4 2.92606E-4 3.2043E-4 3.25377E-4 1.02791E-4 1.06989E-4 9.932E-5 1.18334E-4 3.89211E-4 4.68988E-4 4.87726E-4 4.6448E-4 4.31864E-4 4.48853E-4 3.34817E-4 3.42917E-4 1.94175E-4 1.85039E-4 1.72071E-4 1.46964E-4 1.46948E-4 1.40151E-4 1.45786E-4 1.35682E-4 1.29421E-4 1.34678E-4 1.25374E-4 1.21458E-4 1.24618E-4 1.12481E-4 1.09059E-4 1.11931E-4 1.11531E-4 1.08292E-4 1.03597E-4 1.0062E-4 1.00455E-4 9.76741E-5 1.04674E-4 1.01896E-4 1.00403E-4 9.7765E-5 9.79008E-5 1.05048E-4 9.84187E-5
1.87083E-4 2.07906E-4 2.2754E-4 2.31041E-4 2.23292E-4 2.26625E-4 2.10092E-4 2.13271E-4 2.33381E-4 2.03767E-4 2.06755E-4 1.65781E-4 2.26348E-4 2.29901E-4 1.04449E-4 2.75532E-4 1.06099E-4 2.79848E-4 3.38498E-4 3.61366E-4 9.85489E-5 1.02574E-4 1.13392E-4 1.79338E-4 4.82762E-4 4.94622E-4 4.78384E-4 4.7833E-4 4.9735E-4 2.07079E-4 2.12045E-4 2.02191E-4 1.6848E-4 1.60723E-4 1.60719E-4 1.67178E-4 1.55667E-4 1.61899E-4 1.50789E-4 1.5452E-4 1.49817E-4 1.39496E-4 1.45204E-4 1.38743E-4 1.44417E-4 1.38093E-4 1.33981E-4 1.28166E-4 1.24447E-4 1.24107E-4 1.20625E-4 1.15534E-4 1.12338E-4 1.1227E-4 1.09283E-4 1.17097E-4 1.12413E-4 1.12552E-4 1.09722E-4 1.10048E-4 1.10394E-4
1.18143E-4 1.29271E-4 2.34619E-4 2.34572E-4 2.41724E-4 2.51829E-4 2.1663E-4 2.36984E-4 2.23133E-4 2.09948E-4 2.13081E-4 8.83707E-5 9.67332E-5 2.36875E-4 2.79644E-4 2.91325E-4 3.03573E-4 3.48992E-4 3.57966E-4 4.00915E-4 1.1263E-4 1.26022E-4 1.82236E-4 4.8982E-4 5.47165E-4 5.29802E-4 5.05238E-4 2.2595E-4 2.34922E-4 2.34952E-4 1.84077E-4 1.74001E-4 1.7826E-4 1.78284E-4 1.85425E-4 1.85405E-4 1.77079E-4 1.71638E-4 1.71634E-4 1.63985E-4 1.70565E-4 1.59084E-4 1.655E-4 1.583E-4 1.53658E-4 1.57563E-4 1.42812E-4 1.48675E-4 1.42425E-4 1.38446E-4 1.34632E-4 1.34469E-4 1.2897E-4 1.25549E-4 1.25601E-4 1.22395E-4 1.29208E-4 1.2602E-4 1.26341E-4 1.44698E-4 1.41354E-4
1.31259E-4 2.34631E-4 2.41712E-4 2.41749E-4 2.5564E-4 2.55678E-4 2.40643E-4 2.44235E-4 2.29901E-4 2.16371E-4 1.76116E-4 9.82069E-5 9.97182E-5 1.12061E-4 2.88739E-4 1.24976E-4 3.45819E-4 3.60138E-4 3.74757E-4 4.23481E-4 1.83542E-4 1.40122E-4 5.04729E-4 5.63808E-4 5.46196E-4 2.5018E-4 2.50233E-4 2.42492E-4 2.48327E-4 2.03861E-4 2.11922E-4 1.97679E-4 2.02462E-4 2.05484E-4 2.10491E-4 1.96344E-4 2.04155E-4 1.90507E-4 1.95136E-4 1.89438E-4 1.7674E-4 1.83882E-4 1.75934E-4 1.80322E-4 1.70882E-4 1.66068E-4 1.59008E-4 1.5459E-4 1.65188E-4 1.58373E-4 1.54141E-4 1.5006E-4 1.58078E-4 1.54069E-4 1.50154E-4 1.50317E-4 1.56724E-4 1.57049E-4 1.63717E-4 1.64218E-4 1.75985E-4
1.33199E-4 2.41798E-4 2.51778E-4 2.55665E-4 2.59547E-4 2.635E-4 2.30018E-4 2.33274E-4 2.19656E-4 2.22934E-4 1.81521E-4 9.64226E-5 1.11177E-4 1.1593E-4 1.33499E-4 2.75133E-4 2.86493E-4 1.30238E-4 1.2429E-4 1.39094E-4 2.03557E-4 1.486E-4 5.72348E-4 5.95448E-4 4.63019E-4 2.58194E-4 2.68419E-4 2.25687E-4 2.25705E-4 2.18975E-4 2.18902E-4 2.24193E-4 2.3307E-4 2.17662E-4 2.22883E-4 2.0812E-4 2.1637E-4 2.16416E-4 2.10186E-4 2.10117E-4 2.01142E-4 2.09155E-4 1.95456E-4 1.89955E-4 1.81936E-4 1.89323E-4 1.81463E-4 1.76604E-4 1.83846E-4 1.76354E-4 1.76207E-4 1.71735E-4 1.67389E-4 1.7181E-4 1.72009E-4 1.67839E-4 1.79579E-4 1.75388E-4 1.75931E-4 1.83507E-4 2.44256E-4
2.64704E-4 2.49258E-4 2.40765E-4 2.63487E-4 2.67568E-4 2.75574E-4 2.37007E-4 2.06745E-4 2.26262E-4 2.35927E-4 1.12893E-4 1.20775E-4 2.22359E-4 3.18915E-4 3.66281E-4 1.58677E-4 1.29354E-4 1.32741E-4 1.48443E-4 2.07109E-4 2.31314E-4 1.84211E-4 6.5817E-4 6.29426E-4 2.85798E-4 2.73149E-4 2.3307E-4 2.38701E-4 2.38696E-4 2.4808E-4 2.31858E-4 2.37364E-4 2.40962E-4 2.46779E-4 2.46811E-4 2.39768E-4 2.39745E-4 2.45565E-4 2.3873E-4 2.23154E-4 2.32007E-4 2.16921E-4 2.2226E-4 2.16247E-4 2.07332E-4 2.0178E-4 1.93543E-4 2.01464E-4 1.96296E-4 1.8844E-4 1.83707E-4 1.91304E-4 1.91489E-4 1.96483E-4 1.9182E-4 1.92206E-4 2.00257E-4 2.009E-4 2.09553E-4 2.54522E-4 4.88148E-4
1.05553E-4 2.76944E-4 2.60784E-4 2.85359E-4 2.9406E-4 2.59552E-4 2.26434E-4 2.35987E-4 2.52471E-4 2.70165E-4 2.25712E-4 3.2366E-4 3.71944E-4 3.96858E-4 1.71961E-4 1.38164E-4 1.33935E-4 1.60742E-4 1.69048E-4 1.75957E-4 2.44932E-4 2.54897E-4 6.79614E-4 2.95315E-4 3.0229E-4 2.37472E-4 2.41017E-4 2.46835E-4 2.39823E-4 2.398E-4 2.62741E-4 2.55404E-4 2.554E-4 2.61529E-4 2.65468E-4 2.54341E-4 2.54268E-4 2.64344E-4 2.64399E-4 2.53394E-4 2.46539E-4 2.30686E-4 2.36355E-4 2.30156E-4 2.35894E-4 2.24197E-4 2.18451E-4 2.23928E-4 2.18305E-4 2.15112E-4 2.23946E-4 2.18552E-4 2.13323E-4 2.10517E-4 2.1923E-4 2.14292E-4 2.15036E-4 2.24295E-4 3.08001E-4 5.39486E-4 1.53502E-3
1.5728E-4 2.85417E-4 2.89764E-4 1.67002E-4 3.03097E-4 2.54721E-4 2.52535E-4 2.90778E-4 3.10822E-4 3.842E-4 3.72176E-4 3.69397E-4 4.23459E-4 1.71036E-4 1.39466E-4 1.43074E-4 1.52808E-4 1.70619E-4 2.3763E-4 4.75054E-4 4.94139E-4 6.91895E-4 5.76915E-4 3.34387E-4 2.62825E-4 2.7307E-4 2.73126E-4 2.79641E-4 2.71942E-4 2.71938E-4 3.01941E-4 2.82759E-4 2.89442E-4 2.89415E-4 2.81643E-4 2.81618E-4 2.70018E-4 2.74051E-4 2.80614E-4 2.6927E-4 2.55952E-4 2.45554E-4 2.49256E-4 2.39273E-4 2.4894E-4 2.39089E-4 2.48727E-4 2.39075E-4 2.33283E-4 2.42801E-4 2.48957E-4 2.43148E-4 2.43503E-4 2.34444E-4 2.29195E-4 2.4497E-4 2.71829E-4 3.86373E-4 6.47308E-4 1.61874E-3 -9999
2.89692E-4 2.94164E-4 1.1723E-4 3.15538E-4 3.20793E-4 2.95511E-4 3.11007E-4 3.23943E-4 3.46009E-4 4.03091E-4 4.30232E-4 4.21157E-4 4.38288E-4 5.01473E-4 1.59274E-4 2.13209E-4 2.47272E-4 4.5436E-4 2.63591E-4 6.71704E-4 3.12569E-4 7.94904E-4 3.64137E-4 2.90658E-4 2.90654E-4 2.82722E-4 2.89442E-4 3.00811E-4 3.00874E-4 3.08026E-4 3.12626E-4 3.20035E-4 3.2758E-4 3.11625E-4 3.19027E-4 3.19008E-4 3.10774E-4 3.10704E-4 2.91239E-4 3.02668E-4 2.90608E-4 2.72439E-4 2.83305E-4 2.72179E-4 2.83034E-4 2.65532E-4 2.59049E-4 2.65544E-4 2.76288E-4 2.76666E-4 2.66265E-4 2.77053E-4 2.54443E-4 2.60925E-4 2.78794E-4 3.08902E-4 4.02027E-4 7.29625E-4 1.8229E-3 -9999 -9999
3.02995E-4 1.76442E-4 3.3687E-4 3.18318E-4 3.15775E-4 3.62765E-4 4.06173E-4 4.33351E-4 4.62167E-4 4.92617E-4 5.25147E-4 5.59432E-4 5.95879E-4 6.19691E-4 6.59783E-4 7.02271E-4 6.7213E-4 5.23724E-4 3.03629E-4 2.61391E-4 3.53913E-4 3.67896E-4 3.7664E-4 3.00901E-4 3.08026E-4 3.20089E-4 3.27668E-4 3.32661E-4 3.40496E-4 3.5367E-4 3.31699E-4 3.39366E-4 3.39436E-4 3.30792E-4 3.52568E-4 3.38643E-4 3.4373E-4 3.30181E-4 3.30092E-4 3.21888E-4 3.02025E-4 3.09301E-4 3.21574E-4 3.01841E-4 2.94625E-4 3.01888E-4 2.94818E-4 3.02166E-4 2.95223E-4 3.0712E-4 2.95792E-4 2.89263E-4 3.08707E-4 3.16728E-4 3.87421E-4 4.54836E-4 1.47111E-3 2.0496E-3 -9999 -9999 -9999
2.90233E-4 3.34091E-4 3.56692E-4 3.70986E-4 4.0614E-4 4.33269E-4 4.62167E-4 4.92617E-4 5.32841E-4 5.29697E-4 5.95848E-4 5.92533E-4 6.16009E-4 6.56003E-4 6.98432E-4 7.26179E-4 7.22809E-4 3.31157E-4 2.64483E-4 2.53463E-4 3.74854E-4 3.89775E-4 3.32536E-4 3.40396E-4 3.5367E-4 3.61978E-4 3.67511E-4 3.76088E-4 3.84819E-4 3.66653E-4 3.7507E-4 3.52072E-4 3.65736E-4 3.65734E-4 3.51442E-4 3.56722E-4 3.65129E-4 3.65186E-4 3.51033E-4 3.34594E-4 3.42528E-4 3.426E-4 3.34567E-4 3.21845E-4 3.34682E-4 3.42837E-4 3.27138E-4 3.48483E-4 3.27665E-4 3.28422E-4 3.1662E-4 3.29514E-4 3.64558E-4 4.38503E-4 5.65968E-4 8.71084E-4 -9999 -9999 -9999 -9999 -9999
3.47475E-4 3.99105E-4 3.95975E-4 4.223E-4 4.30254E-4 4.6577E-4 5.32868E-4 5.29698E-4 5.26508E-4 6.01129E-4 6.40428E-4 6.66014E-4 6.62714E-4 6.95178E-4 7.22798E-4 7.69384E-4 3.34899E-4 3.56521E-4 2.99716E-4 2.91909E-4 3.18844E-4 3.31584E-4 3.44602E-4 3.52768E-4 3.66546E-4 3.75179E-4 3.89665E-4 3.98786E-4 3.98868E-4 4.14246E-4 3.89181E-4 3.98198E-4 4.0418E-4 3.88639E-4 3.88619E-4 3.97675E-4 3.79403E-4 3.88242E-4 3.70458E-4 3.79165E-4 3.56439E-4 3.70499E-4 3.79366E-4 3.56776E-4 3.70804E-4 3.57276E-4 3.71391E-4 3.63418E-4 3.50313E-4 3.64379E-4 3.73631E-4 4.12957E-4 4.95547E-4 6.75329E-4 2.30002E-3 -9999 -9999 -9999 -9999 -9999 -9999
2.20961E-4 2.39134E-4 4.57172E-4 4.87293E-4 4.96848E-4 5.2945E-4 5.64297E-4 6.01268E-4 5.9819E-4 6.37222E-4 6.62617E-4 7.055E-4 7.03003E-4 7.4832E-4 3.48117E-4 3.65018E-4 3.55567E-4 3.23739E-4 3.18154E-4 3.30649E-4 3.17534E-4 3.74891E-4 3.89665E-4 3.98786E-4 4.14246E-4 4.23883E-4 4.04349E-4 4.13634E-4 4.29752E-4 4.2975E-4 4.39685E-4 4.46313E-4 4.29411E-4 4.29301E-4 4.39283E-4 4.19461E-4 4.29234E-4 4.03796E-4 4.19432E-4 3.94552E-4 4.03887E-4 4.19735E-4 3.95143E-4 4.10562E-4 3.95842E-4 4.05297E-4 3.87326E-4 3.96727E-4 3.88639E-4 4.04423E-4 4.85351E-4 6.15397E-4 9.92944E-4 2.43712E-3 -9999 -9999 -9999 -9999 -9999 -9999 -9999
