day_2/Results/Podomys_floridanus/projections/PaleoClim/-21000/RUN_1.asc
ncols         385
nrows         252
xllcorner     -91.50013924285
yllcorner     25.49986064915003
cellsize      0.041666666500000005
NODATA_value  -9999
[rows 27 to 53 of 252, columns 305 to 365 of 385]
4.94265E-5 3.7879E-5 3.78283E-5 3.78283E-5 3.31152E-5 3.78115E-5 4.31863E-5 9.34283E-5 8.77454E-5 1.00323E-4 1.21986E-4 9.34286E-5 4.91651E-5 1.21822E-4 7.1255E-5 1.06549E-4 1.06789E-4 1.58891E-4 1.494E-4 1.59242E-4 1.59243E-4 1.59313E-4 1.94063E-4 1.81649E-4 1.8133E-4 1.22038E-4 6.3852E-5 1.21873E-4 5.58469E-5 1.57843E-4 1.57346E-4 1.20853E-4 1.06077E-4 1.06079E-4 1.05513E-4 8.35295E-5 1.20474E-4 1.36979E-4 1.05081E-4 3.74693E-5 1.04181E-4 4.17337E-5 3.62773E-5 2.83734E-5 2.84386E-5 2.48114E-5 2.16526E-5 1.64622E-5 2.10038E-5 1.43416E-5 1.60289E-5 1.08427E-5 1.08026E-5 8.18267E-6 6.73173E-6 5.76539E-6 4.96525E-6 4.92941E-6 4.24415E-6 4.86912E-6 9.40197E-6
4.94481E-5 4.32632E-5 3.78622E-5 3.78283E-5 3.78452E-5 3.78283E-5 3.78283E-5 4.31863E-5 8.79812E-5 1.00279E-4 4.92735E-5 1.31023E-4 8.16172E-5 8.14326E-5 9.32602E-5 1.39201E-4 1.81416E-4 1.81569E-4 1.8141E-4 2.05734E-4 2.34605E-4 2.18924E-4 2.33457E-4 1.79649E-4 1.37968E-4 5.67118E-5 1.57208E-4 6.32048E-5 6.31203E-5 1.20743E-4 1.56356E-4 1.78515E-4 1.05222E-4 1.19875E-4 1.19381E-4 4.80792E-5 1.04272E-4 1.36042E-4 1.35531E-4 4.75967E-5 4.75034E-5 4.17623E-5 4.16379E-5 3.25895E-5 2.84216E-5 3.17439E-5 2.77251E-5 1.64526E-5 1.64963E-5 1.83984E-5 1.60274E-5 1.38295E-5 1.21632E-5 9.44157E-6 6.20831E-6 6.17887E-6 6.15722E-6 4.99081E-6 4.83992E-6 1.36839E-5 6.17269E-6
5.63089E-5 4.94044E-5 4.32632E-5 3.78622E-5 4.31863E-5 3.78452E-5 1.00368E-4 3.78283E-5 4.92954E-5 1.06884E-4 1.21769E-4 5.62099E-5 9.35512E-5 9.32995E-5 1.39196E-4 1.80376E-4 2.05727E-4 2.04814E-4 1.57689E-4 1.79646E-4 2.32091E-4 2.64273E-4 2.03875E-4 8.20603E-5 1.56489E-4 1.23995E-4 1.23995E-4 7.17643E-5 6.28612E-5 1.77382E-4 1.55767E-4 1.76555E-4 1.54969E-4 1.18819E-4 1.54559E-4 1.1879E-4 5.43866E-5 5.42836E-5 1.34918E-4 1.18517E-4 3.72287E-5 3.73581E-5 4.17239E-5 3.26592E-5 2.8451E-5 2.48197E-5 2.77162E-5 1.89219E-5 1.6488E-5 4.00978E-5 1.83245E-5 1.08278E-5 1.39482E-5 8.1703E-6 7.13695E-6 8.21127E-6 6.20468E-6 6.18171E-6 1.19581E-5 7.67961E-6 4.7132E-6
4.92302E-5 5.61851E-5 4.94041E-5 4.32632E-5 3.78453E-5 3.78452E-5 3.78452E-5 1.00413E-4 1.14581E-4 4.90569E-5 1.06364E-4 1.38342E-4 1.57346E-4 1.37905E-4 1.79251E-4 1.78521E-4 1.78518E-4 2.03518E-4 2.30821E-4 2.30817E-4 2.61371E-4 2.29734E-4 2.01629E-4 2.01453E-4 8.11562E-5 8.10846E-5 8.10554E-5 7.09738E-5 1.54764E-4 1.75561E-4 1.75557E-4 1.75554E-4 1.98923E-4 1.53622E-4 1.35058E-4 4.86165E-5 4.88659E-5 6.19711E-5 5.43402E-5 1.18651E-4 4.786E-5 3.74337E-5 3.74062E-5 4.17162E-5 3.65924E-5 3.65198E-5 2.76623E-5 2.4257E-5 2.11731E-5 1.85089E-5 1.60719E-5 9.45304E-6 1.39222E-5 8.23539E-6 8.19126E-6 8.21289E-6 7.12013E-6 2.00142E-5 7.9655E-6 7.22714E-6 6.14338E-6
2.8972E-5 2.89329E-5 5.61359E-5 4.93825E-5 3.79114E-5 4.30158E-5 4.2996E-5 4.29951E-5 1.21284E-4 1.37726E-4 1.46886E-4 1.20849E-4 1.46884E-4 1.55635E-4 1.36286E-4 1.55632E-4 1.55698E-4 1.76632E-4 2.2923E-4 2.01541E-4 2.28246E-4 2.28437E-4 2.27049E-4 1.99887E-4 1.99939E-4 2.00082E-4 1.75845E-4 6.35892E-5 1.75747E-4 1.76337E-4 1.54873E-4 1.53517E-4 1.54392E-4 1.74406E-4 7.13888E-5 5.55826E-5 4.90385E-5 7.10996E-5 6.23896E-5 6.23627E-5 1.35102E-4 4.78943E-5 5.47226E-5 9.12553E-5 9.04978E-5 7.95108E-5 6.93607E-5 6.08394E-5 5.26188E-5 4.59514E-5 1.8447E-5 1.2489E-5 1.09139E-5 9.44589E-6 8.18792E-6 8.20261E-6 1.58683E-5 1.04873E-5 1.01278E-5 7.56459E-6 7.65271E-6
3.313E-5 3.31004E-5 3.77946E-5 4.90144E-5 5.56643E-5 5.57358E-5 4.28222E-5 1.12805E-4 1.20037E-4 1.36975E-4 1.28112E-4 1.55698E-4 1.76555E-4 1.35649E-4 1.18766E-4 1.7647E-4 1.75712E-4 2.00231E-4 1.75162E-4 1.99188E-4 2.26937E-4 2.57528E-4 2.28634E-4 2.29118E-4 2.27585E-4 2.27483E-4 9.2323E-5 7.24895E-5 9.27777E-5 8.13626E-5 8.13248E-5 7.14156E-5 1.55092E-4 2.00006E-4 1.75935E-4 5.60267E-5 4.90667E-5 7.11914E-5 1.54419E-4 1.54862E-4 1.35531E-4 1.35839E-4 1.3422E-4 1.18254E-4 1.03523E-4 9.10676E-5 6.91958E-5 6.07934E-5 5.30146E-5 3.19301E-5 1.8405E-5 3.49622E-5 1.5954E-5 9.47771E-6 8.25224E-6 1.05161E-5 1.10355E-5 1.21765E-5 9.14766E-6 1.06005E-5 1.01906E-5
3.78107E-5 3.76119E-5 3.29251E-5 3.76106E-5 4.27477E-5 5.53375E-5 4.83492E-5 9.83543E-5 1.12232E-4 1.35591E-4 1.54696E-4 1.44578E-4 1.75709E-4 1.34763E-4 1.52953E-4 1.98915E-4 1.98984E-4 1.98985E-4 2.27959E-4 2.27075E-4 2.27348E-4 2.59251E-4 2.94541E-4 2.59794E-4 2.29685E-4 1.05769E-4 9.30123E-5 7.29618E-5 7.29929E-5 7.33353E-5 7.2831E-5 9.25981E-5 2.57442E-4 2.01398E-4 7.15252E-5 5.65217E-5 7.17567E-5 1.76231E-4 2.0038E-4 1.7565E-4 1.54057E-4 1.35359E-4 1.18771E-4 8.25324E-5 4.76419E-5 6.33341E-5 3.6325E-5 2.7874E-5 2.42666E-5 2.12602E-5 1.83944E-5 1.60137E-5 1.25189E-5 8.28401E-6 7.18815E-6 1.41081E-5 1.55166E-5 1.48996E-5 1.28866E-5 1.23748E-5 1.35206E-5
3.28951E-5 3.27496E-5 3.27485E-5 3.72247E-5 4.24769E-5 4.22826E-5 5.47037E-5 1.11659E-4 1.26738E-4 1.53893E-4 1.53089E-4 1.74553E-4 1.63011E-4 5.44798E-5 1.53256E-4 1.74658E-4 1.99568E-4 1.99229E-4 2.27662E-4 2.28134E-4 2.27239E-4 2.94479E-4 2.60113E-4 2.29055E-4 1.05873E-4 1.05883E-4 1.06467E-4 9.36126E-5 7.35026E-5 7.35169E-5 6.44966E-5 9.27139E-5 1.7772E-4 2.02076E-4 1.77303E-4 1.40776E-4 2.2759E-4 2.29149E-4 2.00588E-4 1.77243E-4 1.35763E-4 9.42901E-5 5.48352E-5 5.44905E-5 4.19474E-5 3.66115E-5 3.19253E-5 2.78445E-5 2.18268E-5 1.89913E-5 1.6518E-5 1.44156E-5 1.3164E-5 1.10467E-5 7.70692E-6 1.27281E-5 1.39899E-5 1.34509E-5 1.48829E-5 1.43396E-5 1.57613E-5
3.25577E-5 3.71908E-5 3.70369E-5 4.23E-5 8.55473E-5 9.76311E-5 1.17891E-4 1.17941E-4 5.4157E-5 1.5234E-4 1.73623E-4 1.72842E-4 1.96752E-4 1.53578E-4 1.74497E-4 1.99674E-4 2.00623E-4 2.0073E-4 2.27861E-4 1.05813E-4 1.05698E-4 2.59927E-4 2.6124E-4 2.30738E-4 1.21009E-4 1.20344E-4 9.52178E-5 8.36606E-5 7.37895E-5 6.47539E-5 7.33758E-5 2.01996E-4 2.29826E-4 2.3045E-4 2.28263E-4 2.30028E-4 2.00612E-4 2.01656E-4 1.76081E-4 1.55641E-4 7.15994E-5 6.26791E-5 5.48704E-5 5.4737E-5 4.79458E-5 3.66355E-5 2.86961E-5 2.78312E-5 2.18169E-5 1.90378E-5 1.83463E-5 1.66708E-5 1.59832E-5 1.28553E-5 9.0134E-6 1.13724E-5 1.42904E-5 1.37497E-5 1.49939E-5 1.89288E-5 1.82243E-5
8.60605E-5 8.60223E-5 4.2047E-5 4.77044E-5 9.71698E-5 1.17167E-4 1.02613E-4 1.17319E-4 6.13322E-5 6.10541E-5 1.61174E-4 1.96351E-4 1.96851E-4 1.97222E-4 1.99112E-4 1.9968E-4 2.27405E-4 2.2769E-4 2.02363E-4 2.28863E-4 1.05848E-4 2.30299E-4 2.95703E-4 2.62797E-4 1.21153E-4 1.06585E-4 8.41909E-5 8.45124E-5 7.42951E-5 1.06323E-4 2.30732E-4 2.60085E-4 2.94516E-4 2.59144E-4 2.29501E-4 2.28354E-4 2.00918E-4 1.77243E-4 1.77596E-4 1.2338E-4 7.15079E-5 6.26013E-5 5.48625E-5 4.82438E-5 4.81561E-5 3.28849E-5 2.87302E-5 2.62421E-5 2.39763E-5 2.29491E-5 2.11292E-5 2.02704E-5 1.62647E-5 1.4892E-5 1.43766E-5 1.15687E-5 1.88785E-5 1.60303E-5 1.7547E-5 2.20061E-5 2.22871E-5
4.77044E-5 4.77658E-5 4.74744E-5 9.6616E-5 1.02565E-4 8.9258E-5 1.02065E-4 1.2439E-4 1.41288E-4 1.51143E-4 1.61525E-4 1.62134E-4 1.96538E-4 1.97968E-4 1.98507E-4 2.27583E-4 1.9988E-4 2.00802E-4 2.29082E-4 1.06209E-4 8.36953E-5 2.29688E-4 2.95047E-4 2.96812E-4 1.21083E-4 9.53139E-5 8.46131E-5 8.44047E-5 2.61435E-4 2.61937E-4 2.95663E-4 2.9566E-4 2.59343E-4 2.29767E-4 2.30131E-4 2.02319E-4 2.01979E-4 1.77352E-4 1.41413E-4 8.15092E-5 7.1778E-5 7.18068E-5 4.90032E-5 4.31052E-5 4.49536E-5 4.30238E-5 3.45191E-5 3.17565E-5 2.8858E-5 2.65598E-5 2.55002E-5 2.3387E-5 2.15145E-5 1.81409E-5 1.67445E-5 1.61643E-5 1.77129E-5 1.64008E-5 2.32478E-5 2.22992E-5 2.56779E-5
4.15911E-5 4.72004E-5 1.09807E-4 1.02065E-4 8.89401E-5 1.15909E-4 1.23709E-4 1.23867E-4 1.51307E-4 1.51593E-4 1.52341E-4 1.97243E-4 2.24637E-4 1.98148E-4 1.99539E-4 2.27314E-4 2.27799E-4 8.19461E-5 2.01449E-4 2.29163E-4 2.6048E-4 1.82419E-4 2.61854E-4 2.60648E-4 9.51259E-5 8.39846E-5 9.59418E-5 2.62755E-4 2.9634E-4 3.34917E-4 2.95785E-4 2.61209E-4 2.31215E-4 2.29992E-4 1.60246E-4 1.06513E-4 9.27961E-5 9.28958E-5 8.20478E-5 8.56008E-5 7.8256E-5 6.14158E-5 5.61985E-5 5.13799E-5 5.35975E-5 4.95297E-5 3.95229E-5 3.80731E-5 3.48634E-5 3.65164E-5 3.34829E-5 2.83854E-5 2.61117E-5 2.1133E-5 2.04026E-5 2.14738E-5 2.35404E-5 2.56738E-5 2.1886E-5 2.3943E-5 2.98759E-5
4.1387E-5 4.69455E-5 4.66885E-5 1.01267E-4 1.32126E-4 1.23603E-4 1.23924E-4 1.41186E-4 1.51705E-4 1.52469E-4 1.33986E-4 1.73599E-4 1.75246E-4 1.99389E-4 1.74474E-4 7.16352E-5 2.27502E-4 2.0244E-4 1.59904E-4 2.61315E-4 1.06461E-4 1.0659E-4 9.54818E-5 9.55964E-5 8.43556E-5 9.62084E-5 2.9729E-4 2.96274E-4 3.36493E-4 2.9547E-4 2.60699E-4 2.62828E-4 2.41201E-4 1.89846E-4 1.15663E-4 1.15785E-4 1.06244E-4 1.06008E-4 9.73038E-5 8.96186E-5 7.95185E-5 7.29395E-5 7.64868E-5 6.97122E-5 6.43246E-5 5.90563E-5 4.765E-5 4.36671E-5 4.58937E-5 4.37652E-5 4.01319E-5 3.71498E-5 3.57724E-5 3.31779E-5 3.16958E-5 2.9419E-5 3.22625E-5 2.96693E-5 3.247E-5 3.5571E-5 2.68149E-5
5.31668E-5 5.31891E-5 5.29406E-5 1.31468E-4 1.23368E-4 1.23792E-4 1.40952E-4 1.72333E-4 1.51219E-4 1.33741E-4 1.52394E-4 1.74321E-4 1.98311E-4 1.74692E-4 7.12477E-5 1.77392E-4 1.77621E-4 9.25861E-5 2.27463E-4 1.06253E-4 8.39339E-5 8.39533E-5 8.46922E-5 8.41956E-5 9.51959E-5 2.96653E-4 3.51807E-4 3.64667E-4 3.22539E-4 2.94628E-4 2.95947E-4 2.7222E-4 1.25689E-4 1.31607E-4 1.30952E-4 1.20303E-4 1.08061E-4 1.10165E-4 1.02659E-4 9.08576E-5 9.4046E-5 8.693E-5 7.97785E-5 7.32061E-5 7.63789E-5 6.19484E-5 5.68395E-5 5.22375E-5 5.49002E-5 5.03546E-5 4.84215E-5 4.46416E-5 4.11518E-5 3.99869E-5 3.67449E-5 3.5487E-5 3.70924E-5 3.57545E-5 3.91565E-5 3.62117E-5 3.1185E-5
1.0778E-4 1.15987E-4 5.24539E-5 1.23637E-4 1.23515E-4 1.23488E-4 1.51E-4 1.3246E-4 1.33692E-4 1.33907E-4 1.34874E-4 1.53563E-4 1.53761E-4 1.35523E-4 7.16714E-5 1.76082E-4 8.12005E-5 2.01674E-4 2.28672E-4 2.2955E-4 8.33576E-5 8.76039E-5 7.74113E-5 1.03175E-4 2.96811E-4 3.94141E-4 4.09837E-4 3.77603E-4 3.34372E-4 3.50242E-4 2.43277E-4 3.19304E-4 1.68456E-4 1.55043E-4 1.35875E-4 1.27154E-4 1.27208E-4 1.17016E-4 1.2171E-4 1.07473E-4 9.88192E-5 1.02995E-4 9.07645E-5 8.33563E-5 8.70317E-5 7.1089E-5 6.52862E-5 6.81826E-5 6.54604E-5 6.01296E-5 5.55889E-5 5.12198E-5 4.97614E-5 4.56894E-5 4.99589E-5 4.65035E-5 4.46136E-5 4.11493E-5 4.01319E-5 4.40108E-5 3.77579E-5
1.07971E-4 1.23326E-4 5.28937E-5 1.40546E-4 1.51155E-4 1.51229E-4 1.32398E-4 1.33223E-4 1.52039E-4 1.18249E-4 1.18311E-4 9.4062E-5 1.35212E-4 1.35303E-4 7.14588E-5 1.76361E-4 7.17346E-5 1.76379E-4 2.37435E-4 2.58207E-4 7.39737E-5 7.73238E-5 9.13427E-5 1.54837E-4 3.93497E-4 4.06971E-4 3.77925E-4 3.7615E-4 3.93731E-4 1.8238E-4 1.90077E-4 1.73863E-4 1.56411E-4 1.44033E-4 1.43966E-4 1.49681E-4 1.3218E-4 1.38639E-4 1.21637E-4 1.26932E-4 1.17587E-4 1.02968E-4 1.08006E-4 9.94747E-5 1.03599E-4 9.56462E-5 8.80615E-5 8.13031E-5 7.46334E-5 7.23295E-5 6.68352E-5 6.17867E-5 5.68874E-5 5.48594E-5 5.11006E-5 5.59317E-5 5.1464E-5 5.01224E-5 4.6456E-5 4.50967E-5 4.35579E-5
5.28021E-5 6.00721E-5 1.41532E-4 1.40697E-4 1.41189E-4 1.72021E-4 1.33197E-4 1.51622E-4 1.34282E-4 1.18128E-4 1.19168E-4 5.44591E-5 6.26106E-5 1.35639E-4 1.75231E-4 1.82885E-4 1.93209E-4 2.36627E-4 2.47891E-4 2.92744E-4 8.74261E-5 1.03856E-4 1.54363E-4 3.9071E-4 4.5613E-4 4.23968E-4 3.91382E-4 2.03854E-4 2.13536E-4 2.13946E-4 1.9735E-4 1.55694E-4 1.62049E-4 1.62247E-4 1.69895E-4 1.68776E-4 1.55687E-4 1.44201E-4 1.44553E-4 1.32202E-4 1.38659E-4 1.22539E-4 1.276E-4 1.17687E-4 1.08431E-4 1.13194E-4 9.23605E-5 9.70946E-5 8.88021E-5 8.25568E-5 7.62357E-5 7.39818E-5 6.81369E-5 6.35083E-5 6.12345E-5 5.67038E-5 6.22195E-5 5.74775E-5 5.56771E-5 6.83442E-5 6.37208E-5
6.00736E-5 1.40406E-4 1.41384E-4 1.40243E-4 1.71601E-4 1.72104E-4 1.5146E-4 1.51562E-4 1.34113E-4 1.17926E-4 9.43286E-5 6.2042E-5 6.23204E-5 7.42536E-5 1.7539E-4 8.52281E-5 2.2671E-4 2.36856E-4 2.48246E-4 3.03332E-4 1.47621E-4 1.1714E-4 3.90473E-4 4.55547E-4 4.24148E-4 2.30436E-4 2.30583E-4 2.14127E-4 2.21396E-4 1.98064E-4 2.07529E-4 1.84143E-4 1.90151E-4 1.91113E-4 1.98676E-4 1.76571E-4 1.83891E-4 1.62933E-4 1.70114E-4 1.56636E-4 1.38646E-4 1.45333E-4 1.33282E-4 1.38935E-4 1.24114E-4 1.14629E-4 1.05851E-4 9.76938E-5 1.06726E-4 9.80496E-5 9.13996E-5 8.4464E-5 9.14943E-5 8.54226E-5 7.88069E-5 7.69725E-5 8.0334E-5 7.76693E-5 8.11331E-5 7.8577E-5 8.6602E-5
5.99985E-5 1.40098E-4 1.70674E-4 1.71801E-4 1.71727E-4 1.71595E-4 1.33979E-4 1.33951E-4 1.18839E-4 1.18458E-4 9.41413E-5 5.71341E-5 7.07654E-5 7.40246E-5 9.22343E-5 1.72335E-4 1.79593E-4 1.0287E-4 9.4335E-5 1.11804E-4 1.66003E-4 1.22165E-4 4.53671E-4 4.71785E-4 3.48774E-4 2.29665E-4 2.40636E-4 2.24186E-4 2.24467E-4 2.06852E-4 2.06635E-4 2.15154E-4 2.25213E-4 1.98277E-4 2.07086E-4 1.84178E-4 1.91639E-4 1.91396E-4 1.77903E-4 1.77993E-4 1.63298E-4 1.71228E-4 1.52364E-4 1.40389E-4 1.299E-4 1.35364E-4 1.25419E-4 1.15586E-4 1.21286E-4 1.11519E-4 1.08565E-4 1.0043E-4 9.38054E-5 9.74787E-5 9.42872E-5 8.79229E-5 9.58783E-5 8.88907E-5 8.72085E-5 9.09102E-5 1.43754E-4
1.59479E-4 1.4022E-4 1.50554E-4 1.71538E-4 1.71004E-4 1.71603E-4 1.33897E-4 1.04034E-4 1.18511E-4 1.23762E-4 7.12178E-5 7.76039E-5 1.21698E-4 1.91143E-4 2.34719E-4 1.13794E-4 9.81942E-5 1.02379E-4 1.21105E-4 1.66236E-4 1.94581E-4 1.62308E-4 5.31231E-4 4.89662E-4 2.59077E-4 2.39455E-4 2.22567E-4 2.32071E-4 2.32397E-4 2.41668E-4 2.14592E-4 2.23184E-4 2.24509E-4 2.32113E-4 2.32765E-4 2.16616E-4 2.16563E-4 2.24027E-4 2.09089E-4 1.85467E-4 1.92659E-4 1.71512E-4 1.79011E-4 1.65572E-4 1.53538E-4 1.43142E-4 1.31733E-4 1.38019E-4 1.27807E-4 1.18824E-4 1.0998E-4 1.14297E-4 1.11748E-4 1.15809E-4 1.0837E-4 1.04613E-4 1.09508E-4 1.07268E-4 1.11822E-4 1.49968E-4 3.3147E-4
6.79073E-5 6.01365E-5 1.40413E-4 1.59851E-4 1.60022E-4 1.51917E-4 1.17201E-4 1.23328E-4 1.34729E-4 1.47946E-4 1.2242E-4 1.90182E-4 2.33712E-4 2.54518E-4 1.23917E-4 1.06804E-4 9.84589E-5 1.31902E-4 1.59242E-4 1.48313E-4 2.01562E-4 2.11786E-4 5.29766E-4 2.59166E-4 2.68229E-4 2.22249E-4 2.24242E-4 2.32282E-4 2.16442E-4 2.16643E-4 2.51657E-4 2.33892E-4 2.34972E-4 2.44138E-4 2.44281E-4 2.26264E-4 2.2588E-4 2.36883E-4 2.34971E-4 2.18221E-4 2.03528E-4 1.80288E-4 1.87693E-4 1.75086E-4 1.81051E-4 1.62016E-4 1.50135E-4 1.56231E-4 1.4681E-4 1.40567E-4 1.46341E-4 1.36689E-4 1.2699E-4 1.2349E-4 1.28897E-4 1.19549E-4 1.17212E-4 1.21892E-4 2.03704E-4 3.83694E-4 1.06851E-3
6.83187E-5 1.59478E-4 1.94047E-4 6.81322E-5 1.5973E-4 1.39277E-4 1.33992E-4 1.66274E-4 1.80226E-4 2.5064E-4 2.33207E-4 2.2456E-4 2.75255E-4 1.19307E-4 1.02229E-4 1.0703E-4 1.16496E-4 1.37353E-4 1.8737E-4 3.31272E-4 3.4701E-4 5.28009E-4 4.35867E-4 3.02666E-4 2.48591E-4 2.6106E-4 2.61652E-4 2.70474E-4 2.5204E-4 2.52114E-4 2.96298E-4 2.62111E-4 2.73685E-4 2.73734E-4 2.55345E-4 2.53945E-4 2.35738E-4 2.37377E-4 2.47701E-4 2.28322E-4 2.04906E-4 1.90321E-4 1.89498E-4 1.76571E-4 1.85E-4 1.70773E-4 1.78898E-4 1.64754E-4 1.54172E-4 1.6027E-4 1.67368E-4 1.55509E-4 1.52082E-4 1.40931E-4 1.30919E-4 1.43359E-4 1.66001E-4 2.83008E-4 5.0983E-4 1.11043E-3 -9999
1.5909E-4 1.58827E-4 6.78906E-5 1.65888E-4 1.94543E-4 1.65076E-4 1.80371E-4 1.87654E-4 2.04273E-4 2.52394E-4 2.76246E-4 2.64138E-4 2.76979E-4 3.38969E-4 1.21387E-4 1.5867E-4 1.94028E-4 3.05405E-4 2.11075E-4 4.87397E-4 2.68523E-4 6.18797E-4 3.35583E-4 2.80588E-4 2.81013E-4 2.60383E-4 2.71271E-4 2.84305E-4 2.8209E-4 2.93425E-4 2.97118E-4 3.06532E-4 3.18765E-4 2.86316E-4 2.98439E-4 2.96577E-4 2.76725E-4 2.77985E-4 2.48701E-4 2.57699E-4 2.40166E-4 2.14967E-4 2.24369E-4 2.07551E-4 2.17832E-4 1.92635E-4 1.80419E-4 1.88327E-4 1.95337E-4 1.8908E-4 1.76315E-4 1.84013E-4 1.5439E-4 1.6016E-4 1.74906E-4 2.01113E-4 2.95927E-4 6.10964E-4 1.32686E-3 -9999 -9999
1.59021E-4 7.08066E-5 1.79848E-4 1.86966E-4 1.78844E-4 2.20432E-4 2.60911E-4 2.83258E-4 3.07281E-4 3.31723E-4 3.60016E-4 3.92669E-4 4.24325E-4 4.41288E-4 4.8295E-4 5.22069E-4 4.84995E-4 4.49664E-4 2.46849E-4 2.68686E-4 3.11825E-4 3.23571E-4 3.38166E-4 2.80093E-4 2.92346E-4 3.04248E-4 3.16273E-4 3.19246E-4 3.28581E-4 3.44055E-4 3.09304E-4 3.22096E-4 3.20197E-4 2.99352E-4 3.342E-4 3.11218E-4 3.1123E-4 2.91008E-4 2.905E-4 2.72663E-4 2.41948E-4 2.51931E-4 2.62517E-4 2.34622E-4 2.19356E-4 2.28321E-4 2.12599E-4 2.20879E-4 2.05324E-4 2.16249E-4 2.0045E-4 1.8788E-4 2.03988E-4 2.11219E-4 2.84103E-4 3.56227E-4 1.09798E-3 1.56385E-3 -9999 -9999 -9999
1.64064E-4 2.02103E-4 2.19494E-4 2.37614E-4 2.57778E-4 2.80036E-4 3.03991E-4 3.31948E-4 3.61395E-4 3.46977E-4 4.21573E-4 4.08348E-4 4.25737E-4 4.60965E-4 5.02251E-4 5.22984E-4 5.07792E-4 2.76185E-4 2.30405E-4 2.14552E-4 3.24057E-4 3.36681E-4 3.14835E-4 3.26229E-4 3.41892E-4 3.56086E-4 3.5514E-4 3.70259E-4 3.85334E-4 3.44728E-4 3.60398E-4 3.23051E-4 3.38139E-4 3.38842E-4 3.12396E-4 3.14493E-4 3.27029E-4 3.25902E-4 3.03045E-4 2.73929E-4 2.85434E-4 2.83082E-4 2.64729E-4 2.47788E-4 2.57316E-4 2.6829E-4 2.39071E-4 2.60531E-4 2.34447E-4 2.2776E-4 2.12778E-4 2.21541E-4 2.55723E-4 3.38241E-4 4.91962E-4 7.81561E-4 -9999 -9999 -9999 -9999 -9999
1.79452E-4 2.20896E-4 2.11358E-4 2.29494E-4 2.66937E-4 2.91059E-4 3.59783E-4 3.46322E-4 3.33093E-4 4.07092E-4 4.4384E-4 4.61766E-4 4.44486E-4 4.82892E-4 5.02672E-4 5.43668E-4 2.66369E-4 2.88273E-4 3.00205E-4 2.5192E-4 2.90714E-4 3.03748E-4 3.15967E-4 3.28767E-4 3.41326E-4 3.55381E-4 3.69317E-4 3.85779E-4 3.86709E-4 4.04625E-4 3.60904E-4 3.75394E-4 3.77271E-4 3.53602E-4 3.5481E-4 3.65351E-4 3.29275E-4 3.44095E-4 3.06895E-4 3.20239E-4 2.86672E-4 3.00318E-4 3.10079E-4 2.78903E-4 2.92159E-4 2.6969E-4 2.82443E-4 2.64422E-4 2.47263E-4 2.58161E-4 2.68646E-4 3.08457E-4 4.05087E-4 6.3912E-4 1.88492E-3 -9999 -9999 -9999 -9999 -9999 -9999
8.91057E-5 9.69818E-5 2.48773E-4 2.70362E-4 3.15111E-4 3.4132E-4 3.7258E-4 4.05077E-4 3.89319E-4 4.2183E-4 4.43301E-4 4.8035E-4 4.62823E-4 5.04985E-4 2.7579E-4 2.99379E-4 2.77287E-4 2.91375E-4 2.80116E-4 2.94582E-4 2.74973E-4 3.53891E-4 3.71474E-4 3.82471E-4 4.00064E-4 4.13563E-4 3.74888E-4 3.90332E-4 4.04475E-4 4.06218E-4 4.18187E-4 4.22136E-4 3.94522E-4 3.95751E-4 4.10848E-4 3.67743E-4 3.83992E-4 3.46429E-4 3.62511E-4 3.22735E-4 3.35402E-4 3.51428E-4 3.15238E-4 3.27608E-4 3.06377E-4 3.16133E-4 2.8678E-4 2.99441E-4 2.8E-4 2.91863E-4 3.84456E-4 5.4982E-4 9.36743E-4 1.98614E-3 -9999 -9999 -9999 -9999 -9999 -9999 -9999
