day_2/Results/Podomys_floridanus/projections/PaleoClim/-21000/RUN_0.asc
ncols         385
nrows         252
xllcorner     -91.50013924285
yllcorner     25.49986064915003
cellsize      0.041666666500000005
NODATA_value  -9999
[rows 135 to 161 of 252, columns 122 to 182 of 385]
6.80967E-4 3.1606E-4 1.23724E-4 1.10125E-4 9.3161E-5 8.28889E-5 7.85826E-5 1.11618E-4 1.25628E-4 1.59189E-4 1.70552E-4 2.43088E-4 3.08268E-4 3.4735E-4 3.90922E-4 4.40304E-4 4.49714E-4 4.07635E-4 3.90382E-4 5.16238E-4 6.54471E-4 4.95612E-4 4.95146E-4 5.57348E-4 4.40492E-4 4.95242E-4 4.40143E-4 4.40143E-4 4.39475E-4 4.94684E-4 5.57569E-4 4.95346E-4 7.36454E-4 1.71575E-3 6.29819E-4 6.28983E-4 6.28982E-4 6.28732E-4 6.54645E-4 8.29258E-4 8.30684E-4 8.30578E-4 7.39141E-4 7.38852E-4 7.38852E-4 7.38954E-4 7.38121E-4 7.6836E-4 7.68765E-4 1.01039E-3 1.13639E-3 1.13698E-3 1.27759E-3 3.08409E-3 3.08568E-3 3.08688E-3 3.46624E-3 3.61457E-3 3.46937E-3 3.0944E-3 2.17367E-3
7.5135E-4 7.51063E-4 7.50645E-4 3.64595E-4 1.72296E-4 1.93286E-4 2.0678E-4 1.75814E-4 1.67617E-4 1.88296E-4 2.11642E-4 2.67211E-4 3.37687E-4 4.27311E-4 4.27982E-4 4.89889E-4 4.44579E-4 4.25643E-4 4.78689E-4 4.79066E-4 6.05376E-4 5.38772E-4 5.3856E-4 5.38563E-4 4.59261E-4 4.07855E-4 4.07855E-4 4.58834E-4 4.59196E-4 4.59197E-4 6.05446E-4 5.39813E-4 6.81454E-4 7.6668E-4 6.55429E-4 5.82306E-4 5.81846E-4 5.16999E-4 5.39526E-4 6.81189E-4 8.98467E-4 8.64917E-4 7.68872E-4 7.68871E-4 7.68872E-4 8.0049E-4 8.98599E-4 7.12027E-4 7.99163E-4 1.04914E-3 1.05064E-3 1.09248E-3 1.09261E-3 1.37697E-3 2.25088E-3 3.19798E-3 3.19922E-3 3.32127E-3 3.32041E-3 3.72562E-3 3.7285E-3
1.04143E-3 1.04143E-3 8.84112E-4 8.85356E-4 4.11109E-4 1.90019E-4 2.27469E-4 4.67677E-4 7.45154E-4 3.45183E-4 3.30324E-4 2.80695E-4 2.8028E-4 4.1463E-4 5.23673E-4 4.82683E-4 5.20871E-4 4.63909E-4 5.20524E-4 5.8504E-4 5.21134E-4 4.99148E-4 4.99272E-4 5.00043E-4 4.44756E-4 4.91152E-4 4.44407E-4 4.44407E-4 4.99386E-4 5.00042E-4 5.6104E-4 5.62123E-4 6.57721E-4 6.32243E-4 6.32158E-4 6.3207E-4 5.62266E-4 5.00241E-4 5.62126E-4 5.86782E-4 9.32498E-4 8.33662E-4 7.41355E-4 8.32256E-4 8.32693E-4 7.41454E-4 8.32369E-4 8.655E-4 7.71203E-4 9.72078E-4 1.13555E-3 1.13569E-3 1.13437E-3 1.27296E-3 1.27362E-3 1.48314E-3 1.48445E-3 3.44036E-3 1.48503E-3 3.44078E-3 3.85847E-3
1.50027E-3 1.34124E-3 1.27804E-3 1.43015E-3 1.43242E-3 1.09191E-3 5.30294E-4 2.80329E-4 3.51851E-4 8.73657E-4 1.09798E-3 1.05362E-3 3.88186E-4 3.45853E-4 4.87427E-4 5.47214E-4 5.04192E-4 5.04511E-4 5.34836E-4 4.83317E-4 4.84256E-4 4.84188E-4 5.43471E-4 5.43681E-4 4.64157E-4 4.63729E-4 4.63728E-4 5.12396E-4 5.12396E-4 5.42627E-4 5.43679E-4 5.43892E-4 6.09536E-4 6.10717E-4 6.1072E-4 5.85662E-4 5.2141E-4 5.44026E-4 6.10958E-4 6.86023E-4 7.70113E-4 1.01072E-3 7.71713E-4 7.7101E-4 8.02879E-4 8.02988E-4 8.02988E-4 8.01742E-4 8.01846E-4 1.05008E-3 1.17788E-3 1.05143E-3 1.17894E-3 1.32017E-3 1.37144E-3 1.37428E-3 1.53803E-3 3.56235E-3 1.54161E-3 3.69591E-3 3.69775E-3
1.84317E-3 1.84317E-3 1.75987E-3 1.7596E-3 1.57341E-3 1.5005E-3 1.50026E-3 6.65007E-4 3.44069E-4 4.12092E-4 4.61693E-4 5.17343E-4 1.28654E-3 6.32785E-4 4.76421E-4 4.24567E-4 6.06408E-4 5.82617E-4 5.26857E-4 5.27061E-4 5.27061E-4 5.05046E-4 5.04974E-4 5.04779E-4 5.66259E-4 5.04973E-4 5.04778E-4 5.58389E-4 5.04389E-4 5.90525E-4 5.05045E-4 5.66477E-4 5.66697E-4 5.66697E-4 5.66699E-4 5.66699E-4 5.66697E-4 6.35961E-4 7.1369E-4 7.1424E-4 6.63347E-4 9.34949E-4 8.35208E-4 8.34568E-4 8.34567E-4 8.35E-4 8.35002E-4 8.34681E-4 8.69077E-4 1.09042E-3 9.74024E-4 1.09055E-3 1.27029E-3 1.27142E-3 1.27191E-3 1.42379E-3 1.59581E-3 1.59703E-3 1.59703E-3 3.02914E-3 3.8358E-3
2.25412E-3 2.25412E-3 2.15379E-3 2.15346E-3 1.92854E-3 1.84049E-3 1.84021E-3 1.84021E-3 1.4993E-3 8.52906E-4 4.50542E-4 5.64376E-4 6.05105E-4 6.77545E-4 1.01299E-3 5.96566E-4 6.2399E-4 6.6668E-4 6.41352E-4 6.41506E-4 6.41751E-4 6.15928E-4 6.1576E-4 5.4911E-4 5.49109E-4 5.489E-4 5.4869E-4 6.07885E-4 6.07885E-4 5.4848E-4 5.48689E-4 6.14818E-4 6.15287E-4 6.15523E-4 6.16491E-4 6.16494E-4 6.15531E-4 6.89973E-4 6.905E-4 7.73711E-4 6.90761E-4 7.73416E-4 8.6761E-4 7.74303E-4 7.74007E-4 9.02792E-4 9.02918E-4 8.06571E-4 9.02914E-4 1.13291E-3 1.17855E-3 1.05408E-3 1.17789E-3 1.3188E-3 1.47711E-3 1.32029E-3 1.53331E-3 1.7166E-3 1.71724E-3 1.91937E-3 4.4386E-3
3.06065E-3 3.06361E-3 2.62938E-3 2.62668E-3 2.62667E-3 2.25082E-3 2.24964E-3 2.24964E-3 2.15031E-3 1.83466E-3 1.06259E-3 5.26907E-4 5.89096E-4 7.36283E-4 7.47155E-4 1.17965E-3 6.4753E-4 6.21363E-4 6.90474E-4 6.20497E-4 6.93995E-4 7.77184E-4 7.48175E-4 5.96942E-4 6.67621E-4 5.9649E-4 6.61341E-4 6.60842E-4 5.9573E-4 6.61094E-4 6.60751E-4 6.60751E-4 5.95958E-4 6.6762E-4 6.68927E-4 6.6893E-4 6.69187E-4 7.49263E-4 8.38604E-4 8.37916E-4 8.37917E-4 7.48265E-4 9.37463E-4 8.3855E-4 8.38235E-4 9.38179E-4 8.40187E-4 9.38535E-4 9.3853E-4 9.76955E-4 1.09336E-3 1.41775E-3 1.58691E-3 1.5881E-3 1.77558E-3 1.77691E-3 3.24397E-3 4.5908E-3 4.59424E-3 1.78306E-3 1.99108E-3
4.30632E-3 4.1309E-3 3.71589E-3 3.19592E-3 3.19314E-3 2.74379E-3 2.74199E-3 2.741E-3 2.62705E-3 2.62667E-3 2.62667E-3 2.67183E-3 1.38639E-3 1.69382E-3 8.1017E-4 6.99886E-4 1.27762E-3 1.80966E-3 8.42299E-4 6.75329E-4 7.18958E-4 7.2312E-4 8.0903E-4 7.2393E-4 7.23659E-4 6.47294E-4 6.47056E-4 7.1812E-4 6.8844E-4 7.1889E-4 6.89797E-4 6.89441E-4 6.21567E-4 7.23569E-4 7.23837E-4 7.23836E-4 8.10515E-4 9.05493E-4 8.10139E-4 9.05829E-4 9.07948E-4 7.80209E-4 9.06056E-4 1.01504E-3 1.0153E-3 1.01543E-3 1.13382E-3 1.13424E-3 1.01419E-3 1.31612E-3 1.47015E-3 1.31678E-3 1.4707E-3 1.6438E-3 1.70568E-3 1.90486E-3 1.90627E-3 4.3992E-3 4.9152E-3 5.09573E-3 3.89594E-3
4.67314E-3 4.4857E-3 4.49183E-3 4.30905E-3 3.87151E-3 3.87012E-3 3.70901E-3 3.33628E-3 3.19407E-3 3.19314E-3 3.19314E-3 3.55849E-3 3.80208E-3 4.24031E-3 4.03671E-3 1.78684E-3 7.58116E-4 8.46254E-4 2.18079E-3 9.10872E-4 8.16647E-4 7.0242E-4 7.01449E-4 7.0119E-4 7.01446E-4 7.0145E-4 7.02573E-4 7.49405E-4 7.49023E-4 7.48639E-4 6.73826E-4 7.49196E-4 7.0222E-4 7.84755E-4 7.54118E-4 7.54016E-4 7.54016E-4 8.76546E-4 8.43228E-4 9.79563E-4 1.09481E-3 1.09563E-3 1.09523E-3 1.09429E-3 1.05426E-3 1.09549E-3 1.22151E-3 1.22257E-3 1.09442E-3 1.22211E-3 1.41505E-3 1.58E-3 1.58116E-3 1.58116E-3 1.76525E-3 1.76611E-3 1.97171E-3 3.59456E-3 5.07786E-3 5.0816E-3 5.2737E-3
6.2466E-3 1.01897E-2 6.00449E-3 5.4052E-3 5.19696E-3 5.19557E-3 4.4857E-3 4.48286E-3 4.03774E-3 3.87067E-3 3.87012E-3 4.30633E-3 4.13446E-3 4.60172E-3 5.12491E-3 4.97766E-3 4.46896E-3 4.25891E-3 1.98081E-3 5.0802E-3 9.83654E-4 9.84282E-4 7.60955E-4 8.47507E-4 7.59644E-4 7.60583E-4 7.60865E-4 7.60587E-4 7.60483E-4 8.12907E-4 8.12497E-4 7.30475E-4 7.61042E-4 8.15561E-4 8.16051E-4 8.16052E-4 8.16052E-4 8.16052E-4 9.11438E-4 9.1144E-4 1.01633E-3 1.13652E-3 1.01872E-3 1.26841E-3 1.13694E-3 1.13652E-3 1.1347E-3 1.31513E-3 1.1792E-3 1.31528E-3 1.46833E-3 1.46941E-3 1.63691E-3 1.6375E-3 1.8271E-3 1.89373E-3 2.11202E-3 2.11622E-3 2.35603E-3 5.42823E-3 5.61798E-3
1.45169E-2 1.29864E-2 1.39984E-2 1.10657E-2 6.49825E-3 6.24663E-3 5.62371E-3 5.40141E-3 5.40961E-3 5.19698E-3 5.19557E-3 5.19557E-3 5.77624E-3 5.55293E-3 5.55144E-3 5.60151E-3 5.39549E-3 4.83871E-3 5.38765E-3 5.99653E-3 1.17516E-2 1.06238E-3 1.06148E-3 1.06186E-3 9.19019E-4 9.17795E-4 8.22848E-4 9.17126E-4 8.80566E-4 8.22738E-4 8.23146E-4 8.23146E-4 9.17333E-4 7.91247E-4 8.81964E-4 8.82608E-4 8.82609E-4 8.82609E-4 1.09727E-3 9.84646E-4 1.22411E-3 1.22456E-3 1.225E-3 1.225E-3 1.09927E-3 1.09928E-3 1.09888E-3 1.22544E-3 1.09967E-3 1.22302E-3 1.41567E-3 1.578E-3 1.75936E-3 1.76E-3 1.96154E-3 1.96226E-3 2.18693E-3 2.18773E-3 2.43819E-3 2.71759E-3 4.44024E-3
1.4472E-2 1.39535E-2 1.39736E-2 7.3202E-3 7.05471E-3 7.05295E-3 6.74557E-3 6.49684E-3 6.49518E-3 6.49517E-3 6.24663E-3 6.24499E-3 6.29281E-3 6.29503E-3 6.05602E-3 6.05445E-3 6.06448E-3 5.22454E-3 5.80693E-3 5.81105E-3 1.05352E-2 6.23488E-3 4.78305E-3 1.14397E-3 1.27239E-3 9.92427E-4 8.89933E-4 8.8961E-4 8.89291E-4 8.89609E-4 8.89929E-4 8.8993E-4 9.52698E-4 8.55452E-4 9.52697E-4 1.06148E-3 1.06187E-3 1.06225E-3 1.18284E-3 1.06263E-3 1.3171E-3 1.18412E-3 1.31805E-3 1.319E-3 1.46872E-3 1.63598E-3 1.46977E-3 1.63391E-3 1.6345E-3 1.46977E-3 1.63392E-3 1.63508E-3 1.82063E-3 1.82129E-3 2.02868E-3 2.02942E-3 2.26049E-3 2.2613E-3 2.51874E-3 2.60562E-3 4.73601E-3
1.71813E-2 1.71793E-2 1.66083E-2 1.65989E-2 1.148E-2 6.77919E-3 7.31773E-3 7.32562E-3 7.05474E-3 7.05295E-3 7.05537E-3 6.79273E-3 6.06941E-3 6.07151E-3 6.07151E-3 5.84724E-3 5.85549E-3 5.85552E-3 5.63776E-3 6.25977E-3 1.13284E-2 1.13364E-2 6.04241E-3 6.70721E-3 1.10857E-3 2.82899E-3 9.62409E-4 9.60116E-4 1.07253E-3 9.60114E-4 1.06805E-3 1.06843E-3 1.02842E-3 9.24048E-4 1.06778E-3 1.14426E-3 1.14453E-3 1.2733E-3 1.27375E-3 1.27375E-3 1.27421E-3 1.41774E-3 1.41824E-3 1.57686E-3 1.57742E-3 1.57539E-3 1.57538E-3 1.75279E-3 1.75631E-3 1.57855E-3 1.7557E-3 1.95088E-3 1.95158E-3 1.95158E-3 2.17108E-3 2.17185E-3 2.41637E-3 2.41724E-3 2.68935E-3 2.69127E-3 2.99312E-3
2.3187E-2 2.31771E-2 2.24132E-2 1.96654E-2 1.9007E-2 7.292E-3 7.29763E-3 7.03704E-3 7.03532E-3 6.78233E-3 7.50629E-3 7.50793E-3 7.24275E-3 7.24188E-3 7.24103E-3 7.25315E-3 6.99525E-3 6.99113E-3 6.99112E-3 7.74967E-3 6.74313E-3 1.54202E-2 1.22059E-2 7.21642E-3 6.49867E-3 1.30411E-2 1.32773E-3 1.15904E-3 1.03551E-3 1.03624E-3 1.15061E-3 1.15142E-3 1.15332E-3 9.99724E-4 1.10833E-3 1.27878E-3 1.27984E-3 1.36945E-3 1.36976E-3 1.37041E-3 1.52249E-3 1.69183E-3 1.69243E-3 1.52392E-3 1.52338E-3 1.69243E-3 1.69362E-3 1.87843E-3 1.8822E-3 1.69422E-3 1.88154E-3 2.08807E-3 2.09225E-3 2.09227E-3 2.24761E-3 2.24815E-3 2.49982E-3 2.50071E-3 2.78062E-3 3.09291E-3 3.09401E-3
3.08989E-2 2.81459E-2 2.7239E-2 2.64046E-2 2.10617E-2 8.95499E-3 8.65469E-3 8.65562E-3 8.35561E-3 8.35362E-3 8.35362E-3 8.06201E-3 8.91386E-3 8.91686E-3 8.62293E-3 8.62093E-3 9.53601E-3 8.32623E-3 8.32241E-3 9.21005E-3 1.50114E-2 1.8962E-2 1.83408E-2 8.04103E-3 6.32087E-3 7.74536E-3 7.7626E-3 2.37168E-3 1.11661E-3 1.23843E-3 1.23871E-3 1.37432E-3 1.37708E-3 1.37661E-3 1.37481E-3 1.52583E-3 1.69286E-3 1.47531E-3 1.47219E-3 1.69207E-3 1.69345E-3 1.63445E-3 1.63483E-3 1.81417E-3 1.81459E-3 1.81459E-3 2.01434E-3 2.01504E-3 2.01504E-3 2.01575E-3 2.01575E-3 2.16181E-3 2.16232E-3 2.16232E-3 2.40166E-3 2.40251E-3 2.6684E-3 2.66934E-3 2.9644E-3 3.29354E-3 3.2947E-3
3.60372E-2 3.61038E-2 3.1917E-2 2.81401E-2 2.47749E-2 1.05732E-2 9.58738E-3 1.02301E-2 1.02312E-2 9.88739E-3 9.88625E-3 9.88511E-3 1.05493E-2 1.05517E-2 1.05683E-2 1.02139E-2 1.02128E-2 1.12818E-2 1.12893E-2 1.09143E-2 1.77714E-2 2.2475E-2 2.24751E-2 1.55551E-2 7.81171E-3 8.62962E-3 8.33457E-3 7.52664E-3 1.38191E-3 1.38191E-3 1.3325E-3 1.476E-3 1.47702E-3 1.33547E-3 1.47652E-3 1.81331E-3 1.81393E-3 1.81372E-3 1.81372E-3 1.6372E-3 1.81372E-3 1.81497E-3 2.01063E-3 2.01132E-3 1.94401E-3 1.94289E-3 2.15355E-3 2.15503E-3 2.15504E-3 2.38949E-3 2.39005E-3 2.31132E-3 2.31106E-3 2.31187E-3 2.56393E-3 2.56454E-3 2.84511E-3 2.84709E-3 3.05788E-3 3.39507E-3 3.39625E-3
4.31578E-2 4.20242E-2 4.08228E-2 3.29248E-2 2.2304E-2 1.24451E-2 1.24651E-2 1.24612E-2 1.20535E-2 1.20508E-2 1.20508E-2 1.16587E-2 1.28491E-2 1.28794E-2 1.24644E-2 1.24616E-2 1.24616E-2 1.20609E-2 1.33071E-2 1.331E-2 2.73336E-2 2.65051E-2 2.65023E-2 2.40167E-2 2.32532E-2 9.26119E-3 1.02266E-2 9.25916E-3 8.93711E-3 3.55494E-3 1.6411E-3 1.64053E-3 1.81575E-3 1.81616E-3 1.81616E-3 2.00853E-3 1.81677E-3 1.7547E-3 1.75449E-3 1.75369E-3 1.94121E-3 2.14949E-3 2.15022E-3 2.15022E-3 2.38009E-3 2.07978E-3 2.07812E-3 2.3016E-3 2.30239E-3 2.54908E-3 2.46777E-3 2.4675E-3 2.4675E-3 2.73435E-3 2.73499E-3 2.64709E-3 2.93468E-3 3.25383E-3 3.25607E-3 3.61011E-3 3.61098E-3
4.69341E-2 5.00003E-2 5.3385E-2 3.84172E-2 3.39624E-2 3.39449E-2 3.61658E-2 3.29356E-2 1.41648E-2 1.37029E-2 1.37014E-2 1.37235E-2 1.3728E-2 1.51127E-2 1.5116E-2 1.46449E-2 1.46433E-2 1.61287E-2 1.61375E-2 2.54302E-2 3.21284E-2 3.21286E-2 3.21286E-2 3.11276E-2 2.82907E-2 1.20814E-2 2.56434E-2 2.56462E-2 2.48186E-2 2.48078E-2 8.17725E-3 1.59192E-3 2.00917E-3 1.9435E-3 1.94328E-3 1.94328E-3 1.94393E-3 2.14714E-3 2.14786E-3 1.87887E-3 2.07576E-3 2.29584E-3 2.29635E-3 2.29635E-3 2.53894E-3 2.45756E-3 2.22123E-3 2.45646E-3 2.45729E-3 2.45702E-3 2.63121E-3 2.63182E-3 2.63182E-3 2.91279E-3 2.82156E-3 2.82699E-3 3.12982E-3 3.13196E-3 3.46703E-3 3.8409E-3 3.72604E-3
-9999 5.92134E-2 4.40258E-2 5.64026E-2 4.5876E-2 4.45457E-2 4.45237E-2 4.75051E-2 4.21237E-2 1.65759E-2 1.65516E-2 1.60758E-2 1.76792E-2 1.7683E-2 1.71508E-2 1.71491E-2 1.71473E-2 1.71473E-2 1.83073E-2 2.97963E-2 3.7563E-2 3.7563E-2 3.7563E-2 3.41429E-2 3.31525E-2 1.46779E-2 2.38582E-2 3.0101E-2 3.0101E-2 2.7335E-2 2.73262E-2 9.97605E-3 2.14793E-3 2.14793E-3 2.14793E-3 2.14793E-3 2.36946E-3 2.29345E-3 2.29319E-3 2.2937E-3 2.29294E-3 2.53084E-3 2.45044E-3 2.4499E-3 2.7056E-3 2.61961E-3 2.37095E-3 2.61904E-3 2.61991E-3 2.53573E-3 2.80231E-3 2.80421E-3 2.80391E-3 3.00342E-3 3.00922E-3 3.3289E-3 3.32967E-3 3.68331E-3 3.57291E-3 3.95416E-3 3.95685E-3
-9999 -9999 6.79757E-2 4.72753E-2 6.64145E-2 5.93726E-2 5.29682E-2 5.15074E-2 5.49354E-2 4.89076E-2 1.93175E-2 1.9331E-2 2.12199E-2 2.06157E-2 2.06137E-2 2.06116E-2 2.00134E-2 2.00115E-2 3.57337E-2 4.37484E-2 4.37442E-2 4.37537E-2 4.37402E-2 1.89174E-2 3.07146E-2 3.87155E-2 3.52268E-2 3.52158E-2 3.5201E-2 3.10417E-2 3.10186E-2 2.81975E-2 1.06417E-2 2.29139E-3 2.29213E-3 2.29213E-3 2.52454E-3 2.52536E-3 2.52618E-3 2.69622E-3 2.44611E-3 2.69564E-3 2.69652E-3 2.6113E-3 2.8793E-3 2.61188E-3 2.5276E-3 2.78951E-3 2.79045E-3 2.70215E-3 2.70186E-3 2.98893E-3 2.89626E-3 3.19888E-3 3.20102E-3 3.53545E-3 3.43038E-3 3.79214E-3 3.79341E-3 4.19342E-3 4.30471E-3
-9999 -9999 -9999 7.14498E-2 7.14817E-2 6.98649E-2 6.82555E-2 6.09498E-2 5.94583E-2 5.79049E-2 5.16276E-2 2.3114E-2 3.99121E-2 2.46299E-2 3.99291E-2 3.88316E-2 3.88399E-2 3.89031E-2 3.78242E-2 2.33078E-2 3.78053E-2 5.07672E-2 3.68178E-2 2.26873E-2 4.63559E-2 4.62773E-2 4.62771E-2 4.63556E-2 4.10469E-2 4.10173E-2 3.73669E-2 3.73398E-2 1.462E-2 1.20753E-2 2.44272E-3 2.44272E-3 2.36537E-3 2.36588E-3 2.60456E-3 2.86791E-3 2.6068E-3 2.77867E-3 2.77988E-3 2.77988E-3 2.77959E-3 2.78049E-3 2.69331E-3 2.96773E-3 2.97381E-3 2.88149E-3 2.88119E-3 3.17822E-3 3.08121E-3 3.08089E-3 3.4004E-3 3.29768E-3 3.64132E-3 4.02115E-3 4.02342E-3 4.32148E-3 4.43173E-3
-9999 -9999 -9999 -9999 5.67091E-2 8.1573E-2 7.98215E-2 7.16596E-2 6.99867E-2 6.82562E-2 6.66646E-2 5.45337E-2 2.6722E-2 4.7337E-2 4.61142E-2 5.79999E-2 6.34028E-2 6.19029E-2 6.18982E-2 5.50805E-2 5.50587E-2 6.025E-2 5.5169E-2 5.50591E-2 5.50587E-2 5.50587E-2 5.50538E-2 5.50537E-2 5.35655E-2 4.89035E-2 4.89527E-2 4.34136E-2 3.60823E-2 1.55454E-2 1.41428E-2 2.36875E-3 2.60247E-3 2.86102E-3 2.86163E-3 2.77311E-3 3.05001E-3 2.7743E-3 2.9563E-3 2.95663E-3 2.86536E-3 3.1537E-3 3.15473E-3 3.0633E-3 3.06399E-3 3.064E-3 3.06368E-3 3.37456E-3 3.27426E-3 3.27393E-3 3.60933E-3 3.50243E-3 3.86298E-3 3.87052E-3 4.14522E-3 4.57592E-3 4.57698E-3
-9999 -9999 -9999 -9999 -9999 6.53513E-2 6.54944E-2 8.47373E-2 8.17521E-2 7.99379E-2 7.80521E-2 7.00074E-2 6.43025E-2 6.83542E-2 6.83687E-2 6.83687E-2 7.27701E-2 7.27854E-2 7.29309E-2 6.51323E-2 6.50689E-2 6.5088E-2 6.50881E-2 6.50881E-2 6.50633E-2 6.50824E-2 6.34327E-2 6.34083E-2 5.80172E-2 5.79774E-2 5.1701E-2 4.72356E-2 4.19139E-2 3.32397E-2 1.86706E-2 1.4539E-2 3.13618E-3 3.13617E-3 3.04147E-3 3.04084E-3 3.33804E-3 3.23997E-3 3.23862E-3 3.14202E-3 3.14137E-3 3.04595E-3 3.05065E-3 2.95725E-3 3.25297E-3 3.25506E-3 3.15606E-3 3.15573E-3 3.37047E-3 3.37123E-3 3.71289E-3 3.72174E-3 4.10021E-3 3.98202E-3 4.38936E-3 4.84034E-3 4.70505E-3
-9999 -9999 -9999 -9999 -9999 -9999 7.26326E-2 7.27962E-2 9.60672E-2 8.66909E-2 8.4691E-2 8.18708E-2 8.18418E-2 7.99674E-2 8.00924E-2 8.00933E-2 7.92907E-2 7.93009E-2 8.63426E-2 7.76199E-2 7.01633E-2 7.64473E-2 7.64478E-2 7.64415E-2 6.84144E-2 7.45608E-2 7.45824E-2 6.83886E-2 6.8363E-2 6.10558E-2 6.11372E-2 6.11146E-2 5.44856E-2 3.95766E-2 3.6171E-2 2.0363E-2 1.80511E-2 3.32747E-3 3.32746E-3 3.22762E-3 3.22796E-3 3.43534E-3 3.13161E-3 3.43465E-3 3.33353E-3 3.33423E-3 3.23995E-3 3.23964E-3 3.1417E-3 3.45229E-3 3.35111E-3 3.35079E-3 3.57536E-3 3.58354E-3 3.47656E-3 3.82793E-3 4.09428E-3 4.09521E-3 4.51154E-3 4.97224E-3 4.98247E-3
-9999 -9999 -9999 -9999 -9999 -9999 -9999 8.36144E-2 8.21341E-2 8.06963E-2 9.81999E-2 8.86716E-2 8.85863E-2 9.61159E-2 9.41256E-2 9.42806E-2 9.42811E-2 9.22474E-2 9.22407E-2 9.22412E-2 8.29739E-2 9.01956E-2 8.30866E-2 8.11836E-2 8.11715E-2 8.00932E-2 8.00704E-2 8.00413E-2 7.8165E-2 7.17581E-2 7.1711E-2 6.4271E-2 5.89167E-2 2.64749E-2 2.42212E-2 2.35519E-2 2.15365E-2 1.63394E-2 3.52822E-3 3.22193E-3 3.42271E-3 3.42307E-3 3.32222E-3 3.32155E-3 3.2229E-3 3.53313E-3 3.43745E-3 3.43679E-3 3.33457E-3 3.33423E-3 3.55346E-3 3.56047E-3 3.45483E-3 3.79753E-3 3.68718E-3 4.05519E-3 4.33458E-3 4.33555E-3 4.63681E-3 5.11408E-3 5.11692E-3
-9999 -9999 -9999 -9999 -9999 -9999 -9999 -9999 -9999 9.40798E-2 9.23549E-2 9.08393E-2 1.10758E-1 1.00272E-1 1.08618E-1 1.0864E-1 1.08633E-1 1.06421E-1 1.06377E-1 1.06589E-1 1.0442E-1 1.04405E-1 9.6202E-2 9.61687E-2 9.42619E-2 8.67876E-2 8.6757E-2 8.38047E-2 8.37748E-2 8.37448E-2 7.52186E-2 6.92004E-2 6.91811E-2 6.35364E-2 2.78927E-2 2.78796E-2 2.48608E-2 2.27536E-2 1.94346E-2 3.73719E-3 3.73534E-3 3.62696E-3 3.62624E-3 3.5212E-3 3.52677E-3 3.42341E-3 3.74905E-3 3.64142E-3 3.53455E-3 3.53531E-3 3.77082E-3 3.77282E-3 3.66271E-3 4.02142E-3 3.90653E-3 4.29113E-3 4.59083E-3 4.59289E-3 4.90935E-3 4.90999E-3 5.25288E-3
-9999 -9999 -9999 -9999 -9999 -9999 -9999 -9999 -9999 -9999 -9999 1.05262E-1 1.03632E-1 9.77141E-2 9.58846E-2 9.42932E-2 1.34352E-1 1.24525E-1 1.12927E-1 1.22116E-1 1.22358E-1 1.2003E-1 1.10848E-1 1.08583E-1 1.00371E-1 1.00311E-1 9.82312E-2 9.05557E-2 9.04996E-2 8.75872E-2 8.75323E-2 8.07569E-2 8.07064E-2 7.25519E-2 5.30705E-2 3.19828E-2 2.93479E-2 2.62071E-2 2.40167E-2 9.38983E-3 4.31823E-3 3.95213E-3 3.83906E-3 3.84442E-3 3.73347E-3 3.62586E-3 3.62624E-3 3.52083E-3 3.41765E-3 3.75017E-3 3.64254E-3 3.99247E-3 3.87911E-3 4.25283E-3 4.1347E-3 4.41741E-3 4.4184E-3 4.71675E-3 5.18139E-3 5.04235E-3 5.54216E-3
