day_2/Results/Podomys_floridanus/projections/PaleoClim/-21000/RUN_0.asc
ncols         385
nrows         252
xllcorner     -91.50013924285
yllcorner     25.49986064915003
cellsize      0.041666666500000005
NODATA_value  -9999
[rows 135 to 161 of 252, columns 61 to 121 of 385]
9.9047E-5 9.16032E-5 8.46506E-5 8.92161E-5 8.26986E-5 6.3942E-5 6.73218E-5 6.25766E-5 7.5002E-5 6.96883E-5 6.48466E-5 6.84201E-5 9.25403E-5 9.76428E-5 1.16488E-4 1.22597E-4 1.45873E-4 1.53583E-4 1.53635E-4 1.61526E-4 1.91404E-4 2.01167E-4 2.10974E-4 2.37827E-4 2.21621E-4 2.61783E-4 2.61971E-4 1.83676E-4 1.71151E-4 1.52063E-4 1.35006E-4 1.122E-4 1.48937E-4 1.05015E-4 9.32491E-5 9.82617E-5 1.30273E-4 7.80038E-5 6.16168E-5 7.2927E-5 5.7804E-5 7.68062E-5 5.78816E-5 6.85444E-5 8.63604E-5 1.08809E-4 1.22159E-4 1.36935E-4 1.53734E-4 1.81256E-4 2.03331E-4 4.31363E-4 9.46267E-4 9.01237E-4 9.0059E-4 9.00936E-4 9.01284E-4 9.02338E-4 8.04386E-4 8.02518E-4 7.63569E-4
9.64755E-5 1.01647E-4 9.40323E-5 8.71519E-5 8.08822E-5 8.52571E-5 7.49838E-5 7.90699E-5 8.33883E-5 8.79576E-5 9.26178E-5 8.62524E-5 9.07896E-5 9.57605E-5 1.14073E-4 1.35607E-4 1.42759E-4 1.69515E-4 1.78265E-4 1.78057E-4 2.10803E-4 2.21533E-4 2.32212E-4 2.4371E-4 2.43692E-4 2.55614E-4 2.68137E-4 2.68074E-4 2.12242E-4 1.98197E-4 1.56973E-4 1.24325E-4 1.46536E-4 1.3057E-4 9.72759E-5 1.08853E-4 1.14618E-4 1.14612E-4 1.02146E-4 8.55206E-5 7.63176E-5 8.54853E-5 1.0742E-4 1.20366E-4 1.41868E-4 1.59028E-4 1.59088E-4 1.78301E-4 1.99757E-4 1.99833E-4 4.22953E-4 1.04227E-3 1.04144E-3 1.04307E-3 8.85521E-4 9.91673E-4 1.11201E-3 9.92431E-4 9.92057E-4 8.85225E-4 8.42188E-4
1.07026E-4 1.12678E-4 1.04542E-4 9.68145E-5 1.01967E-4 9.47214E-5 8.78874E-5 8.78963E-5 8.17668E-5 8.62318E-5 9.07676E-5 9.56983E-5 1.00896E-4 1.19962E-4 1.26362E-4 1.5013E-4 1.57796E-4 1.87061E-4 1.96693E-4 2.06292E-4 2.06277E-4 2.43557E-4 2.55755E-4 2.67834E-4 2.50098E-4 2.49983E-4 2.62163E-4 2.3319E-4 2.17978E-4 2.18299E-4 1.73161E-4 1.62067E-4 1.70215E-4 1.51662E-4 1.59311E-4 1.59303E-4 1.42192E-4 1.33282E-4 1.06384E-4 1.06304E-4 1.25231E-4 1.25346E-4 1.40052E-4 1.75482E-4 1.56904E-4 1.75482E-4 1.75614E-4 2.19838E-4 2.19968E-4 4.66468E-4 1.02485E-3 1.02523E-3 1.14501E-3 1.14724E-3 1.09399E-3 1.0921E-3 1.22229E-3 1.0925E-3 1.09381E-3 1.04239E-3 9.30316E-4
1.18732E-4 1.10004E-4 1.31438E-4 1.21832E-4 1.13145E-4 1.05172E-4 9.28052E-5 1.02831E-4 9.0934E-5 1.00961E-4 9.40323E-5 9.90807E-5 1.11886E-4 1.32839E-4 1.3991E-4 1.65886E-4 1.96271E-4 2.32248E-4 2.74326E-4 2.8735E-4 2.68085E-4 2.50098E-4 2.9438E-4 2.94249E-4 3.0838E-4 2.88187E-4 2.88055E-4 2.69328E-4 2.6875E-4 2.81657E-4 2.63664E-4 2.35097E-4 2.09964E-4 1.96842E-4 1.75891E-4 1.65137E-4 1.4747E-4 1.31805E-4 1.38552E-4 1.38575E-4 1.38627E-4 1.54737E-4 1.73027E-4 2.26769E-4 1.93655E-4 2.03214E-4 2.27058E-4 2.53657E-4 2.42051E-4 1.25977E-3 1.26024E-3 1.40836E-3 1.4089E-3 1.4089E-3 1.50322E-3 1.50331E-3 1.7624E-3 1.50388E-3 1.50388E-3 1.67967E-3 1.50083E-3
1.49387E-4 1.38272E-4 1.45454E-4 1.3485E-4 1.41863E-4 1.49266E-4 1.38594E-4 1.28936E-4 1.35661E-4 1.42487E-4 1.32869E-4 1.3983E-4 1.47118E-4 1.74125E-4 2.06079E-4 2.16249E-4 2.55264E-4 3.01136E-4 3.15218E-4 3.30303E-4 3.46157E-4 3.08666E-4 3.23158E-4 3.78725E-4 3.96448E-4 3.96568E-4 3.70109E-4 3.46101E-4 3.0926E-4 2.89533E-4 2.58861E-4 2.4232E-4 2.42216E-4 2.16693E-4 2.03569E-4 1.81964E-4 1.90966E-4 1.71128E-4 1.5327E-4 1.53182E-4 1.7103E-4 2.00259E-4 2.23582E-4 2.23665E-4 2.49491E-4 2.49582E-4 2.78503E-4 2.78708E-4 6.72557E-4 1.89505E-3 1.89644E-3 2.01899E-3 2.02264E-3 2.02235E-3 2.02235E-3 1.92844E-3 2.15267E-3 2.1569E-3 2.15693E-3 2.06147E-3 1.84386E-3
1.65056E-4 1.52872E-4 1.60731E-4 1.49168E-4 1.56782E-4 1.64812E-4 1.53212E-4 1.42661E-4 1.4999E-4 1.39699E-4 1.4692E-4 1.74055E-4 1.82724E-4 2.26777E-4 2.38156E-4 2.80342E-4 2.94041E-4 3.4589E-4 3.45595E-4 3.61894E-4 4.24761E-4 4.44384E-4 4.14564E-4 4.1453E-4 3.87511E-4 4.05353E-4 4.04842E-4 3.78908E-4 3.54818E-4 3.17592E-4 2.97786E-4 2.66277E-4 2.50034E-4 2.2414E-4 2.34607E-4 2.34557E-4 2.10353E-4 2.10276E-4 2.1043E-4 1.98202E-4 2.20792E-4 2.45743E-4 2.73905E-4 2.74061E-4 2.7416E-4 2.74204E-4 3.05629E-4 3.409E-4 1.77194E-3 2.57631E-3 2.87324E-3 3.20274E-3 3.20229E-3 3.06454E-3 3.06409E-3 2.74887E-3 2.62842E-3 2.62803E-3 2.63187E-3 2.63188E-3 2.25646E-3
1.82032E-4 1.68771E-4 1.77284E-4 1.86412E-4 1.73092E-4 1.61135E-4 1.77698E-4 1.77786E-4 1.74206E-4 1.82767E-4 1.92036E-4 2.01726E-4 2.11525E-4 2.49421E-4 2.6176E-4 3.07617E-4 3.22483E-4 3.78723E-4 3.95981E-4 4.14405E-4 4.85012E-4 4.52982E-4 4.52946E-4 4.73521E-4 4.43144E-4 4.42248E-4 4.62365E-4 4.33384E-4 3.88358E-4 3.64166E-4 3.26E-4 3.06137E-4 2.74646E-4 2.87265E-4 2.57954E-4 2.31479E-4 2.18009E-4 2.18044E-4 2.70216E-4 2.7041E-4 2.70071E-4 2.83154E-4 2.83199E-4 3.00726E-4 3.34876E-4 3.50702E-4 3.90342E-4 4.82905E-4 8.67389E-3 1.11485E-2 1.23936E-2 1.20194E-2 1.14794E-2 4.32073E-3 4.31707E-3 4.31341E-3 3.71643E-3 3.71323E-3 3.55951E-3 3.55849E-3 3.55978E-3
1.77504E-4 1.65016E-4 1.53187E-4 1.81718E-4 1.6917E-4 1.86746E-4 1.9594E-4 2.05812E-4 2.16128E-4 2.26592E-4 2.37828E-4 2.49654E-4 2.61498E-4 2.74256E-4 2.87673E-4 3.37381E-4 3.53504E-4 4.14309E-4 4.32963E-4 4.52878E-4 4.73591E-4 4.9427E-4 5.16802E-4 5.16764E-4 4.84026E-4 4.52776E-4 4.52676E-4 4.73078E-4 4.43868E-4 3.97941E-4 3.73645E-4 3.35661E-4 3.15691E-4 3.15054E-4 2.96784E-4 2.66822E-4 2.39971E-4 2.66675E-4 3.10662E-4 3.10426E-4 3.44892E-4 3.8346E-4 3.83732E-4 3.83732E-4 4.26404E-4 4.26553E-4 4.94459E-4 1.5223E-3 1.25099E-2 1.38688E-2 1.39635E-2 1.39916E-2 1.20476E-2 1.23998E-2 1.24067E-2 4.68876E-3 4.49153E-3 4.03833E-3 4.03633E-3 3.86983E-3 4.30478E-3
1.95811E-4 2.05583E-4 1.69535E-4 1.57584E-4 1.96127E-4 2.05813E-4 2.16128E-4 2.26592E-4 2.37828E-4 2.61313E-4 2.74106E-4 3.21857E-4 3.37326E-4 3.53503E-4 4.13661E-4 4.32961E-4 4.53048E-4 4.73019E-4 4.94524E-4 5.16803E-4 5.40025E-4 5.39326E-4 6.28014E-4 5.88352E-4 6.14099E-4 5.74795E-4 5.74545E-4 5.39225E-4 4.83801E-4 5.05204E-4 4.27427E-4 4.27037E-4 3.84417E-4 3.61307E-4 3.61288E-4 3.25365E-4 3.40543E-4 3.40715E-4 3.40596E-4 3.77986E-4 3.77691E-4 4.19148E-4 4.65647E-4 4.6588E-4 4.86828E-4 4.8593E-4 5.07407E-4 2.46217E-3 1.54788E-2 1.56025E-2 1.39372E-2 1.39453E-2 1.34467E-2 1.43751E-2 1.38885E-2 1.20859E-2 5.64514E-3 5.63578E-3 5.4149E-3 4.8743E-3 4.67443E-3
2.26853E-4 2.37581E-4 2.10806E-4 1.83161E-4 2.16043E-4 2.26556E-4 2.37827E-4 2.61313E-4 2.74106E-4 2.8696E-4 3.00855E-4 3.5268E-4 3.69441E-4 4.52573E-4 4.72772E-4 4.94267E-4 5.76583E-4 6.01636E-4 6.28152E-4 6.28333E-4 6.54717E-4 6.83225E-4 7.12798E-4 6.68078E-4 6.95667E-4 6.25747E-4 5.87235E-4 5.86988E-4 5.50922E-4 5.18005E-4 4.66577E-4 4.20279E-4 4.39122E-4 3.95242E-4 4.1338E-4 4.13442E-4 4.13504E-4 4.58376E-4 4.13647E-4 4.13647E-4 4.79185E-4 4.79032E-4 5.88245E-4 6.14514E-4 6.13375E-4 5.54037E-4 1.65821E-3 3.8425E-3 -9999 -9999 -9999 1.49755E-2 1.6552E-2 1.59851E-2 1.77005E-2 1.70982E-2 1.49272E-2 1.30075E-2 1.25158E-2 1.25185E-2 6.50361E-3
2.8104E-4 2.61301E-4 2.43434E-4 2.26993E-4 2.37829E-4 2.49558E-4 2.74064E-4 2.8696E-4 3.00855E-4 3.14801E-4 3.45373E-4 4.03928E-4 4.22798E-4 4.94157E-4 5.15866E-4 5.39046E-4 5.63129E-4 6.54479E-4 6.83225E-4 7.12798E-4 7.42262E-4 7.7361E-4 8.06482E-4 7.26098E-4 7.55322E-4 7.09234E-4 6.39043E-4 6.00716E-4 6.25706E-4 5.64421E-4 5.31616E-4 5.31405E-4 4.79493E-4 4.51534E-4 5.00109E-4 5.00281E-4 5.22549E-4 5.22625E-4 5.22803E-4 5.78628E-4 5.78143E-4 7.38312E-4 8.50216E-4 9.3877E-4 8.50718E-4 8.82274E-4 7.00363E-3 -9999 -9999 -9999 -9999 -9999 1.55012E-2 1.77431E-2 1.71462E-2 1.89639E-2 1.83136E-2 1.77087E-2 1.39799E-2 1.54559E-2 1.34678E-2
3.0839E-4 2.87462E-4 2.67569E-4 2.49656E-4 2.74064E-4 2.87408E-4 3.00857E-4 3.14802E-4 3.45373E-4 3.61161E-4 3.78165E-4 4.42179E-4 4.62039E-4 5.6276E-4 5.8711E-4 6.13026E-4 6.39927E-4 7.41627E-4 7.73609E-4 8.06482E-4 8.39172E-4 7.55954E-4 7.87464E-4 8.20657E-4 7.6992E-4 6.9451E-4 7.23993E-4 6.81457E-4 6.80292E-4 6.40796E-4 6.4076E-4 6.04096E-4 5.46173E-4 5.45082E-4 6.29227E-4 6.29529E-4 6.29618E-4 6.29619E-4 6.96285E-4 7.25175E-4 8.33619E-4 9.20513E-4 1.05489E-3 1.09533E-3 3.35187E-3 -9999 -9999 -9999 -9999 -9999 -9999 -9999 -9999 1.83515E-2 2.09483E-2 2.02725E-2 1.77749E-2 1.71811E-2 1.49978E-2 1.50163E-2 1.44756E-2
3.15339E-4 3.30303E-4 3.07855E-4 2.87519E-4 3.0081E-4 3.15295E-4 3.45375E-4 3.6173E-4 3.78167E-4 3.95961E-4 4.32471E-4 5.04503E-4 5.86684E-4 6.13113E-4 6.38985E-4 6.66852E-4 6.95761E-4 7.2456E-4 7.55583E-4 7.87739E-4 8.19603E-4 8.54041E-4 8.02808E-4 8.02753E-4 7.54179E-4 7.85524E-4 8.18645E-4 7.40401E-4 7.6985E-4 6.96425E-4 7.25805E-4 6.56959E-4 6.84893E-4 6.84395E-4 7.55893E-4 7.55894E-4 7.87648E-4 7.87861E-4 9.03941E-4 9.9646E-4 1.14346E-3 1.03648E-3 8.05327E-4 7.28946E-4 -9999 -9999 -9999 -9999 -9999 -9999 -9999 -9999 -9999 -9999 1.96364E-2 2.46527E-2 2.39143E-2 2.31399E-2 2.03139E-2 2.02961E-2 1.78052E-2
3.45674E-4 3.61894E-4 3.37511E-4 3.15416E-4 3.29826E-4 3.61675E-4 3.78167E-4 3.95814E-4 4.32471E-4 5.04319E-4 4.72662E-4 5.49997E-4 5.7374E-4 6.95317E-4 7.24458E-4 7.55478E-4 7.8763E-4 8.19598E-4 8.54041E-4 8.89711E-4 8.89953E-4 9.24916E-4 8.70276E-4 9.06144E-4 9.43439E-4 8.52052E-4 8.87103E-4 9.2368E-4 8.35142E-4 7.87648E-4 7.87604E-4 7.44211E-4 7.44071E-4 9.40432E-4 1.0377E-3 9.41596E-4 9.40981E-4 9.77689E-4 1.07545E-3 1.35605E-3 3.20069E-3 3.52298E-3 1.27811E-3 1.15805E-3 -9999 -9999 -9999 -9999 -9999 -9999 -9999 -9999 -9999 -9999 -9999 2.54481E-2 2.54922E-2 2.80616E-2 2.47006E-2 2.17242E-2 2.39118E-2
3.96129E-4 4.14248E-4 3.87452E-4 3.62004E-4 3.7817E-4 3.95814E-4 4.32473E-4 4.52375E-4 4.72319E-4 4.93733E-4 5.98721E-4 6.25345E-4 6.51695E-4 7.55317E-4 7.8645E-4 8.19707E-4 8.54159E-4 8.88365E-4 9.25228E-4 9.6338E-4 1.00251E-3 9.42322E-4 9.80528E-4 1.02051E-3 1.01874E-3 9.60484E-4 9.9925E-4 9.99383E-4 9.41354E-4 8.53992E-4 8.88907E-4 9.79797E-4 9.80116E-4 9.80247E-4 1.07765E-3 1.01776E-3 9.24367E-4 9.59859E-4 9.96584E-4 1.72137E-3 4.2964E-3 4.29154E-3 -9999 -9999 -9999 -9999 -9999 -9999 -9999 -9999 -9999 -9999 -9999 -9999 -9999 -9999 -9999 2.98063E-2 3.1815E-2 3.18284E-2 2.80461E-2
4.32963E-4 4.0493E-4 4.23534E-4 4.42346E-4 4.33479E-4 4.52378E-4 4.73077E-4 4.93735E-4 5.38087E-4 5.61934E-4 6.51464E-4 6.79989E-4 7.38597E-4 8.53746E-4 8.88249E-4 9.25102E-4 9.6338E-4 1.00119E-3 1.0418E-3 1.08357E-3 1.02085E-3 1.06008E-3 1.06035E-3 1.10274E-3 1.04E-3 1.07976E-3 1.08004E-3 1.07969E-3 9.80565E-4 1.01842E-3 1.01869E-3 1.16548E-3 1.16615E-3 1.21193E-3 1.10232E-3 1.00003E-3 1.03967E-3 9.82072E-4 8.45821E-4 3.0653E-3 -9999 -9999 -9999 -9999 -9999 -9999 -9999 -9999 -9999 -9999 -9999 -9999 -9999 -9999 -9999 -9999 -9999 -9999 -9999 3.3796E-2 3.38134E-2
4.94087E-4 4.62775E-4 4.83669E-4 5.0458E-4 5.27477E-4 4.93914E-4 5.38954E-4 5.62136E-4 5.86904E-4 5.50922E-4 7.37929E-4 7.7029E-4 8.87755E-4 9.25227E-4 9.6338E-4 1.00085E-3 1.08379E-3 1.12561E-3 1.12589E-3 1.06056E-3 1.10274E-3 1.1449E-3 1.19037E-3 1.19014E-3 1.08053E-3 1.12139E-3 1.16585E-3 1.05982E-3 1.21193E-3 1.33126E-3 1.38325E-3 1.25847E-3 1.3068E-3 1.30671E-3 1.35525E-3 1.23424E-3 1.16593E-3 2.0925E-3 4.99169E-3 7.07538E-3 -9999 -9999 -9999 -9999 -9999 -9999 -9999 -9999 -9999 -9999 -9999 -9999 -9999 -9999 -9999 -9999 -9999 -9999 -9999 -9999 3.93408E-2
4.83079E-4 5.27326E-4 5.4992E-4 5.16098E-4 5.98683E-4 5.62415E-4 5.86904E-4 6.11742E-4 6.00543E-4 6.26011E-4 8.34252E-4 9.63051E-4 9.05252E-4 1.04159E-3 1.08408E-3 1.01928E-3 1.1699E-3 1.21654E-3 1.26217E-3 1.1906E-3 1.19052E-3 1.23485E-3 1.28364E-3 1.16653E-3 1.21193E-3 1.25736E-3 1.25807E-3 1.3068E-3 1.43627E-3 1.49114E-3 3.46824E-3 3.27401E-3 3.33943E-3 6.77996E-3 7.7071E-3 8.22879E-3 7.79263E-3 7.1116E-3 6.73532E-3 8.34026E-3 -9999 -9999 -9999 -9999 -9999 -9999 -9999 -9999 -9999 -9999 -9999 -9999 -9999 -9999 -9999 -9999 -9999 -9999 -9999 -9999 -9999
5.50199E-4 5.74668E-4 5.38434E-4 5.62215E-4 6.12779E-4 6.38641E-4 6.00629E-4 6.25794E-4 6.53048E-4 7.8526E-4 9.04639E-4 1.08342E-3 1.1256E-3 1.17052E-3 1.21694E-3 1.1455E-3 1.1906E-3 1.19052E-3 1.18867E-3 1.23539E-3 1.28381E-3 1.21247E-3 2.25754E-3 2.13524E-3 2.76919E-3 2.92994E-3 7.1757E-3 7.18188E-3 1.55843E-2 9.57295E-3 9.91901E-3 1.02574E-2 1.02566E-2 9.69302E-3 1.00271E-2 1.00294E-2 1.00294E-2 8.69372E-3 9.8151E-3 1.06975E-2 -9999 -9999 -9999 -9999 -9999 -9999 -9999 -9999 -9999 -9999 -9999 -9999 -9999 -9999 -9999 -9999 -9999 -9999 -9999 -9999 -9999
6.25438E-4 6.52757E-4 6.12174E-4 6.38729E-4 6.66506E-4 6.94176E-4 6.53273E-4 7.09604E-4 7.40043E-4 8.86983E-4 1.125E-3 1.16871E-3 1.98449E-3 2.06263E-3 2.14328E-3 2.14021E-3 1.36098E-3 1.28463E-3 1.33378E-3 2.25897E-3 2.34463E-3 2.87563E-3 7.66048E-3 1.1702E-2 1.5348E-2 2.04045E-2 2.04155E-2 2.31055E-2 1.89497E-2 2.61754E-2 1.20331E-2 1.09978E-2 1.04119E-2 1.07653E-2 1.17419E-2 1.21499E-2 1.21597E-2 1.15097E-2 1.41277E-2 -9999 -9999 -9999 -9999 -9999 -9999 -9999 -9999 -9999 -9999 -9999 -9999 -9999 -9999 -9999 -9999 -9999 -9999 -9999 -9999 -9999 -9999
7.09238E-4 7.395E-4 6.94417E-4 7.23993E-4 7.54903E-4 7.85636E-4 7.40294E-4 8.86691E-4 9.22567E-4 1.10074E-3 1.26232E-3 2.13966E-3 2.70808E-3 2.81288E-3 2.91638E-3 3.02807E-3 6.65221E-3 1.51078E-2 1.42773E-2 1.73116E-2 1.57929E-2 1.29674E-2 1.86242E-2 2.11081E-2 2.3924E-2 2.61833E-2 2.7041E-2 2.79619E-2 2.79731E-2 3.15048E-2 1.45364E-2 1.33098E-2 1.25866E-2 1.37276E-2 1.41892E-2 1.29888E-2 1.59313E-2 1.64226E-2 -9999 -9999 -9999 -9999 -9999 -9999 -9999 -9999 -9999 -9999 -9999 -9999 -9999 -9999 -9999 -9999 -9999 -9999 -9999 -9999 -9999 -9999 -9999
7.70028E-4 7.54952E-4 7.85795E-4 8.18646E-4 8.53059E-4 8.87108E-4 9.22567E-4 9.9944E-4 1.14453E-3 1.30949E-3 2.81252E-3 6.17287E-3 1.64245E-2 1.4561E-2 1.76518E-2 1.83088E-2 1.89853E-2 1.96817E-2 1.79363E-2 2.03656E-2 2.11143E-2 2.18778E-2 2.47281E-2 2.79619E-2 3.05528E-2 3.43916E-2 3.55111E-2 3.66465E-2 3.62396E-2 3.73746E-2 3.89511E-2 1.74327E-2 1.74276E-2 1.651E-2 1.51482E-2 1.4341E-2 1.89972E-2 -9999 -9999 -9999 -9999 -9999 -9999 -9999 -9999 -9999 -9999 -9999 -9999 -9999 -9999 -9999 -9999 -9999 -9999 -9999 -9999 -9999 -9999 -9999 -9999
8.69985E-4 1.73563E-3 4.37849E-3 4.12843E-3 2.07603E-3 4.64871E-3 5.32209E-3 5.52547E-3 5.74292E-3 1.58176E-2 1.64245E-2 1.76496E-2 1.83088E-2 1.89853E-2 1.89516E-2 1.96502E-2 2.03656E-2 2.11079E-2 2.18337E-2 2.47205E-2 2.79534E-2 3.15139E-2 3.55109E-2 3.63195E-2 3.73961E-2 3.73997E-2 3.85387E-2 3.96445E-2 3.96522E-2 4.08611E-2 3.69475E-2 4.01803E-2 4.02027E-2 3.80037E-2 2.13794E-2 2.02223E-2 -9999 -9999 -9999 -9999 -9999 -9999 -9999 -9999 -9999 -9999 -9999 -9999 -9999 -9999 -9999 -9999 -9999 -9999 -9999 -9999 -9999 -9999 -9999 -9999 -9999
5.34353E-3 5.03601E-3 5.23214E-3 5.6661E-3 6.48109E-3 6.47391E-3 1.13774E-2 1.49362E-2 1.54832E-2 1.76483E-2 1.8311E-2 1.89551E-2 1.96503E-2 2.03656E-2 1.92813E-2 2.18206E-2 2.26105E-2 2.55855E-2 2.88565E-2 3.25405E-2 3.65831E-2 3.28769E-2 3.39133E-2 3.80216E-2 3.90698E-2 3.90771E-2 3.69786E-2 3.69613E-2 3.80497E-2 4.24362E-2 4.72597E-2 5.12339E-2 5.55826E-2 5.6934E-2 -9999 -9999 -9999 -9999 -9999 -9999 -9999 -9999 -9999 -9999 -9999 -9999 -9999 -9999 -9999 -9999 -9999 -9999 -9999 -9999 -9999 -9999 -9999 -9999 -9999 -9999 -9999
6.00512E-3 5.65737E-3 5.88559E-3 6.72556E-3 1.43804E-2 1.49361E-2 1.60713E-2 1.66815E-2 1.72786E-2 1.96442E-2 2.03656E-2 2.10652E-2 2.1827E-2 2.26037E-2 2.33683E-2 2.64046E-2 2.98146E-2 3.65619E-2 3.73095E-2 3.84714E-2 3.4839E-2 2.77563E-2 3.30319E-2 3.68643E-2 3.68258E-2 3.7793E-2 5.14072E-2 4.72938E-2 5.26322E-2 5.83796E-2 4.30236E-2 -9999 -9999 -9999 -9999 -9999 -9999 -9999 -9999 -9999 -9999 -9999 -9999 -9999 -9999 -9999 -9999 -9999 -9999 -9999 -9999 -9999 -9999 -9999 -9999 -9999 -9999 -9999 -9999 -9999 -9999
5.88255E-3 6.1092E-3 1.49297E-2 1.54832E-2 1.60732E-2 1.66529E-2 1.79186E-2 1.85844E-2 1.924E-2 2.18179E-2 2.26077E-2 2.33753E-2 2.642E-2 2.73379E-2 3.0779E-2 3.17841E-2 3.88393E-2 3.95676E-2 3.58873E-2 3.6903E-2 4.12541E-2 3.45187E-2 4.09012E-2 4.18946E-2 4.65533E-2 4.65696E-2 4.77881E-2 4.49106E-2 4.6006E-2 -9999 -9999 -9999 -9999 -9999 -9999 -9999 -9999 -9999 -9999 -9999 -9999 -9999 -9999 -9999 -9999 -9999 -9999 -9999 -9999 -9999 -9999 -9999 -9999 -9999 -9999 -9999 -9999 -9999 -9999 -9999 -9999
5.98165E-3 1.46157E-2 1.66762E-2 1.72786E-2 1.79229E-2 1.85602E-2 1.92423E-2 1.99501E-2 2.25579E-2 2.55185E-2 2.88093E-2 3.35588E-2 2.60466E-2 2.60742E-2 2.56902E-2 4.08239E-2 4.20145E-2 3.7972E-2 3.17894E-2 3.4776E-2 3.63577E-2 -9999 -9999 -9999 -9999 -9999 -9999 -9999 -9999 -9999 -9999 -9999 -9999 -9999 -9999 -9999 -9999 -9999 -9999 -9999 -9999 -9999 -9999 -9999 -9999 -9999 -9999 -9999 -9999 -9999 -9999 -9999 -9999 -9999 -9999 -9999 -9999 -9999 -9999 -9999 -9999
