day_2/Results/Podomys_floridanus/projections/PaleoClim/-21000/RUN_1.asc
ncols         385
nrows         252
xllcorner     -91.50013924285
yllcorner     25.49986064915003
cellsize      0.041666666500000005
NODATA_value  -9999
[rows 135 to 161 of 252, columns 61 to 121 of 385]
4.89308E-4 4.48261E-4 4.08347E-4 4.25237E-4 3.89879E-4 3.09304E-4 3.1871E-4 2.95703E-4 3.44034E-4 3.15275E-4 2.93818E-4 3.06675E-4 3.9581E-4 4.1137E-4 4.79549E-4 4.95113E-4 5.7633E-4 5.95084E-4 5.96955E-4 6.31067E-4 7.18965E-4 7.4324E-4 7.60769E-4 8.46543E-4 7.80625E-4 9.02055E-4 8.78931E-4 5.71425E-4 4.93028E-4 4.41303E-4 3.93194E-4 3.2756E-4 4.16141E-4 2.9817E-4 2.66948E-4 2.75709E-4 3.50716E-4 2.18122E-4 1.72059E-4 2.01183E-4 1.58842E-4 2.05682E-4 1.57716E-4 1.83641E-4 2.30992E-4 2.8871E-4 3.21409E-4 3.99628E-4 4.45791E-4 5.21389E-4 5.99841E-4 1.90717E-3 3.07377E-3 2.66971E-3 2.67012E-3 2.67916E-3 2.97765E-3 2.87958E-3 2.30931E-3 2.38358E-3 2.56996E-3
4.67687E-4 4.83448E-4 4.41357E-4 4.08268E-4 3.74515E-4 3.88469E-4 3.43609E-4 3.56782E-4 3.69466E-4 3.85494E-4 3.95879E-4 3.68967E-4 3.81849E-4 3.9542E-4 4.61658E-4 5.31896E-4 5.54281E-4 6.43223E-4 6.69247E-4 6.64392E-4 7.63829E-4 7.91533E-4 8.10924E-4 8.41937E-4 8.37736E-4 8.27245E-4 7.62028E-4 7.27082E-4 5.87377E-4 5.44163E-4 4.37513E-4 3.52109E-4 3.98916E-4 3.57848E-4 2.68806E-4 2.94994E-4 3.02828E-4 3.02212E-4 2.71746E-4 2.24087E-4 2.0037E-4 2.21563E-4 2.77386E-4 3.08293E-4 3.99552E-4 4.48361E-4 4.01276E-4 4.4997E-4 5.03127E-4 5.04495E-4 1.62236E-3 3.0129E-3 2.9806E-3 3.03923E-3 2.61518E-3 2.90442E-3 3.22912E-3 2.89332E-3 2.8989E-3 2.6079E-3 2.52416E-3
5.04134E-4 5.21458E-4 4.79123E-4 4.40301E-4 4.55137E-4 4.20801E-4 3.85387E-4 3.84032E-4 3.54706E-4 3.69883E-4 3.80859E-4 3.95401E-4 4.15524E-4 4.76818E-4 4.94924E-4 5.76966E-4 5.91972E-4 6.8612E-4 7.16883E-4 7.37403E-4 7.37758E-4 8.48043E-4 8.73708E-4 8.95502E-4 7.98106E-4 6.97015E-4 7.06889E-4 6.28187E-4 5.83621E-4 5.86913E-4 4.65923E-4 4.31292E-4 4.49472E-4 3.95795E-4 4.08954E-4 4.08767E-4 3.63759E-4 3.36678E-4 2.69262E-4 2.68928E-4 3.12599E-4 3.11521E-4 3.45147E-4 4.2995E-4 3.87615E-4 4.34314E-4 4.35055E-4 5.41486E-4 5.41876E-4 1.76602E-3 2.79256E-3 2.95177E-3 3.26602E-3 3.28415E-3 3.18691E-3 3.16042E-3 3.50356E-3 3.15423E-3 3.18403E-3 3.08353E-3 2.74368E-3
5.40322E-4 4.99784E-4 5.7731E-4 5.30412E-4 4.87824E-4 4.49795E-4 4.03191E-4 4.31154E-4 3.83037E-4 4.15523E-4 3.82384E-4 3.97119E-4 4.4742E-4 5.11688E-4 5.32723E-4 6.18609E-4 7.04343E-4 8.12876E-4 9.35724E-4 9.58259E-4 9.02801E-4 8.4655E-4 9.60733E-4 9.00582E-4 8.09384E-4 7.54458E-4 7.53023E-4 6.98354E-4 6.90737E-4 7.1348E-4 6.61413E-4 5.89569E-4 5.29856E-4 4.91594E-4 4.39327E-4 4.08567E-4 3.66379E-4 3.27055E-4 3.38225E-4 3.36807E-4 3.3726E-4 3.73688E-4 4.18558E-4 5.3774E-4 4.70345E-4 4.89613E-4 5.4527E-4 6.08348E-4 6.08009E-4 3.19814E-3 3.48484E-3 3.89475E-3 3.89924E-3 3.89639E-3 4.19976E-3 4.18741E-3 4.98009E-3 4.18566E-3 4.18892E-3 4.77799E-3 4.31934E-3
6.54354E-4 6.00172E-4 6.17775E-4 5.6345E-4 5.80746E-4 6.04831E-4 5.52564E-4 5.11473E-4 5.32481E-4 5.48093E-4 5.0729E-4 5.30261E-4 5.51195E-4 6.31847E-4 7.27124E-4 7.4834E-4 8.6662E-4 9.95032E-4 1.02385E-3 1.05573E-3 1.09218E-3 9.78047E-4 9.28637E-4 9.65837E-4 9.87864E-4 9.88501E-4 9.15614E-4 8.50355E-4 7.64069E-4 7.18765E-4 6.47255E-4 5.92637E-4 5.90044E-4 5.28668E-4 4.93768E-4 4.36354E-4 4.50935E-4 4.05238E-4 3.63785E-4 3.66243E-4 4.11397E-4 4.70506E-4 5.22452E-4 5.2289E-4 5.86657E-4 5.86894E-4 6.52524E-4 6.75166E-4 2.46411E-3 5.11188E-3 5.14013E-3 5.46941E-3 5.50399E-3 5.54569E-3 5.5884E-3 5.32114E-3 5.81641E-3 5.90729E-3 5.93946E-3 5.71105E-3 5.15065E-3
7.05721E-4 6.43325E-4 6.63534E-4 6.0721E-4 6.27263E-4 6.52523E-4 5.96444E-4 5.55011E-4 5.7677E-4 5.26543E-4 5.4847E-4 6.36541E-4 6.55297E-4 7.79335E-4 8.0736E-4 9.26513E-4 9.53817E-4 1.10383E-3 1.08996E-3 1.12409E-3 1.29151E-3 1.19679E-3 1.02413E-3 1.02469E-3 9.55755E-4 9.83075E-4 9.77086E-4 9.13964E-4 8.49898E-4 7.66125E-4 7.14088E-4 6.36357E-4 5.93725E-4 5.32248E-4 5.45041E-4 5.43807E-4 4.88091E-4 4.87199E-4 4.88268E-4 4.59882E-4 5.12986E-4 5.64119E-4 6.30332E-4 6.30716E-4 6.31317E-4 6.34835E-4 7.08311E-4 8.37429E-4 4.32746E-3 6.54496E-3 8.05422E-3 8.92487E-3 8.01811E-3 7.80416E-3 7.8636E-3 7.15691E-3 6.92411E-3 6.90224E-3 6.9971E-3 7.00818E-3 6.12278E-3
7.57248E-4 6.91413E-4 7.11839E-4 7.38153E-4 6.75659E-4 6.26396E-4 6.63556E-4 6.67011E-4 6.40172E-4 6.56226E-4 6.82431E-4 7.06214E-4 7.28606E-4 8.37678E-4 8.70568E-4 9.93125E-4 1.01903E-3 1.17643E-3 1.20263E-3 1.22155E-3 1.25039E-3 1.08724E-3 1.08941E-3 1.12675E-3 1.05883E-3 1.0455E-3 1.08142E-3 1.00729E-3 9.05399E-4 8.42138E-4 7.5556E-4 7.05948E-4 6.33921E-4 6.52727E-4 5.85628E-4 5.24552E-4 4.89187E-4 4.91706E-4 6.06825E-4 6.09071E-4 6.08412E-4 6.32457E-4 6.36385E-4 6.8285E-4 7.58708E-4 7.84845E-4 8.70671E-4 1.22461E-3 2.04318E-2 2.49812E-2 2.74133E-2 2.93284E-2 2.66094E-2 1.15665E-2 1.16484E-2 1.16144E-2 9.18255E-3 9.20419E-3 8.90158E-3 8.91319E-3 8.93653E-3
7.27716E-4 6.76885E-4 6.19806E-4 7.15741E-4 6.52784E-4 7.00462E-4 7.11647E-4 7.37562E-4 7.63905E-4 7.85087E-4 8.11427E-4 8.45439E-4 8.67961E-4 8.94596E-4 9.2886E-4 1.05729E-3 1.09623E-3 1.25198E-3 1.24481E-3 1.12302E-3 1.13249E-3 1.15962E-3 1.19972E-3 1.2055E-3 1.12843E-3 1.04493E-3 1.04106E-3 1.0804E-3 9.99745E-4 8.95644E-4 8.357E-4 7.55727E-4 7.0785E-4 7.00137E-4 6.4912E-4 5.84343E-4 5.28811E-4 5.91914E-4 6.83013E-4 6.78812E-4 7.50495E-4 8.26073E-4 8.34183E-4 8.39323E-4 9.32636E-4 9.35158E-4 1.07737E-3 4.64867E-3 2.72411E-2 2.95236E-2 3.24082E-2 3.243E-2 2.97381E-2 2.79718E-2 2.81905E-2 1.23062E-2 1.07493E-2 9.8137E-3 9.92006E-3 9.56351E-3 1.04524E-2
7.7674E-4 8.08434E-4 6.75979E-4 6.20694E-4 7.39007E-4 7.55203E-4 7.73689E-4 7.92318E-4 8.21869E-4 8.68038E-4 8.94757E-4 1.02547E-3 1.05656E-3 1.09566E-3 1.24413E-3 1.27502E-3 1.30297E-3 1.2054E-3 1.17903E-3 1.20393E-3 1.24903E-3 1.23345E-3 1.41197E-3 1.32932E-3 1.36969E-3 1.26738E-3 1.27122E-3 1.18829E-3 1.0644E-3 1.10004E-3 9.29027E-4 9.28189E-4 8.35532E-4 7.74149E-4 7.73248E-4 7.02239E-4 7.2663E-4 7.30696E-4 7.32714E-4 8.15596E-4 8.1177E-4 9E-4 9.92873E-4 1.0031E-3 1.0346E-3 1.03916E-3 1.12767E-3 5.60427E-3 3.21639E-2 3.515E-2 3.31983E-2 3.31107E-2 3.20071E-2 3.45588E-2 3.39783E-2 3.09102E-2 1.43369E-2 1.43623E-2 1.2549E-2 1.14934E-2 1.11491E-2
8.68109E-4 8.97822E-4 8.04584E-4 6.93817E-4 7.92342E-4 8.12754E-4 8.30976E-4 8.82506E-4 9.15222E-4 9.3183E-4 9.64806E-4 1.09429E-3 1.1302E-3 1.33834E-3 1.32342E-3 1.17096E-3 1.36481E-3 1.37E-3 1.41165E-3 1.42E-3 1.45071E-3 1.68473E-3 1.73198E-3 1.62148E-3 1.66877E-3 1.34875E-3 1.25823E-3 1.26939E-3 1.17468E-3 1.09464E-3 9.92476E-4 8.98886E-4 9.33124E-4 8.27666E-4 8.55159E-4 8.62777E-4 8.66605E-4 9.622E-4 8.75337E-4 8.80124E-4 1.00804E-3 9.98539E-4 1.21787E-3 1.26893E-3 1.25914E-3 1.18026E-3 4.57947E-3 8.76607E-3 -9999 -9999 -9999 3.50373E-2 3.82267E-2 3.71286E-2 4.09291E-2 3.9502E-2 3.61359E-2 3.25784E-2 3.17082E-2 3.19836E-2 1.61554E-2
1.03644E-3 9.57288E-4 8.89953E-4 8.31574E-4 8.51951E-4 8.80075E-4 9.24787E-4 9.48023E-4 9.8167E-4 1.00066E-3 1.06359E-3 1.15308E-3 1.16504E-3 1.21789E-3 1.20602E-3 1.24518E-3 1.28858E-3 1.45533E-3 1.50681E-3 1.74073E-3 1.60064E-3 1.84787E-3 1.91261E-3 1.73257E-3 1.77173E-3 1.48785E-3 1.35391E-3 1.26629E-3 1.29668E-3 1.17045E-3 1.09531E-3 1.09826E-3 9.92486E-4 9.23285E-4 1.02171E-3 1.02422E-3 1.06077E-3 1.06424E-3 1.07303E-3 1.1879E-3 1.17359E-3 1.47251E-3 1.66015E-3 2.021E-3 1.68924E-3 1.86414E-3 1.76785E-2 -9999 -9999 -9999 -9999 -9999 3.59679E-2 4.0311E-2 3.92573E-2 4.31781E-2 4.21974E-2 4.14389E-2 3.47073E-2 3.77238E-2 3.37558E-2
1.10239E-3 1.03076E-3 9.48223E-4 8.90659E-4 9.41905E-4 9.71438E-4 9.9258E-4 1.01134E-3 1.06313E-3 9.84718E-4 1.03793E-3 1.10355E-3 1.09533E-3 1.30148E-3 1.32696E-3 1.37488E-3 1.41693E-3 1.6068E-3 1.65363E-3 1.91851E-3 1.95849E-3 1.59818E-3 1.64902E-3 1.70152E-3 1.58196E-3 1.43565E-3 1.4834E-3 1.39876E-3 1.38226E-3 1.29193E-3 1.28571E-3 1.21266E-3 1.10287E-3 1.0901E-3 1.24013E-3 1.24858E-3 1.24941E-3 1.25471E-3 1.39849E-3 1.42884E-3 1.60962E-3 1.76972E-3 1.99674E-3 2.06575E-3 6.11175E-3 -9999 -9999 -9999 -9999 -9999 -9999 -9999 -9999 4.16114E-2 4.63698E-2 4.50624E-2 4.11398E-2 4.06585E-2 3.65733E-2 3.70281E-2 3.59974E-2
1.08783E-3 1.1345E-3 1.04697E-3 9.81307E-4 1.00464E-3 1.01324E-3 1.02144E-3 1.01077E-3 1.02904E-3 9.79392E-4 1.0316E-3 1.18587E-3 1.34463E-3 1.38416E-3 1.41831E-3 1.45922E-3 1.51132E-3 1.54529E-3 1.6091E-3 1.65388E-3 1.69198E-3 1.74842E-3 1.63673E-3 1.64766E-3 1.5315E-3 1.57569E-3 1.63154E-3 1.47998E-3 1.51689E-3 1.38173E-3 1.42502E-3 1.28978E-3 1.33772E-3 1.33348E-3 1.45883E-3 1.47294E-3 1.52418E-3 1.53107E-3 1.73541E-3 1.87916E-3 2.13763E-3 1.94832E-3 1.56495E-3 1.43434E-3 -9999 -9999 -9999 -9999 -9999 -9999 -9999 -9999 -9999 -9999 4.36381E-2 5.27913E-2 5.15956E-2 5.05622E-2 4.5984E-2 4.65651E-2 4.23903E-2
1.16479E-3 1.20773E-3 1.1157E-3 9.99395E-4 9.70811E-4 9.59262E-4 9.79062E-4 9.88649E-4 1.04346E-3 1.19625E-3 1.10596E-3 1.26191E-3 1.29095E-3 1.52376E-3 1.55152E-3 1.60729E-3 1.65372E-3 1.69808E-3 1.75844E-3 1.81227E-3 1.81554E-3 1.86164E-3 1.74081E-3 1.79753E-3 1.86875E-3 1.6818E-3 1.92924E-3 2.00077E-3 1.60927E-3 1.50948E-3 1.50854E-3 1.42784E-3 1.43457E-3 1.76954E-3 2.17035E-3 1.77344E-3 1.78874E-3 1.84911E-3 2.01997E-3 2.75396E-3 5.84316E-3 6.39821E-3 2.4437E-3 2.13628E-3 -9999 -9999 -9999 -9999 -9999 -9999 -9999 -9999 -9999 -9999 -9999 5.41777E-2 5.43268E-2 5.89322E-2 5.30137E-2 4.88E-2 5.25655E-2
1.25779E-3 1.30309E-3 1.13079E-3 9.33042E-4 9.61257E-4 9.95457E-4 1.05183E-3 1.09155E-3 1.11755E-3 1.15635E-3 1.34648E-3 1.39173E-3 1.42268E-3 1.61618E-3 1.65524E-3 1.70096E-3 1.76326E-3 1.79971E-3 1.86316E-3 1.91981E-3 1.9969E-3 1.85052E-3 2.13083E-3 1.98352E-3 1.9578E-3 1.84078E-3 2.1267E-3 2.12235E-3 1.76066E-3 1.61164E-3 1.67024E-3 1.82896E-3 1.84852E-3 1.84783E-3 2.00382E-3 1.91855E-3 1.76742E-3 1.82664E-3 1.87973E-3 3.4264E-3 7.47149E-3 7.45124E-3 -9999 -9999 -9999 -9999 -9999 -9999 -9999 -9999 -9999 -9999 -9999 -9999 -9999 -9999 -9999 6.07983E-2 6.50726E-2 6.51695E-2 5.883E-2
1.14256E-3 1.05324E-3 1.07733E-3 1.10532E-3 1.06611E-3 1.0927E-3 1.135E-3 1.15992E-3 1.22704E-3 1.27202E-3 1.43703E-3 1.47367E-3 1.55624E-3 1.77459E-3 1.81385E-3 1.87292E-3 1.92997E-3 2.20559E-3 2.03423E-3 2.12122E-3 1.98215E-3 2.01709E-3 2.26688E-3 2.34347E-3 1.97515E-3 2.24944E-3 2.25348E-3 2.25694E-3 2.05547E-3 2.0982E-3 1.88352E-3 2.13508E-3 2.14679E-3 2.23328E-3 2.0566E-3 1.88596E-3 1.97844E-3 1.85913E-3 1.669E-3 7.3143E-3 -9999 -9999 -9999 -9999 -9999 -9999 -9999 -9999 -9999 -9999 -9999 -9999 -9999 -9999 -9999 -9999 -9999 -9999 -9999 6.82139E-2 6.81895E-2
1.21787E-3 1.14238E-3 1.18642E-3 1.20831E-3 1.25466E-3 1.16504E-3 1.24629E-3 1.27707E-3 1.32583E-3 1.22895E-3 1.57368E-3 1.61623E-3 1.82621E-3 1.87515E-3 1.94829E-3 1.99241E-3 2.11834E-3 2.40632E-3 2.42415E-3 2.03819E-3 2.0987E-3 2.40231E-3 2.46722E-3 2.47652E-3 2.26354E-3 2.31446E-3 2.39187E-3 2.17744E-3 2.47049E-3 2.6819E-3 2.79494E-3 2.28547E-3 2.37481E-3 2.41189E-3 2.47785E-3 2.28872E-3 2.21383E-3 5.54348E-3 1.03781E-2 1.37362E-2 -9999 -9999 -9999 -9999 -9999 -9999 -9999 -9999 -9999 -9999 -9999 -9999 -9999 -9999 -9999 -9999 -9999 -9999 -9999 -9999 7.72307E-2
1.17345E-3 1.25634E-3 1.28691E-3 1.20644E-3 1.36154E-3 1.2776E-3 1.32991E-3 1.35812E-3 1.32144E-3 1.35513E-3 1.72667E-3 1.95291E-3 1.80682E-3 2.05976E-3 2.11884E-3 1.97742E-3 2.23508E-3 2.59049E-3 2.63893E-3 2.22079E-3 2.23203E-3 2.54018E-3 2.62693E-3 2.38993E-3 2.4644E-3 2.62031E-3 2.58826E-3 2.64195E-3 2.68163E-3 3.2623E-3 9.48486E-3 7.98387E-3 8.35561E-3 1.12652E-2 1.27321E-2 1.53643E-2 1.48756E-2 1.41852E-2 1.34753E-2 1.61141E-2 -9999 -9999 -9999 -9999 -9999 -9999 -9999 -9999 -9999 -9999 -9999 -9999 -9999 -9999 -9999 -9999 -9999 -9999 -9999 -9999 -9999
1.28881E-3 1.33349E-3 1.23639E-3 1.27782E-3 1.37197E-3 1.40733E-3 1.31612E-3 1.35325E-3 1.40315E-3 1.63206E-3 1.82594E-3 2.10973E-3 2.17045E-3 2.24225E-3 2.32059E-3 2.40756E-3 2.49268E-3 2.49371E-3 2.4591E-3 2.55443E-3 2.63345E-3 2.51033E-3 2.98031E-3 2.93063E-3 7.35238E-3 8.18518E-3 1.3157E-2 1.313E-2 1.90999E-2 1.95379E-2 1.81228E-2 1.85997E-2 1.88494E-2 1.7888E-2 1.83172E-2 1.85862E-2 1.8791E-2 1.672E-2 1.86336E-2 1.984E-2 -9999 -9999 -9999 -9999 -9999 -9999 -9999 -9999 -9999 -9999 -9999 -9999 -9999 -9999 -9999 -9999 -9999 -9999 -9999 -9999 -9999
1.41067E-3 1.4626E-3 1.3513E-3 1.40155E-3 1.44916E-3 1.48885E-3 1.401E-3 1.48255E-3 1.53464E-3 1.77884E-3 2.17304E-3 2.47489E-3 2.54644E-3 2.64212E-3 2.72417E-3 2.71151E-3 2.83067E-3 2.62747E-3 2.88411E-3 2.95105E-3 3.21647E-3 7.60386E-3 1.56855E-2 1.30298E-2 2.19371E-2 2.98449E-2 3.74233E-2 4.15938E-2 2.28082E-2 4.67698E-2 2.12613E-2 1.98559E-2 1.90041E-2 1.95917E-2 2.13392E-2 2.20221E-2 2.21925E-2 2.12572E-2 2.52796E-2 -9999 -9999 -9999 -9999 -9999 -9999 -9999 -9999 -9999 -9999 -9999 -9999 -9999 -9999 -9999 -9999 -9999 -9999 -9999 -9999 -9999 -9999
1.54646E-3 1.59702E-3 1.4823E-3 1.52695E-3 1.58763E-3 1.62351E-3 1.53348E-3 1.78701E-3 1.82433E-3 2.10052E-3 2.65214E-3 2.7367E-3 5.26268E-3 5.50307E-3 5.65592E-3 5.80083E-3 1.6118E-2 2.56432E-2 2.49925E-2 2.56766E-2 2.94719E-2 1.61077E-2 2.72726E-2 3.793E-2 4.2405E-2 4.61804E-2 4.69541E-2 4.84839E-2 4.91336E-2 5.42955E-2 2.75941E-2 2.34552E-2 2.23208E-2 2.41908E-2 2.52702E-2 2.31418E-2 2.77273E-2 2.80811E-2 -9999 -9999 -9999 -9999 -9999 -9999 -9999 -9999 -9999 -9999 -9999 -9999 -9999 -9999 -9999 -9999 -9999 -9999 -9999 -9999 -9999 -9999 -9999
1.63196E-3 1.58208E-3 1.61052E-3 1.67357E-3 1.73746E-3 1.85432E-3 1.82619E-3 1.9667E-3 2.20223E-3 2.89429E-3 5.86821E-3 1.57461E-2 3.10954E-2 2.657E-2 3.24358E-2 3.40028E-2 3.49355E-2 3.58029E-2 3.2365E-2 3.64453E-2 3.75944E-2 3.87026E-2 4.275E-2 4.7609E-2 5.18601E-2 5.73783E-2 5.91022E-2 6.12655E-2 6.54193E-2 6.79844E-2 6.51057E-2 2.90226E-2 2.93093E-2 2.82454E-2 2.66155E-2 2.53483E-2 3.16259E-2 -9999 -9999 -9999 -9999 -9999 -9999 -9999 -9999 -9999 -9999 -9999 -9999 -9999 -9999 -9999 -9999 -9999 -9999 -9999 -9999 -9999 -9999 -9999 -9999
2.09084E-3 4.95093E-3 8.37175E-3 8.10707E-3 5.90748E-3 8.5523E-3 9.81914E-3 1.17337E-2 1.20271E-2 3.09197E-2 3.10855E-2 3.30157E-2 3.40055E-2 3.49094E-2 3.45672E-2 3.54866E-2 3.6393E-2 3.74712E-2 3.80542E-2 4.25094E-2 4.76635E-2 5.25977E-2 5.81196E-2 6.45549E-2 6.55944E-2 6.60886E-2 6.88501E-2 7.06599E-2 7.11553E-2 7.31943E-2 6.92777E-2 7.4114E-2 7.52205E-2 5.73789E-2 3.50783E-2 3.3466E-2 -9999 -9999 -9999 -9999 -9999 -9999 -9999 -9999 -9999 -9999 -9999 -9999 -9999 -9999 -9999 -9999 -9999 -9999 -9999 -9999 -9999 -9999 -9999 -9999 -9999
1.14041E-2 1.06606E-2 1.08543E-2 1.15604E-2 1.29479E-2 1.41886E-2 1.49157E-2 2.89962E-2 2.94584E-2 3.30382E-2 3.38522E-2 3.45451E-2 3.56759E-2 3.65597E-2 3.44581E-2 3.81781E-2 3.91302E-2 4.36631E-2 4.80091E-2 5.31589E-2 5.82346E-2 4.94579E-2 5.07275E-2 5.66558E-2 5.7492E-2 7.03341E-2 6.7614E-2 6.78943E-2 7.05392E-2 7.65211E-2 8.31569E-2 8.87578E-2 9.55147E-2 9.71075E-2 -9999 -9999 -9999 -9999 -9999 -9999 -9999 -9999 -9999 -9999 -9999 -9999 -9999 -9999 -9999 -9999 -9999 -9999 -9999 -9999 -9999 -9999 -9999 -9999 -9999 -9999 -9999
1.22293E-2 1.14199E-2 1.31332E-2 1.46019E-2 2.81313E-2 2.88391E-2 3.01445E-2 3.11108E-2 3.16419E-2 3.55306E-2 3.63092E-2 3.68118E-2 3.79837E-2 3.88811E-2 3.9564E-2 4.42332E-2 4.92508E-2 5.84589E-2 5.25119E-2 5.44571E-2 5.18114E-2 2.24083E-2 2.61306E-2 2.87279E-2 2.86077E-2 2.95098E-2 8.86951E-2 8.2531E-2 9.09661E-2 8.14944E-2 3.3346E-2 -9999 -9999 -9999 -9999 -9999 -9999 -9999 -9999 -9999 -9999 -9999 -9999 -9999 -9999 -9999 -9999 -9999 -9999 -9999 -9999 -9999 -9999 -9999 -9999 -9999 -9999 -9999 -9999 -9999 -9999
1.30967E-2 1.33029E-2 2.89621E-2 2.92331E-2 2.99613E-2 3.05941E-2 3.24116E-2 3.33356E-2 3.37962E-2 3.79091E-2 3.89732E-2 3.9601E-2 4.43496E-2 4.54519E-2 5.01022E-2 5.16989E-2 6.12494E-2 6.69942E-2 5.30742E-2 5.40543E-2 5.99256E-2 2.68696E-2 3.08939E-2 3.12597E-2 3.40189E-2 3.42419E-2 3.62514E-2 3.39396E-2 3.47129E-2 -9999 -9999 -9999 -9999 -9999 -9999 -9999 -9999 -9999 -9999 -9999 -9999 -9999 -9999 -9999 -9999 -9999 -9999 -9999 -9999 -9999 -9999 -9999 -9999 -9999 -9999 -9999 -9999 -9999 -9999 -9999 -9999
1.14959E-2 2.7687E-2 3.07916E-2 3.14224E-2 3.21923E-2 3.2768E-2 3.36937E-2 3.47044E-2 3.83371E-2 4.27039E-2 4.71701E-2 4.4095E-2 1.8404E-2 2.04507E-2 2.09723E-2 5.66308E-2 5.83909E-2 5.52198E-2 2.49235E-2 2.73415E-2 2.80205E-2 -9999 -9999 -9999 -9999 -9999 -9999 -9999 -9999 -9999 -9999 -9999 -9999 -9999 -9999 -9999 -9999 -9999 -9999 -9999 -9999 -9999 -9999 -9999 -9999 -9999 -9999 -9999 -9999 -9999 -9999 -9999 -9999 -9999 -9999 -9999 -9999 -9999 -9999 -9999 -9999
