day_2/Results/Podomys_floridanus/projections/PaleoClim/-21000/RUN_2.asc
ncols         385
nrows         252
xllcorner     -91.50013924285
yllcorner     25.49986064915003
cellsize      0.041666666500000005
NODATA_value  -9999
[rows 54 to 80 of 252, columns 0 to 60 of 385]
3.52834E-3 4.30717E-3 4.7477E-3 5.236E-3 5.41456E-3 6.07345E-3 6.62884E-3 7.25313E-3 5.43599E-3 5.14047E-3 5.68704E-3 6.56989E-3 6.63489E-3 6.32371E-3 7.24724E-3 7.45768E-3 6.8454E-3 6.90618E-3 7.12242E-3 7.08441E-3 7.266E-3 7.25323E-3 7.25292E-3 7.11046E-3 7.08471E-3 7.10797E-3 6.67872E-3 3.18298E-3 5.75967E-3 5.76987E-3 8.3251E-3 8.36942E-3 5.20495E-3 3.9795E-3 4.06293E-3 2.83834E-3 2.92349E-3 3.34748E-3 2.88189E-3 2.84139E-3 9.8986E-3 6.85997E-3 2.62074E-3 2.59628E-3 3.00281E-3 3.01526E-3 3.07177E-3 7.85659E-3 7.88453E-3 7.51296E-3 3.84302E-3 3.31799E-3 4.90166E-3 3.54568E-3 7.1183E-3 7.90724E-3 6.92946E-3 3.38274E-3 4.53784E-3 8.75578E-3 8.83842E-3
3.54804E-3 4.32966E-3 4.40613E-3 4.81999E-3 5.30602E-3 5.99578E-3 4.35076E-3 6.74058E-3 5.49462E-3 5.70372E-3 6.20108E-3 6.11349E-3 6.74808E-3 6.40297E-3 7.01173E-3 7.41457E-3 6.90168E-3 7.09109E-3 7.23514E-3 7.17016E-3 7.2138E-3 7.13608E-3 7.05901E-3 7.15717E-3 7.27539E-3 6.59522E-3 6.67705E-3 6.14113E-3 6.05269E-3 6.02744E-3 6.0396E-3 8.41491E-3 2.89067E-3 4.05219E-3 3.52667E-3 2.43787E-3 2.37359E-3 2.95029E-3 2.31288E-3 2.6854E-3 2.75083E-3 7.28742E-3 7.25935E-3 3.19451E-3 2.9387E-3 3.06621E-3 2.41886E-3 2.81059E-3 3.45972E-3 9.89332E-3 8.49953E-3 8.16361E-3 3.33001E-3 3.33342E-3 3.45004E-3 6.85052E-3 3.735E-3 6.93571E-3 4.51761E-3 4.24305E-3 7.04901E-3
3.61369E-3 3.96232E-3 4.46431E-3 4.99374E-3 5.50614E-3 5.96428E-3 4.35746E-3 4.43296E-3 4.89657E-3 5.3137E-3 5.45579E-3 5.51644E-3 5.96906E-3 6.47554E-3 6.00519E-3 6.90013E-3 6.93824E-3 7.07885E-3 7.15665E-3 7.14403E-3 7.17028E-3 7.15733E-3 7.20926E-3 7.32858E-3 7.30192E-3 6.67743E-3 6.68582E-3 6.1633E-3 6.62577E-3 2.10506E-3 6.06952E-3 6.04883E-3 5.5291E-3 5.57612E-3 3.53939E-3 2.41231E-3 2.92141E-3 3.04661E-3 2.8678E-3 2.25071E-3 2.40901E-3 9.59727E-3 6.67279E-3 2.96311E-3 3.19563E-3 9.54268E-3 3.23149E-3 3.47972E-3 2.61814E-3 2.97912E-3 3.75138E-3 8.44238E-3 8.08272E-3 3.13089E-3 3.25369E-3 3.49356E-3 3.17355E-3 3.43563E-3 4.16395E-3 4.5712E-3 4.21254E-3
3.59624E-3 3.97919E-3 4.49753E-3 5.0032E-3 5.09798E-3 6.11951E-3 6.12513E-3 4.48385E-3 4.7735E-3 4.59249E-3 5.40352E-3 5.41641E-3 5.95789E-3 6.39141E-3 5.99419E-3 6.14833E-3 6.21696E-3 6.33178E-3 6.26327E-3 7.18326E-3 6.36729E-3 7.26251E-3 7.19682E-3 7.28856E-3 7.14467E-3 7.22042E-3 6.68798E-3 6.13005E-3 6.19251E-3 6.22658E-3 5.57023E-3 5.53641E-3 5.97096E-3 5.50755E-3 3.07476E-3 2.48818E-3 2.23536E-3 2.27594E-3 2.41988E-3 2.37732E-3 2.22933E-3 2.4715E-3 8.23887E-3 6.72652E-3 2.76429E-3 2.54222E-3 2.72579E-3 2.55008E-3 2.63036E-3 2.58829E-3 2.94921E-3 3.16583E-3 2.85177E-3 6.93255E-3 3.0913E-3 3.70741E-3 3.18693E-3 2.75497E-3 6.65593E-3 7.01442E-3 7.58859E-3
3.71188E-3 4.06332E-3 4.56716E-3 5.05096E-3 5.12641E-3 5.64165E-3 6.20154E-3 4.50739E-3 4.90841E-3 4.9304E-3 5.38873E-3 5.42006E-3 5.9822E-3 5.86264E-3 6.05823E-3 6.12623E-3 6.22838E-3 6.22712E-3 6.26131E-3 6.34204E-3 6.36568E-3 6.37918E-3 6.37887E-3 6.34433E-3 6.34224E-3 5.82113E-3 5.95922E-3 6.16137E-3 6.19283E-3 6.19076E-3 6.11395E-3 5.61649E-3 5.55387E-3 5.55228E-3 3.08613E-3 2.45337E-3 2.1552E-3 2.13171E-3 2.25196E-3 2.06943E-3 1.8797E-3 1.58342E-3 2.26513E-3 2.72343E-3 2.51435E-3 2.26916E-3 2.66317E-3 2.54791E-3 2.3533E-3 2.72315E-3 3.49936E-3 3.06287E-3 3.07443E-3 6.9324E-3 3.12131E-3 3.26518E-3 3.26636E-3 2.63999E-3 3.40658E-3 4.26121E-3 4.21966E-3
3.39551E-3 4.15321E-3 4.57608E-3 4.59607E-3 5.15678E-3 5.67518E-3 5.87699E-3 6.24968E-3 4.58544E-3 5.34656E-3 5.44866E-3 5.44031E-3 5.51057E-3 5.97148E-3 5.98595E-3 6.15328E-3 6.26659E-3 5.79962E-3 5.79331E-3 5.80854E-3 5.85126E-3 6.36404E-3 6.26383E-3 6.35378E-3 5.78923E-3 5.88354E-3 5.86234E-3 5.52178E-3 5.47858E-3 5.627E-3 6.04403E-3 5.63652E-3 5.60467E-3 2.93709E-3 2.25345E-3 2.58559E-3 2.74147E-3 2.8377E-3 2.83219E-3 2.61162E-3 2.19613E-3 2.03777E-3 1.81246E-3 1.98851E-3 1.98329E-3 2.45234E-3 2.65136E-3 2.71311E-3 2.19704E-3 2.54905E-3 3.50951E-3 3.03429E-3 1.00795E-2 3.80831E-3 3.30112E-3 3.18992E-3 3.39575E-3 3.21259E-3 3.09744E-3 4.25117E-3 3.90524E-3
3.77674E-3 4.18009E-3 4.61984E-3 5.11867E-3 5.20491E-3 5.25528E-3 5.92203E-3 6.34701E-3 4.91786E-3 5.01442E-3 5.09001E-3 5.47111E-3 5.45066E-3 5.49073E-3 6.03792E-3 6.09582E-3 5.74112E-3 5.86795E-3 5.87922E-3 5.82385E-3 5.84519E-3 5.86673E-3 6.39408E-3 5.84869E-3 5.84678E-3 5.90348E-3 5.88236E-3 5.46997E-3 4.93545E-3 4.8961E-3 4.86942E-3 4.87833E-3 4.91247E-3 5.30475E-3 2.48607E-3 2.52281E-3 2.53703E-3 2.26717E-3 2.26392E-3 2.52025E-3 2.16429E-3 1.84065E-3 2.24077E-3 1.93736E-3 2.29495E-3 2.44957E-3 2.86843E-3 2.70427E-3 2.37547E-3 2.79546E-3 2.94119E-3 3.52883E-3 2.81547E-3 3.0109E-3 2.62319E-3 2.60862E-3 2.84149E-3 2.56951E-3 8.7521E-3 3.89136E-3 3.86159E-3
3.46684E-3 4.18564E-3 4.26026E-3 4.34846E-3 4.76161E-3 5.2926E-3 5.39513E-3 6.41227E-3 6.53916E-3 4.90266E-3 5.10571E-3 5.08078E-3 5.55249E-3 5.54411E-3 5.59597E-3 5.68061E-3 5.80648E-3 5.85175E-3 5.86666E-3 5.37824E-3 5.4066E-3 5.39694E-3 5.93031E-3 5.88863E-3 5.84526E-3 5.38801E-3 5.44619E-3 4.99444E-3 5.36786E-3 4.84452E-3 4.90502E-3 4.93058E-3 6.78131E-3 2.55637E-3 2.08576E-3 2.18148E-3 2.30716E-3 2.79217E-3 2.05476E-3 1.8741E-3 1.98987E-3 2.228E-3 2.11057E-3 2.22715E-3 2.64129E-3 2.24999E-3 7.62221E-3 2.70369E-3 2.48825E-3 2.88725E-3 2.77199E-3 2.64711E-3 8.98651E-3 3.16384E-3 3.20134E-3 9.05232E-3 9.73823E-3 2.91357E-3 6.51328E-3 3.8576E-3 3.59387E-3
3.48849E-3 3.88633E-3 4.31637E-3 4.35704E-3 4.83325E-3 5.27727E-3 5.91566E-3 5.46738E-3 6.52357E-3 4.98363E-3 6.61586E-3 5.05796E-3 5.09818E-3 5.15542E-3 5.30063E-3 5.6676E-3 5.22584E-3 5.74123E-3 5.37169E-3 5.41017E-3 5.48091E-3 5.53225E-3 5.44534E-3 5.40504E-3 5.36568E-3 5.39502E-3 5.39472E-3 4.92938E-3 4.95247E-3 4.96391E-3 4.90324E-3 6.77639E-3 3.07791E-3 9.10369E-4 8.72143E-4 7.37667E-4 2.70133E-4 2.44763E-4 1.74464E-3 1.85507E-3 2.18959E-3 2.61751E-3 2.08554E-3 2.21605E-3 7.47364E-3 2.61465E-3 2.26605E-3 2.2597E-3 2.68621E-3 2.34177E-3 2.37322E-3 2.97659E-3 2.22439E-3 2.93592E-3 2.59214E-3 1.97944E-3 8.74175E-3 8.79326E-3 6.39201E-3 5.88109E-3 5.91807E-3
3.53477E-3 3.95117E-3 3.99856E-3 4.44773E-3 4.96299E-3 5.3686E-3 5.412E-3 5.93983E-3 6.49097E-3 6.0552E-3 6.56766E-3 4.66006E-3 4.70479E-3 4.80224E-3 4.89125E-3 5.22578E-3 5.24641E-3 5.29521E-3 4.94904E-3 4.92519E-3 4.99854E-3 5.08083E-3 5.00813E-3 4.95974E-3 5.05024E-3 5.00232E-3 4.88218E-3 7.29264E-3 9.46463E-3 3.8188E-3 1.16648E-3 1.06729E-3 1.82503E-4 1.60075E-4 1.74789E-4 1.29365E-4 1.17271E-4 1.04128E-4 1.08493E-4 2.18063E-4 2.93853E-4 9.56628E-4 2.04912E-3 6.254E-3 2.22128E-3 1.48656E-3 2.40164E-3 2.25667E-3 2.07881E-3 1.98006E-3 2.16608E-3 2.67175E-3 2.19388E-3 1.9905E-3 2.19096E-3 2.00567E-3 8.85675E-3 5.9207E-3 6.88789E-3 6.457E-3 5.983E-3
3.62319E-3 3.63561E-3 4.05635E-3 4.07435E-3 4.51675E-3 4.9465E-3 5.48141E-3 5.89842E-3 5.65085E-3 6.06859E-3 6.70623E-3 4.70274E-3 4.73128E-3 4.82742E-3 6.83325E-3 4.845E-3 4.86427E-3 4.82828E-3 4.89137E-3 4.94745E-3 4.99696E-3 6.90022E-3 4.94186E-3 7.54031E-3 9.46117E-3 7.58849E-3 8.05197E-4 9.57678E-4 8.76418E-4 8.32131E-4 8.24453E-4 7.54173E-4 1.48687E-4 1.2077E-4 1.44069E-4 1.5734E-4 1.42043E-4 1.14604E-4 9.45343E-5 1.23927E-4 1.62742E-4 1.2445E-4 5.92894E-4 6.21194E-4 1.21169E-4 1.43375E-4 2.56284E-4 7.81599E-4 9.52695E-4 8.09638E-4 8.62094E-4 1.14669E-3 1.98287E-3 2.14875E-3 1.96429E-3 2.14787E-3 2.41642E-3 7.384E-3 6.43577E-3 4.03038E-3 3.79277E-3
3.31519E-3 3.69746E-3 3.71552E-3 4.108E-3 4.62446E-3 5.0131E-3 5.43953E-3 5.48197E-3 5.52509E-3 6.19149E-3 6.19412E-3 6.69397E-3 4.75832E-3 6.62334E-3 6.87297E-3 6.8352E-3 6.83709E-3 6.79156E-3 6.83408E-3 4.80028E-3 6.86856E-3 9.42654E-3 4.17276E-3 1.18634E-3 8.35232E-4 8.34264E-4 8.28237E-4 8.38299E-4 7.63492E-4 7.63027E-4 7.56059E-4 7.56036E-4 1.63274E-4 1.20439E-4 1.18968E-4 1.30966E-4 1.15942E-4 1.16197E-4 9.28743E-5 1.23383E-4 1.36689E-4 5.32202E-4 5.823E-4 1.14044E-4 1.26283E-4 1.26476E-4 1.15828E-4 1.03322E-4 1.04496E-4 1.26903E-4 1.27299E-4 1.73774E-4 2.19778E-4 2.23685E-4 2.67052E-4 7.41737E-4 2.13237E-3 2.54012E-3 6.32987E-3 6.20691E-3 6.28023E-3
4.24275E-4 1.81453E-3 2.27999E-3 2.4804E-3 4.14343E-3 4.34472E-3 5.00808E-3 5.08642E-3 5.66263E-3 5.54503E-3 5.62443E-3 6.12224E-3 6.63267E-3 6.18844E-3 6.31222E-3 6.21472E-3 6.78961E-3 6.2303E-3 6.26778E-3 3.7697E-3 8.74174E-4 7.46583E-4 7.54373E-4 7.65804E-4 7.60248E-4 7.63721E-4 7.6443E-4 7.56064E-4 7.61595E-4 6.97439E-4 6.93874E-4 6.92777E-4 1.22298E-4 1.20123E-4 1.31506E-4 1.1761E-4 9.52896E-5 9.4379E-5 8.38314E-5 1.24074E-4 1.24656E-4 5.27545E-4 1.52629E-4 1.36772E-4 1.24457E-4 1.03943E-4 9.34674E-5 1.14201E-4 9.46173E-5 1.14262E-4 1.14347E-4 1.51496E-4 1.39307E-4 1.5667E-4 1.41458E-4 1.27936E-4 1.26395E-4 7.48465E-4 6.54296E-4 7.66606E-4 3.32291E-4
3.89789E-4 3.94735E-4 4.38754E-4 4.85945E-4 4.43459E-4 3.32914E-4 8.50145E-4 8.66875E-4 9.65255E-4 2.91655E-3 6.95824E-3 6.85157E-3 3.53057E-3 5.62403E-3 3.39438E-3 1.20342E-3 1.22697E-3 7.85798E-4 7.48299E-4 7.53926E-4 7.47045E-4 6.84926E-4 6.89129E-4 6.98909E-4 6.97669E-4 6.98319E-4 6.97669E-4 6.93811E-4 6.93794E-4 6.96379E-4 7.04256E-4 1.48275E-4 1.20007E-4 1.19301E-4 1.06398E-4 9.5523E-5 1.16478E-4 1.26008E-4 1.03919E-4 1.02189E-4 4.46474E-4 2.77866E-4 9.34842E-5 1.02411E-4 8.45973E-5 1.0256E-4 8.37554E-5 7.54765E-5 1.01697E-4 1.13106E-4 1.51364E-4 1.26112E-4 1.1725E-4 1.14823E-4 1.26625E-4 1.16442E-4 1.40538E-4 1.85911E-4 7.00494E-4 6.02896E-4 6.50034E-4
3.52713E-4 3.56661E-4 3.96196E-4 4.41441E-4 2.74778E-4 1.50079E-4 5.41012E-4 5.53084E-4 5.51468E-4 6.00107E-4 6.06476E-4 6.06861E-4 6.7466E-4 5.5759E-4 6.74675E-4 6.83213E-4 6.75347E-4 6.85392E-4 6.26234E-4 6.90771E-4 6.83779E-4 6.26247E-4 6.26067E-4 6.29943E-4 6.34721E-4 6.37332E-4 6.35556E-4 6.3655E-4 6.3537E-4 6.30623E-4 6.36161E-4 1.22626E-4 9.94567E-5 1.07322E-4 1.07083E-4 1.16339E-4 1.3921E-4 9.43158E-5 9.46552E-5 1.24515E-4 4.0891E-4 1.25596E-4 1.03983E-4 6.88481E-5 9.27103E-5 6.83179E-5 6.75625E-5 6.82129E-5 1.02754E-4 1.24299E-4 1.14963E-4 1.05507E-4 8.69672E-5 1.37696E-4 1.54547E-4 9.5826E-5 1.52369E-4 1.4034E-4 1.67028E-4 5.91833E-4 5.4811E-4
3.24884E-4 3.6129E-4 4.02064E-4 1.38085E-4 1.37552E-4 4.52347E-4 5.52594E-4 1.6861E-4 5.5094E-4 5.57566E-4 6.1016E-4 5.56914E-4 5.09546E-4 6.19072E-4 5.59507E-4 5.65642E-4 6.17025E-4 6.21789E-4 6.22379E-4 5.75465E-4 6.88615E-4 6.27851E-4 6.29423E-4 5.74983E-4 5.73727E-4 6.36321E-4 6.35909E-4 5.82083E-4 5.82818E-4 5.79005E-4 1.79474E-4 1.20926E-4 1.20201E-4 1.19934E-4 1.28433E-4 1.29406E-4 9.61337E-5 6.94337E-5 1.02934E-4 1.38875E-4 4.10029E-4 1.04179E-4 9.24379E-5 9.25874E-5 8.40423E-5 6.91373E-5 6.85877E-5 8.47757E-5 1.13962E-4 7.64148E-5 6.93827E-5 7.66868E-5 9.37224E-5 3.01402E-4 1.2738E-4 9.53984E-5 1.5248E-4 1.39111E-4 1.70648E-4 4.99046E-4 5.52768E-4
2.23645E-4 3.65784E-4 1.38007E-4 1.2622E-4 1.26574E-4 4.51602E-4 5.02526E-4 5.06257E-4 1.71078E-4 5.12685E-4 5.60615E-4 5.64417E-4 5.10676E-4 5.60603E-4 5.67038E-4 5.65509E-4 5.68171E-4 5.68707E-4 5.68718E-4 5.68361E-4 5.71558E-4 5.77288E-4 5.79516E-4 5.78065E-4 5.75692E-4 5.78397E-4 5.80505E-4 5.82713E-4 5.28624E-4 5.32534E-4 9.15005E-5 1.19241E-4 1.18094E-4 1.06076E-4 8.72216E-5 8.52249E-5 7.68525E-5 8.44694E-5 2.25473E-4 4.89865E-4 9.40581E-5 1.02273E-4 8.50564E-5 6.7951E-5 6.91448E-5 6.08791E-5 1.02351E-4 9.34451E-5 7.63283E-5 6.91891E-5 6.86279E-5 9.32278E-5 1.14876E-4 1.53622E-4 8.74119E-5 1.15403E-4 1.39315E-4 3.09895E-4 1.71287E-4 1.55439E-4 5.0133E-4
3.33932E-4 3.72251E-4 1.27002E-4 1.28031E-4 1.42322E-4 4.58163E-4 4.58877E-4 1.5562E-4 3.12808E-4 5.11605E-4 5.14209E-4 5.12468E-4 5.16617E-4 5.13264E-4 5.13899E-4 5.19526E-4 5.19711E-4 5.18582E-4 5.21203E-4 5.71155E-4 5.72948E-4 5.212E-4 5.28599E-4 5.79785E-4 5.24613E-4 5.22622E-4 5.27597E-4 5.23959E-4 4.76419E-4 1.34557E-4 7.2756E-5 9.77195E-5 8.73035E-5 8.73167E-5 1.04962E-4 1.03766E-4 8.53465E-5 1.25939E-4 4.10302E-4 4.12801E-4 1.04231E-4 2.31617E-4 1.03467E-4 8.5157E-5 6.20855E-5 6.87212E-5 7.6531E-5 6.19434E-5 6.16561E-5 8.37729E-5 9.38231E-5 1.14292E-4 1.14699E-4 1.04396E-4 8.66937E-5 9.42705E-5 2.77197E-4 1.55123E-4 5.57467E-4 1.5528E-4 2.8102E-4
2.28348E-4 1.26851E-4 1.29248E-4 1.30031E-4 1.28792E-4 4.60217E-4 4.68313E-4 1.45236E-4 4.63708E-4 3.17689E-4 4.70712E-4 5.19384E-4 4.70873E-4 4.70265E-4 5.18416E-4 4.71314E-4 5.18388E-4 4.75315E-4 5.24925E-4 5.20297E-4 5.2043E-4 4.74414E-4 5.26426E-4 5.28794E-4 4.78853E-4 5.30675E-4 5.25781E-4 4.80906E-4 1.10774E-4 8.98722E-5 8.0479E-5 8.89756E-5 8.68734E-5 7.73192E-5 3.73608E-4 1.04394E-4 9.37516E-5 3.72296E-4 4.52221E-4 9.41814E-5 8.48782E-5 1.04064E-4 6.85601E-5 8.39312E-5 5.60181E-5 8.45902E-5 6.15332E-5 4.94605E-5 7.61493E-5 6.84847E-5 1.12055E-4 9.44685E-5 7.81719E-5 6.3163E-5 1.03347E-4 1.27853E-4 1.04875E-4 5.05436E-4 1.31088E-4 5.02802E-4 4.61413E-4
1.14837E-4 1.16143E-4 1.1585E-4 1.29864E-4 2.88876E-4 4.70877E-4 1.59846E-4 1.32833E-4 1.58851E-4 4.69106E-4 4.71603E-4 4.73648E-4 4.73818E-4 4.71563E-4 4.76806E-4 4.73814E-4 4.68273E-4 4.7928E-4 1.45334E-4 4.35182E-4 4.75036E-4 4.7869E-4 5.26079E-4 4.77937E-4 4.7551E-4 4.81428E-4 4.81013E-4 8.18388E-5 8.94809E-5 8.84565E-5 1.31817E-4 1.0708E-4 8.70233E-5 8.66919E-5 3.7693E-4 2.34952E-4 2.34747E-4 4.55284E-4 4.54715E-4 8.6504E-5 3.72676E-4 9.5195E-5 9.42295E-5 6.24104E-5 4.99955E-5 8.43178E-5 6.18732E-5 5.54303E-5 7.57999E-5 8.38113E-5 9.23283E-5 6.92534E-5 7.64626E-5 6.91127E-5 1.13767E-4 3.73595E-4 1.28439E-4 4.20583E-4 3.8337E-4 5.05974E-4 5.57113E-4
1.16662E-4 1.16554E-4 1.064E-4 1.30372E-4 4.27032E-4 2.92009E-4 1.45105E-4 1.457E-4 4.3127E-4 2.91848E-4 4.74435E-4 2.91945E-4 4.80218E-4 4.78718E-4 4.3133E-4 4.75644E-4 4.3228E-4 2.65305E-4 1.33201E-4 4.74115E-4 5.24598E-4 4.78171E-4 4.73885E-4 4.78488E-4 4.84258E-4 5.30458E-4 1.49309E-4 9.23472E-5 1.00416E-4 8.96536E-5 9.70583E-5 1.17034E-4 8.74428E-5 1.06066E-4 3.83273E-4 1.05038E-4 4.17903E-4 4.60146E-4 8.77046E-5 9.61083E-5 8.59982E-5 7.77867E-5 6.98801E-5 5.11415E-5 7.58905E-5 6.86838E-5 5.57695E-5 6.12398E-5 6.81287E-5 3.03478E-4 6.20938E-5 6.23207E-5 6.17228E-5 9.38039E-5 1.02603E-4 3.41507E-4 1.1498E-4 3.82353E-4 4.97274E-4 4.68457E-4 4.23337E-4
1.06104E-4 1.06615E-4 1.0747E-4 1.30617E-4 1.4719E-4 2.62313E-4 2.95837E-4 1.4716E-4 1.47017E-4 4.34524E-4 2.95104E-4 4.36486E-4 4.30218E-4 4.80948E-4 4.82525E-4 4.37038E-4 3.95994E-4 3.94583E-4 4.77086E-4 4.711E-4 4.35602E-4 4.80676E-4 4.86272E-4 4.86132E-4 5.34153E-4 4.87661E-4 9.29866E-5 7.48793E-5 7.35787E-5 1.09998E-4 1.20894E-4 9.91698E-5 8.84378E-5 1.164E-4 4.23849E-4 4.21591E-4 4.63577E-4 9.77302E-5 7.09524E-5 8.66336E-5 7.0356E-5 5.73672E-5 6.32369E-5 6.2634E-5 8.49817E-5 5.66654E-5 5.64547E-5 8.39549E-5 7.53509E-5 9.33873E-5 5.04501E-5 9.24273E-5 8.45564E-5 3.362E-4 3.36102E-4 3.74704E-4 4.12478E-4 4.12897E-4 3.7987E-4 1.08072E-4 1.18683E-4
1.06945E-4 1.08602E-4 1.20505E-4 4.32563E-4 1.46165E-4 4.33683E-4 2.65058E-4 1.4739E-4 4.39035E-4 1.47018E-4 3.97413E-4 4.39886E-4 4.35074E-4 4.34631E-4 4.33767E-4 1.32672E-4 3.96883E-4 4.79181E-4 4.32186E-4 4.75884E-4 4.39435E-4 4.84799E-4 4.87236E-4 5.90518E-4 5.94176E-4 1.15933E-4 1.14186E-4 8.32849E-5 1.0103E-4 1.10783E-4 3.9268E-4 1.33076E-4 1.33669E-4 1.18217E-4 4.59095E-4 5.07083E-4 3.21053E-4 7.89186E-5 9.59133E-5 2.83238E-4 8.67203E-5 6.32797E-5 6.27429E-5 9.53295E-5 7.02611E-5 7.02811E-5 6.35275E-5 6.90661E-5 2.78991E-4 7.83055E-5 9.30762E-5 3.36702E-4 3.68109E-4 8.48559E-5 9.44869E-5 3.1118E-4 1.92176E-4 9.68746E-5 9.62452E-5 7.97642E-5 7.78504E-5
1.08517E-4 1.0861E-4 1.33238E-4 3.93467E-4 2.68014E-4 2.68024E-4 3.96268E-4 1.47947E-4 2.68538E-4 2.68197E-4 3.98931E-4 3.99725E-4 4.36743E-4 4.35733E-4 4.29928E-4 4.32289E-4 3.9613E-4 4.36882E-4 4.84049E-4 5.31088E-4 4.87258E-4 4.96842E-4 6.47301E-4 6.56328E-4 1.56568E-4 9.38754E-5 1.05653E-4 9.44251E-5 1.48608E-4 4.38817E-4 5.73505E-4 4.8196E-4 4.79525E-4 3.95391E-4 5.61934E-4 4.32041E-4 3.20676E-4 3.55987E-4 3.19732E-4 9.70521E-5 8.81887E-5 7.21285E-5 7.07198E-5 2.82683E-4 7.01428E-5 7.04888E-5 8.54101E-5 9.40176E-5 3.78528E-4 3.41208E-4 3.11023E-4 2.8279E-4 9.56076E-5 7.82659E-5 7.00075E-5 8.74157E-5 3.15716E-4 9.62704E-5 8.66311E-5 7.93615E-5 7.95675E-5
1.09255E-4 1.09367E-4 4.00002E-4 2.72058E-4 2.71896E-4 2.71889E-4 4.01191E-4 2.71303E-4 3.98504E-4 1.35065E-4 4.36335E-4 4.39576E-4 3.98945E-4 4.39508E-4 4.80424E-4 4.33028E-4 3.63156E-4 4.42576E-4 5.33959E-4 5.84483E-4 5.39459E-4 5.41996E-4 6.55214E-4 5.04488E-4 1.17504E-4 1.29191E-4 1.27992E-4 1.12548E-4 5.32073E-4 5.80916E-4 5.86855E-4 5.29572E-4 5.75764E-4 5.74052E-4 5.25532E-4 4.43838E-4 3.57879E-4 4.32123E-4 3.24592E-4 3.94694E-4 9.82502E-5 8.85845E-5 8.72243E-5 3.49065E-4 8.76383E-5 1.92569E-4 3.81556E-4 4.16874E-4 4.16609E-4 9.72924E-5 7.22728E-5 6.38629E-5 7.8912E-5 7.92736E-5 8.82375E-5 7.90083E-5 1.19359E-4 9.80086E-5 9.86457E-5 1.08371E-4 1.08478E-4
1.1012E-4 1.09903E-4 4.03263E-4 3.64323E-4 4.05279E-4 4.0263E-4 4.0302E-4 2.46057E-4 4.02272E-4 4.0362E-4 4.41282E-4 4.01337E-4 4.38493E-4 4.01803E-4 4.43399E-4 4.43121E-4 4.0876E-4 4.46418E-4 5.38246E-4 5.39368E-4 5.98989E-4 5.95416E-4 6.605E-4 1.0711E-4 1.16691E-4 9.4842E-5 1.54235E-4 5.87298E-4 6.92164E-4 6.47456E-4 6.40599E-4 6.41506E-4 6.38927E-4 5.85492E-4 4.03402E-4 2.46414E-4 1.11096E-4 1.11828E-4 2.22788E-4 2.22036E-4 9.96357E-5 8.90827E-5 3.57615E-4 4.25882E-4 4.29108E-4 4.2362E-4 3.58276E-4 8.82974E-5 8.94825E-5 9.71593E-5 1.08159E-4 9.70919E-5 9.80016E-5 7.33454E-5 8.12005E-5 8.87896E-5 1.00324E-4 1.08851E-4 1.21215E-4 9.92425E-5 9.08336E-5
1.111E-4 1.10588E-4 3.61796E-4 3.67042E-4 4.05065E-4 4.05217E-4 4.05617E-4 4.04414E-4 4.43164E-4 1.24146E-4 4.05813E-4 4.43451E-4 4.84796E-4 4.38872E-4 4.8107E-4 4.87151E-4 4.45112E-4 4.47339E-4 5.37848E-4 5.94539E-4 6.568E-4 6.00602E-4 1.73827E-4 9.61245E-5 1.16849E-4 1.52281E-4 7.12993E-4 4.16797E-4 3.76062E-4 7.07919E-4 5.94862E-4 5.03066E-4 4.95916E-4 4.51821E-4 5.39242E-4 4.4621E-4 4.05176E-4 1.23197E-4 1.02048E-4 8.25275E-5 1.00508E-4 3.61244E-4 4.39261E-4 3.28786E-4 9.05902E-5 1.21471E-4 2.19812E-4 3.56041E-4 1.00715E-4 8.1048E-5 1.00318E-4 9.88361E-5 9.87307E-5 1.09335E-4 9.83379E-5 8.99502E-5 1.01584E-4 8.40944E-5 9.17815E-5 1.00996E-4 4.01103E-4
