day_2/Results/Podomys_floridanus/projections/PaleoClim/-21000/RUN_0.asc
ncols         385
nrows         252
xllcorner     -91.50013924285
yllcorner     25.49986064915003
cellsize      0.041666666500000005
NODATA_value  -9999
[rows 108 to 134 of 252, columns 244 to 304 of 385]
4.38018E-3 4.52958E-3 6.95042E-3 5.09535E-3 5.15298E-3 6.26752E-3 6.53043E-3 6.93093E-3 7.34844E-3 8.66637E-3 9.43663E-3 9.95846E-3 1.0781E-2 1.02539E-2 1.10737E-2 1.19171E-2 1.28107E-2 1.34245E-2 1.43804E-2 1.56767E-2 2.21795E-2 2.41211E-2 2.34835E-2 2.49253E-2 2.63934E-2 2.62292E-2 2.76687E-2 2.69425E-2 2.83387E-2 2.76517E-2 2.901E-2 2.83226E-2 2.97878E-2 2.86835E-2 2.99942E-2 1.3209E-2 2.90446E-2 2.80918E-2 2.75497E-2 6.26465E-2 6.40578E-2 -9999 -9999 -9999 -9999 -9999 -9999 -9999 -9999 -9999 -9999 -9999 -9999 -9999 -9999 -9999 -9999 -9999 -9999 -9999 -9999
5.08682E-3 4.77864E-3 4.99519E-3 5.76918E-3 5.95711E-3 6.33158E-3 6.72335E-3 7.13196E-3 7.56947E-3 8.91417E-3 9.68624E-3 1.02174E-2 1.10528E-2 1.16278E-2 1.25301E-2 1.34681E-2 1.28168E-2 1.40207E-2 1.46904E-2 1.60033E-2 2.52633E-2 2.45986E-2 2.61017E-2 2.81253E-2 2.73796E-2 2.88815E-2 2.81298E-2 2.95906E-2 2.88363E-2 2.80812E-2 2.94306E-2 2.87261E-2 3.0206E-2 2.90893E-2 3.03938E-2 1.34208E-2 2.7658E-2 2.8875E-2 2.83195E-2 5.03924E-2 -9999 -9999 -9999 -9999 -9999 -9999 -9999 -9999 -9999 -9999 -9999 -9999 -9999 -9999 -9999 -9999 -9999 -9999 -9999 -9999 -9999
5.88544E-3 4.83833E-3 5.76576E-3 5.9571E-3 6.13786E-3 6.52029E-3 6.93344E-3 7.34841E-3 7.78581E-3 8.23478E-3 9.66917E-3 1.04758E-2 1.13236E-2 1.19076E-2 1.2826E-2 1.27592E-2 1.33675E-2 1.43303E-2 1.53281E-2 2.42511E-2 2.57466E-2 2.50698E-2 2.65828E-2 2.86621E-2 2.78484E-2 2.93532E-2 2.85853E-2 3.05497E-2 2.97615E-2 3.11617E-2 3.038E-2 2.91844E-2 3.06787E-2 3.00008E-2 1.50338E-2 2.90568E-2 2.67776E-2 2.79512E-2 2.90248E-2 -9999 -9999 -9999 -9999 -9999 -9999 -9999 -9999 -9999 -9999 -9999 -9999 -9999 -9999 -9999 -9999 -9999 -9999 -9999 -9999 -9999 -9999
5.40865E-3 5.58775E-3 5.25623E-3 6.13494E-3 6.32241E-3 6.72328E-3 7.95235E-3 7.56032E-3 8.91413E-3 8.47984E-3 9.93905E-3 9.71152E-3 1.0435E-2 1.12729E-2 1.3405E-2 1.43944E-2 1.98928E-2 2.12909E-2 2.27125E-2 2.4215E-2 2.40939E-2 2.55801E-2 2.75913E-2 2.91445E-2 2.83675E-2 2.98778E-2 2.95419E-2 3.10045E-2 3.01971E-2 2.9443E-2 3.07877E-2 3.00358E-2 2.46485E-2 1.48154E-2 3.04831E-2 2.76693E-2 2.7188E-2 2.70513E-2 3.14876E-2 -9999 -9999 -9999 -9999 -9999 -9999 -9999 -9999 -9999 -9999 -9999 -9999 -9999 -9999 -9999 -9999 -9999 -9999 -9999 -9999 -9999 -9999
5.08751E-3 5.25424E-3 5.4182E-3 6.32918E-3 6.52093E-3 6.92009E-3 7.34763E-3 7.78501E-3 8.23771E-3 9.66919E-3 1.0201E-2 1.01811E-2 1.07196E-2 1.15715E-2 1.3446E-2 1.43728E-2 1.53879E-2 2.17548E-2 2.32211E-2 2.52203E-2 2.67854E-2 2.60713E-2 2.8125E-2 2.7339E-2 2.88304E-2 3.035E-2 3.0049E-2 3.15129E-2 3.06868E-2 3.20817E-2 3.12075E-2 3.04885E-2 2.50241E-2 1.50388E-2 2.90629E-2 2.80383E-2 2.7907E-2 2.90302E-2 -9999 -9999 -9999 -9999 -9999 -9999 -9999 -9999 -9999 -9999 -9999 -9999 -9999 -9999 -9999 -9999 -9999 -9999 -9999 -9999 -9999 -9999 -9999
7.39995E-3 5.41763E-3 5.59649E-3 6.51784E-3 6.71349E-3 7.13189E-3 7.34023E-3 8.6526E-3 9.42075E-3 9.94252E-3 1.04803E-2 1.13284E-2 1.21496E-2 1.30778E-2 2.04048E-2 2.13632E-2 2.08096E-2 2.22465E-2 2.36951E-2 2.57521E-2 2.73215E-2 2.88761E-2 2.86119E-2 3.01765E-2 2.93608E-2 3.08705E-2 3.05025E-2 3.19638E-2 3.11198E-2 3.03241E-2 3.16684E-2 3.08832E-2 1.58188E-2 3.20141E-2 2.94395E-2 2.88197E-2 2.8622E-2 3.33187E-2 -9999 -9999 -9999 -9999 -9999 -9999 -9999 -9999 -9999 -9999 -9999 -9999 -9999 -9999 -9999 -9999 -9999 -9999 -9999 -9999 -9999 -9999 -9999
5.94222E-3 5.5986E-3 6.32005E-3 6.71212E-3 6.92072E-3 7.3395E-3 8.42099E-3 8.90637E-3 9.40752E-3 1.04031E-2 1.07472E-2 1.16069E-2 1.2463E-2 1.76601E-2 2.08893E-2 2.18318E-2 2.12618E-2 2.27124E-2 2.42133E-2 2.62437E-2 2.55432E-2 2.70622E-2 2.68686E-2 2.83599E-2 2.98247E-2 2.95417E-2 3.10043E-2 3.24715E-2 3.16084E-2 3.07453E-2 3.20761E-2 1.52451E-2 1.60177E-2 3.04331E-2 2.80355E-2 2.63055E-2 3.10853E-2 -9999 -9999 -9999 -9999 -9999 -9999 -9999 -9999 -9999 -9999 -9999 -9999 -9999 -9999 -9999 -9999 -9999 -9999 -9999 -9999 -9999 -9999 -9999 -9999
5.94566E-3 6.32175E-3 6.5209E-3 6.71349E-3 7.1233E-3 8.41936E-3 8.65654E-3 9.14738E-3 9.67248E-3 1.0405E-2 1.12555E-2 1.18408E-2 1.27594E-2 1.37188E-2 1.43727E-2 2.2333E-2 2.17547E-2 2.32211E-2 2.46946E-2 2.67834E-2 2.60713E-2 2.75928E-2 2.91014E-2 2.88363E-2 3.03498E-2 3.00473E-2 3.1456E-2 3.29111E-2 3.20377E-2 3.34253E-2 2.58047E-2 1.54651E-2 3.41219E-2 2.90106E-2 2.6773E-2 2.86697E-2 3.32533E-2 -9999 -9999 -9999 -9999 -9999 -9999 -9999 -9999 -9999 -9999 -9999 -9999 -9999 -9999 -9999 -9999 -9999 -9999 -9999 -9999 -9999 -9999 -9999 -9999
6.12833E-3 6.52023E-3 6.71594E-3 6.92327E-3 8.179E-3 8.41072E-3 8.90633E-3 9.40747E-3 9.92655E-3 1.04634E-2 1.15587E-2 1.18921E-2 1.30605E-2 1.40316E-2 2.13276E-2 2.07812E-2 2.22159E-2 2.36948E-2 2.52218E-2 2.72786E-2 2.88759E-2 2.80854E-2 2.96416E-2 2.93668E-2 3.08216E-2 3.00057E-2 3.19619E-2 3.11196E-2 3.2457E-2 3.38462E-2 1.6069E-2 1.56513E-2 3.24204E-2 1.33259E-2 2.59035E-2 3.0676E-2 -9999 -9999 -9999 -9999 -9999 -9999 -9999 -9999 -9999 -9999 -9999 -9999 -9999 -9999 -9999 -9999 -9999 -9999 -9999 -9999 -9999 -9999 -9999 -9999 -9999
6.44903E-3 6.7146E-3 7.71197E-3 7.94634E-3 8.4091E-3 8.65644E-3 9.14738E-3 9.65699E-3 1.02009E-2 1.07509E-2 1.2838E-2 1.24468E-2 1.33873E-2 1.43705E-2 2.18315E-2 2.33393E-2 2.48954E-2 2.41793E-2 2.57096E-2 2.72821E-2 2.70755E-2 2.86215E-2 3.01331E-2 3.22581E-2 3.13564E-2 3.34012E-2 3.24204E-2 3.15504E-2 3.29416E-2 2.75891E-2 1.62928E-2 1.60211E-2 1.46867E-2 1.27234E-2 1.34322E-2 3.39124E-2 -9999 -9999 -9999 -9999 -9999 -9999 -9999 -9999 -9999 -9999 -9999 -9999 -9999 -9999 -9999 -9999 -9999 -9999 -9999 -9999 -9999 -9999 -9999 -9999 -9999
6.64366E-3 7.49707E-3 7.94556E-3 8.1857E-3 8.41373E-3 8.89217E-3 9.41075E-3 9.9265E-3 1.0467E-2 1.22038E-2 1.21367E-2 1.27647E-2 1.37233E-2 1.43534E-2 2.23097E-2 2.38262E-2 2.53873E-2 2.47017E-2 2.62452E-2 2.78291E-2 2.99464E-2 3.15762E-2 3.12256E-2 3.27506E-2 3.1827E-2 3.38678E-2 3.29268E-2 1.56201E-2 1.62685E-2 1.58378E-2 1.54324E-2 1.62078E-2 1.39716E-2 1.28732E-2 1.45927E-2 -9999 -9999 -9999 -9999 -9999 -9999 -9999 -9999 -9999 -9999 -9999 -9999 -9999 -9999 -9999 -9999 -9999 -9999 -9999 -9999 -9999 -9999 -9999 -9999 -9999 -9999
7.49984E-3 7.71481E-3 8.17117E-3 9.37019E-3 9.62659E-3 9.1538E-3 1.07276E-2 1.01916E-2 1.19108E-2 1.25254E-2 1.34839E-2 1.41394E-2 1.5163E-2 1.58591E-2 2.50597E-2 2.43654E-2 2.37091E-2 2.51861E-2 2.67389E-2 2.83307E-2 3.04993E-2 2.95973E-2 3.11673E-2 3.32892E-2 3.23546E-2 3.43221E-2 3.33717E-2 1.583E-2 1.54132E-2 1.50243E-2 1.57852E-2 1.44742E-2 1.33007E-2 1.4224E-2 1.65531E-2 -9999 -9999 -9999 -9999 -9999 -9999 -9999 -9999 -9999 -9999 -9999 -9999 -9999 -9999 -9999 -9999 -9999 -9999 -9999 -9999 -9999 -9999 -9999 -9999 -9999 -9999
7.71481E-3 7.9492E-3 9.10712E-3 9.62568E-3 9.89953E-3 1.04434E-2 1.10243E-2 1.16071E-2 1.2208E-2 1.28267E-2 1.37965E-2 1.44608E-2 1.58034E-2 1.65215E-2 2.33145E-2 2.48532E-2 2.64485E-2 2.80815E-2 2.72977E-2 2.8884E-2 2.85773E-2 3.0131E-2 3.22563E-2 3.13564E-2 3.28153E-2 3.19131E-2 1.65197E-2 1.60684E-2 1.56425E-2 1.5245E-2 1.49849E-2 1.46553E-2 1.36823E-2 1.5264E-2 -9999 -9999 -9999 -9999 -9999 -9999 -9999 -9999 -9999 -9999 -9999 -9999 -9999 -9999 -9999 -9999 -9999 -9999 -9999 -9999 -9999 -9999 -9999 -9999 -9999 -9999 -9999
7.94921E-3 9.10717E-3 9.35867E-3 9.89867E-3 1.01614E-2 1.0735E-2 1.13033E-2 1.18945E-2 1.25253E-2 1.31534E-2 1.37987E-2 1.51044E-2 2.29374E-2 1.68924E-2 1.80192E-2 2.54103E-2 2.69582E-2 2.86003E-2 3.02725E-2 2.93992E-2 3.1583E-2 3.0637E-2 3.22022E-2 3.18252E-2 3.33423E-2 2.57026E-2 1.67364E-2 1.62759E-2 1.58414E-2 1.54324E-2 1.52036E-2 1.39424E-2 1.48902E-2 1.65226E-2 -9999 -9999 -9999 -9999 -9999 -9999 -9999 -9999 -9999 -9999 -9999 -9999 -9999 -9999 -9999 -9999 -9999 -9999 -9999 -9999 -9999 -9999 -9999 -9999 -9999 -9999 -9999
9.11047E-3 9.37697E-3 9.6266E-3 1.01759E-2 1.04442E-2 1.22189E-2 1.13091E-2 1.18956E-2 1.28245E-2 1.34628E-2 1.41159E-2 1.51377E-2 1.61481E-2 2.27937E-2 2.43167E-2 2.83333E-2 2.75256E-2 2.91714E-2 3.07911E-2 3.04606E-2 3.20959E-2 3.37374E-2 3.27606E-2 3.23611E-2 3.38164E-2 3.2876E-2 1.6983E-2 1.65127E-2 1.60653E-2 1.57921E-2 1.44441E-2 1.34798E-2 1.61858E-2 -9999 -9999 -9999 -9999 -9999 -9999 -9999 -9999 -9999 -9999 -9999 -9999 -9999 -9999 -9999 -9999 -9999 -9999 -9999 -9999 -9999 -9999 -9999 -9999 -9999 -9999 -9999 -9999
9.37697E-3 1.07181E-2 9.90662E-3 1.01651E-2 1.07177E-2 1.2542E-2 1.15972E-2 1.22121E-2 1.28321E-2 1.37976E-2 1.44607E-2 1.58034E-2 2.39718E-2 1.76342E-2 2.48606E-2 2.64485E-2 2.80332E-2 2.96949E-2 2.88416E-2 3.04558E-2 3.26626E-2 3.16637E-2 3.37863E-2 3.53709E-2 3.69345E-2 3.63684E-2 1.71977E-2 1.67135E-2 1.52195E-2 1.59835E-2 1.39709E-2 1.47151E-2 1.83621E-2 -9999 -9999 -9999 -9999 -9999 -9999 -9999 -9999 -9999 -9999 -9999 -9999 -9999 -9999 -9999 -9999 -9999 -9999 -9999 -9999 -9999 -9999 -9999 -9999 -9999 -9999 -9999 -9999
1.0718E-2 1.10195E-2 1.13044E-2 1.16122E-2 1.22232E-2 1.28541E-2 1.31883E-2 1.38466E-2 1.488E-2 1.41253E-2 1.47854E-2 1.54967E-2 1.6868E-2 2.55324E-2 2.53633E-2 2.69562E-2 2.86001E-2 3.02725E-2 2.93973E-2 3.09644E-2 3.31738E-2 3.22105E-2 3.43352E-2 3.58533E-2 3.48035E-2 2.91893E-2 1.62796E-2 1.58413E-2 1.54323E-2 1.51745E-2 1.33054E-2 1.59774E-2 -9999 -9999 -9999 -9999 -9999 -9999 -9999 -9999 -9999 -9999 -9999 -9999 -9999 -9999 -9999 -9999 -9999 -9999 -9999 -9999 -9999 -9999 -9999 -9999 -9999 -9999 -9999 -9999 -9999
1.10224E-2 1.13084E-2 1.16163E-2 1.19062E-2 1.25464E-2 1.31862E-2 1.35047E-2 1.41945E-2 1.52411E-2 1.5951E-2 1.51438E-2 1.58324E-2 2.44763E-2 2.38002E-2 2.7752E-2 2.69659E-2 2.9119E-2 3.07997E-2 2.99036E-2 3.15288E-2 3.37444E-2 3.27E-2 3.48195E-2 3.639E-2 3.53268E-2 1.6741E-2 1.64809E-2 1.60349E-2 1.57619E-2 1.4444E-2 1.45115E-2 1.71234E-2 -9999 -9999 -9999 -9999 -9999 -9999 -9999 -9999 -9999 -9999 -9999 -9999 -9999 -9999 -9999 -9999 -9999 -9999 -9999 -9999 -9999 -9999 -9999 -9999 -9999 -9999 -9999 -9999 -9999
1.25739E-2 1.29099E-2 1.32291E-2 1.22327E-2 1.28585E-2 1.31668E-2 1.38464E-2 1.45237E-2 1.52183E-2 1.47939E-2 1.55005E-2 1.65214E-2 2.5027E-2 2.66214E-2 2.58608E-2 2.74699E-2 2.9691E-2 3.13827E-2 3.04642E-2 3.20388E-2 3.42549E-2 3.32478E-2 3.48229E-2 3.43403E-2 2.83657E-2 1.6952E-2 1.67126E-2 1.52194E-2 1.59529E-2 1.39474E-2 1.58049E-2 -9999 -9999 -9999 -9999 -9999 -9999 -9999 -9999 -9999 -9999 -9999 -9999 -9999 -9999 -9999 -9999 -9999 -9999 -9999 -9999 -9999 -9999 -9999 -9999 -9999 -9999 -9999 -9999 -9999 -9999
1.25817E-2 1.32326E-2 1.35744E-2 1.39027E-2 1.45943E-2 1.35138E-2 1.4176E-2 1.48811E-2 1.55848E-2 1.66837E-2 1.70421E-2 1.65447E-2 1.76068E-2 2.71926E-2 2.6411E-2 2.80328E-2 2.96947E-2 3.19109E-2 3.09728E-2 3.26062E-2 3.48173E-2 3.37356E-2 3.53065E-2 3.48018E-2 1.64936E-2 1.60382E-2 1.5807E-2 1.54028E-2 1.51751E-2 1.4307E-2 1.69157E-2 -9999 -9999 -9999 -9999 -9999 -9999 -9999 -9999 -9999 -9999 -9999 -9999 -9999 -9999 -9999 -9999 -9999 -9999 -9999 -9999 -9999 -9999 -9999 -9999 -9999 -9999 -9999 -9999 -9999 -9999
1.46965E-2 1.50727E-2 1.39075E-2 1.42632E-2 1.49601E-2 1.53071E-2 1.60619E-2 1.52234E-2 1.59296E-2 1.70382E-2 1.74302E-2 1.69238E-2 1.79954E-2 2.77689E-2 2.6974E-2 2.85506E-2 3.02196E-2 3.24983E-2 3.15374E-2 3.31164E-2 3.26979E-2 3.42749E-2 3.5844E-2 2.80077E-2 1.67098E-2 1.62414E-2 1.49982E-2 1.5755E-2 1.46294E-2 1.53915E-2 -9999 -9999 -9999 -9999 -9999 -9999 -9999 -9999 -9999 -9999 -9999 -9999 -9999 -9999 -9999 -9999 -9999 -9999 -9999 -9999 -9999 -9999 -9999 -9999 -9999 -9999 -9999 -9999 -9999 -9999 -9999
1.5047E-2 1.54281E-2 1.42449E-2 1.61725E-2 1.53162E-2 1.56891E-2 1.6426E-2 1.55951E-2 1.63103E-2 1.70407E-2 1.77913E-2 1.8958E-2 1.83677E-2 1.95189E-2 3.00185E-2 2.91375E-2 3.07995E-2 3.30191E-2 3.20473E-2 3.36859E-2 3.3246E-2 3.48229E-2 3.37542E-2 1.62451E-2 1.69479E-2 1.53875E-2 1.51863E-2 1.49559E-2 1.39203E-2 1.67429E-2 -9999 -9999 -9999 -9999 -9999 -9999 -9999 -9999 -9999 -9999 -9999 -9999 -9999 -9999 -9999 -9999 -9999 -9999 -9999 -9999 -9999 -9999 -9999 -9999 -9999 -9999 -9999 -9999 -9999 -9999 -9999
1.54255E-2 1.5819E-2 1.61781E-2 1.65736E-2 1.73512E-2 1.81402E-2 1.85629E-2 1.75814E-2 1.83567E-2 1.74038E-2 1.81564E-2 1.9365E-2 2.01166E-2 1.98957E-2 3.05626E-2 3.23171E-2 3.13472E-2 3.04207E-2 3.26131E-2 3.42566E-2 3.3732E-2 3.53065E-2 3.42789E-2 1.64928E-2 1.60081E-2 1.55833E-2 1.5402E-2 1.51459E-2 1.51834E-2 1.79121E-2 -9999 -9999 -9999 -9999 -9999 -9999 -9999 -9999 -9999 -9999 -9999 -9999 -9999 -9999 -9999 -9999 -9999 -9999 -9999 -9999 -9999 -9999 -9999 -9999 -9999 -9999 -9999 -9999 -9999 -9999 -9999
1.54095E-2 1.79229E-2 1.65793E-2 1.69469E-2 1.77618E-2 1.64272E-2 1.71767E-2 1.79491E-2 1.87672E-2 1.74132E-2 1.85546E-2 1.97422E-2 1.9124E-2 2.02978E-2 3.11626E-2 3.29263E-2 3.53144E-2 3.42255E-2 3.58761E-2 3.47747E-2 3.37352E-2 3.58422E-2 2.75482E-2 1.67088E-2 1.6245E-2 1.58076E-2 1.57275E-2 1.46322E-2 1.65351E-2 -9999 -9999 -9999 -9999 -9999 -9999 -9999 -9999 -9999 -9999 -9999 -9999 -9999 -9999 -9999 -9999 -9999 -9999 -9999 -9999 -9999 -9999 -9999 -9999 -9999 -9999 -9999 -9999 -9999 -9999 -9999 -9999
1.79229E-2 1.83281E-2 1.69583E-2 1.73524E-2 1.81477E-2 1.67893E-2 1.75755E-2 1.83567E-2 1.87383E-2 1.9961E-2 1.89651E-2 2.01559E-2 2.83205E-2 2.07088E-2 3.17111E-2 3.34797E-2 3.24519E-2 3.47471E-2 3.64619E-2 3.53458E-2 3.4223E-2 3.37522E-2 1.71984E-2 1.69511E-2 1.64466E-2 1.49703E-2 1.49551E-2 1.47864E-2 1.7743E-2 -9999 -9999 -9999 -9999 -9999 -9999 -9999 -9999 -9999 -9999 -9999 -9999 -9999 -9999 -9999 -9999 -9999 -9999 -9999 -9999 -9999 -9999 -9999 -9999 -9999 -9999 -9999 -9999 -9999 -9999 -9999 -9999
1.83267E-2 1.87591E-2 1.91918E-2 1.77398E-2 1.85676E-2 1.71893E-2 1.79491E-2 1.87672E-2 1.91539E-2 2.03818E-2 1.93392E-2 2.05378E-2 2.17691E-2 3.05715E-2 3.23169E-2 3.40935E-2 3.30409E-2 3.53305E-2 3.42041E-2 3.58432E-2 3.53115E-2 3.42789E-2 1.62458E-2 1.60073E-2 1.55832E-2 1.51835E-2 1.51444E-2 1.51827E-2 1.87192E-2 -9999 -9999 -9999 -9999 -9999 -9999 -9999 -9999 -9999 -9999 -9999 -9999 -9999 -9999 -9999 -9999 -9999 -9999 -9999 -9999 -9999 -9999 -9999 -9999 -9999 -9999 -9999 -9999 -9999 -9999 -9999 -9999
1.87576E-2 1.87633E-2 1.77384E-2 1.81489E-2 1.8961E-2 1.93914E-2 1.83626E-2 1.87383E-2 1.95392E-2 1.89373E-2 1.97095E-2 2.09573E-2 2.17712E-2 2.14706E-2 2.26852E-2 3.46486E-2 3.35725E-2 3.25672E-2 3.47635E-2 3.64042E-2 3.52506E-2 3.47374E-2 1.64627E-2 1.62442E-2 1.57775E-2 1.55029E-2 1.44176E-2 1.63223E-2 -9999 -9999 -9999 -9999 -9999 -9999 -9999 -9999 -9999 -9999 -9999 -9999 -9999 -9999 -9999 -9999 -9999 -9999 -9999 -9999 -9999 -9999 -9999 -9999 -9999 -9999 -9999 -9999 -9999 -9999 -9999 -9999 -9999
