day_2/Results/Podomys_floridanus/projections/PaleoClim/-21000/RUN_3.asc
ncols         385
nrows         252
xllcorner     -91.50013924285
yllcorner     25.49986064915003
cellsize      0.041666666500000005
NODATA_value  -9999
[rows 162 to 188 of 252, columns 183 to 243 of 385]
6.24133E-3 1.17375E-2 1.51393E-2 1.49579E-2 1.57255E-2 1.65321E-2 1.6339E-2 1.69219E-2 1.77876E-2 1.77906E-2 1.84883E-2 1.9432E-2 1.94346E-2 2.04199E-2 2.04223E-2 2.09075E-2 2.09144E-2 2.09144E-2 2.19673E-2 2.1647E-2 2.09295E-2 2.09253E-2 2.11433E-2 2.1144E-2 2.1144E-2 9.19239E-3 2.41263E-2 2.50595E-2 2.50648E-2 2.50636E-2 2.50635E-2 2.53352E-2 2.41481E-2 2.59487E-2 2.59562E-2 2.61976E-2 2.61971E-2 2.61992E-2 2.61992E-2 2.68366E-2 2.68387E-2 2.70853E-2 2.7489E-2 2.774E-2 2.77431E-2 2.77431E-2 2.81556E-2 2.76948E-2 1.44746E-2 2.77453E-2 2.77431E-2 2.86627E-2 2.0989E-2 1.52528E-2 1.52059E-2 7.92349E-3 1.52083E-2 1.5604E-2 1.50418E-2 1.472E-2 1.48525E-2
1.16275E-2 1.42647E-2 1.48042E-2 1.55609E-2 1.63531E-2 1.69819E-2 1.67331E-2 1.73786E-2 1.82628E-2 1.82651E-2 1.91882E-2 2.01572E-2 1.94389E-2 2.04182E-2 2.01205E-2 2.01228E-2 2.11299E-2 2.11368E-2 1.17543E-2 1.15832E-2 2.27691E-2 2.27736E-2 2.27747E-2 2.27773E-2 2.27773E-2 2.41408E-2 2.44999E-2 2.63332E-2 2.56793E-2 2.53026E-2 2.53013E-2 2.59562E-2 2.59549E-2 2.61963E-2 2.65891E-2 2.65904E-2 2.62013E-2 2.68352E-2 2.68395E-2 2.74881E-2 2.74903E-2 2.774E-2 2.77409E-2 2.77431E-2 2.84101E-2 2.84138E-2 2.84138E-2 2.84124E-2 1.4824E-2 2.84169E-2 1.28097E-2 2.27187E-2 1.93762E-2 1.56141E-2 1.56033E-2 1.59767E-2 1.55741E-2 1.59797E-2 1.61195E-2 1.65033E-2 1.59197E-2
1.50716E-2 1.46669E-2 1.54076E-2 1.61862E-2 1.68011E-2 1.73865E-2 1.71871E-2 1.80521E-2 1.89599E-2 1.87523E-2 1.96927E-2 2.06805E-2 1.98641E-2 2.08532E-2 2.06403E-2 2.16698E-2 2.16769E-2 1.18749E-2 1.18764E-2 2.27544E-2 2.27544E-2 2.41111E-2 2.4475E-2 2.52986E-2 2.53013E-2 2.56788E-2 2.47495E-2 2.53492E-2 2.59197E-2 2.5921E-2 2.65904E-2 2.65904E-2 2.62005E-2 1.18042E-2 2.68366E-2 2.68396E-2 2.70853E-2 2.70861E-2 2.77409E-2 2.77431E-2 2.77431E-2 2.77417E-2 2.77439E-2 2.84115E-2 2.86687E-2 2.83627E-2 2.83663E-2 2.86718E-2 2.86151E-2 2.86165E-2 2.89261E-2 2.93538E-2 2.01267E-2 1.56173E-2 1.57417E-2 1.59784E-2 1.59453E-2 1.60858E-2 1.62247E-2 8.58297E-3 1.66087E-2
1.49442E-2 1.52669E-2 1.6031E-2 1.66318E-2 1.74623E-2 1.78536E-2 1.78578E-2 1.87461E-2 1.94627E-2 1.94667E-2 1.96201E-2 2.03767E-2 2.03819E-2 2.13882E-2 2.13951E-2 2.2447E-2 1.22963E-2 1.22983E-2 1.21776E-2 2.35565E-2 2.3561E-2 2.47095E-2 2.47174E-2 2.59169E-2 2.5921E-2 1.36664E-2 2.65934E-2 2.53654E-2 2.68329E-2 2.65512E-2 2.61632E-2 2.68387E-2 2.68396E-2 2.68396E-2 2.74881E-2 2.7043E-2 2.77431E-2 2.77431E-2 2.84093E-2 2.84124E-2 2.76978E-2 2.79976E-2 2.86673E-2 2.90956E-2 2.9355E-2 2.93567E-2 1.53177E-2 2.88715E-2 2.88723E-2 2.93599E-2 2.93591E-2 2.91809E-2 1.69982E-2 1.59816E-2 1.61185E-2 1.63606E-2 1.65041E-2 8.58205E-3 5.99374E-3 6.13593E-3 1.70437E-2
1.53645E-2 1.58913E-2 1.64746E-2 1.72925E-2 1.76726E-2 1.76767E-2 1.85463E-2 1.92458E-2 2.0196E-2 2.01334E-2 2.01349E-2 2.11242E-2 2.19368E-2 2.19396E-2 1.20134E-2 1.20148E-2 1.26049E-2 1.26069E-2 2.41449E-2 2.41487E-2 2.53187E-2 2.53227E-2 2.65483E-2 2.65538E-2 2.65546E-2 1.40012E-2 1.40016E-2 2.7241E-2 2.72401E-2 2.67965E-2 2.67986E-2 2.74925E-2 2.77401E-2 2.77409E-2 2.77431E-2 2.84101E-2 2.84124E-2 2.84138E-2 2.84147E-2 2.86687E-2 2.90956E-2 2.90979E-2 2.93559E-2 2.93567E-2 2.93582E-2 2.96173E-2 3.00596E-2 2.96196E-2 2.95593E-2 1.54557E-2 3.03236E-2 2.9441E-2 1.85808E-2 1.6127E-2 1.63606E-2 1.65033E-2 1.68964E-2 1.70414E-2 8.86134E-3 6.22885E-3 1.7005E-2
1.57619E-2 1.73386E-2 1.71398E-2 1.79742E-2 1.83624E-2 1.92595E-2 1.90494E-2 1.99794E-2 2.02016E-2 2.08775E-2 2.08831E-2 2.16689E-2 1.18616E-2 1.18648E-2 1.23182E-2 1.21379E-2 8.81923E-3 1.27315E-2 2.4386E-2 2.55604E-2 2.55645E-2 2.55685E-2 2.67944E-2 2.71973E-2 2.74465E-2 2.74474E-2 9.93949E-3 2.70451E-2 2.77431E-2 2.77431E-2 2.7446E-2 2.76956E-2 2.77439E-2 1.25052E-2 2.84101E-2 2.86687E-2 2.86695E-2 2.90956E-2 2.93573E-2 2.93582E-2 2.93582E-2 2.96173E-2 2.96182E-2 2.96182E-2 3.00581E-2 3.03242E-2 1.08732E-2 3.03266E-2 3.02604E-2 1.09695E-2 3.05907E-2 3.01342E-2 1.84714E-2 1.65107E-2 1.65051E-2 1.66466E-2 1.72958E-2 1.72993E-2 1.74452E-2 6.28171E-3 6.33476E-3
1.71965E-2 1.80271E-2 1.86795E-2 1.8468E-2 1.90729E-2 1.97726E-2 2.07305E-2 2.14987E-2 2.06528E-2 2.14177E-2 1.17195E-2 2.2461E-2 1.21642E-2 1.25668E-2 1.25677E-2 1.25697E-2 9.04071E-3 1.30501E-2 1.36809E-2 1.36831E-2 2.6197E-2 1.43417E-2 2.74496E-2 2.74496E-2 2.7697E-2 1.44746E-2 1.0031E-2 1.0031E-2 2.84138E-2 2.84138E-2 2.84138E-2 1.46054E-2 2.25157E-2 2.8411E-2 2.86687E-2 2.93536E-2 2.86188E-2 2.93591E-2 3.00572E-2 2.93028E-2 3.00596E-2 3.03218E-2 3.03251E-2 3.03251E-2 3.03251E-2 3.10424E-2 3.02636E-2 3.10449E-2 3.02651E-2 1.10654E-2 3.05266E-2 2.83562E-2 1.94693E-2 1.69043E-2 8.65645E-3 1.70432E-2 1.74443E-2 6.28122E-3 1.74049E-2 9.28587E-3 6.48416E-3
1.78885E-2 1.85176E-2 1.94045E-2 2.01033E-2 1.98082E-2 2.05239E-2 2.15054E-2 2.1411E-2 2.24315E-2 2.22044E-2 1.21433E-2 1.25993E-2 1.24144E-2 9.01264E-3 1.28844E-2 9.35518E-3 1.35029E-2 1.35056E-2 9.804E-3 1.41499E-2 1.48206E-2 1.48252E-2 1.48252E-2 1.48259E-2 1.48259E-2 1.48259E-2 1.48259E-2 1.02751E-2 1.48264E-2 2.90993E-2 2.90993E-2 1.03674E-2 2.86718E-2 2.86704E-2 2.93536E-2 2.93582E-2 2.93019E-2 2.95608E-2 3.03251E-2 3.03251E-2 3.03251E-2 3.03259E-2 3.02613E-2 3.02651E-2 3.10464E-2 1.59635E-2 1.59627E-2 3.13146E-2 3.17817E-2 1.13297E-2 1.63443E-2 1.12528E-2 6.18978E-3 1.69012E-2 1.68584E-2 1.72574E-2 1.74044E-2 1.74049E-2 1.78129E-2 1.79611E-2 6.63626E-3
1.97597E-2 1.92461E-2 2.01517E-2 2.08685E-2 2.03355E-2 2.12959E-2 2.2067E-2 2.21951E-2 2.30061E-2 2.30081E-2 1.24535E-2 8.90488E-3 8.81843E-3 9.23857E-3 9.23971E-3 9.58604E-3 1.36331E-2 1.00425E-2 9.89761E-3 9.89712E-3 1.42818E-2 1.49569E-2 1.49593E-2 2.90441E-2 2.90455E-2 2.90455E-2 2.90455E-2 2.90455E-2 1.06172E-2 1.53201E-2 2.93028E-2 1.53201E-2 2.93605E-2 2.96173E-2 1.3239E-2 1.35572E-2 3.07744E-2 3.02627E-2 3.10464E-2 3.10449E-2 3.02651E-2 3.13137E-2 3.13146E-2 3.09798E-2 3.09814E-2 1.13292E-2 3.05299E-2 3.20505E-2 3.19806E-2 1.15992E-2 3.1983E-2 2.79944E-2 6.52575E-3 8.99689E-3 1.74461E-2 1.78545E-2 1.78115E-2 1.78142E-2 1.82295E-2 9.58379E-3 6.79179E-3
2.05227E-2 1.99932E-2 2.06894E-2 2.13384E-2 2.11065E-2 2.1855E-2 2.28806E-2 2.27668E-2 2.38282E-2 2.35956E-2 1.28972E-2 1.31745E-2 1.31771E-2 9.56002E-3 9.47045E-3 1.34649E-2 1.39678E-2 1.39695E-2 1.01377E-2 1.01393E-2 2.7994E-2 1.53178E-2 1.53201E-2 2.93042E-2 2.93042E-2 2.93042E-2 2.93042E-2 2.93042E-2 2.93042E-2 2.99999E-2 3.03266E-2 3.00007E-2 3.0062E-2 3.03218E-2 1.33586E-2 1.36779E-2 3.10415E-2 3.13112E-2 3.09798E-2 3.13161E-2 3.17793E-2 3.12475E-2 3.20546E-2 3.20546E-2 3.12484E-2 1.1427E-2 1.64843E-2 3.23268E-2 1.16967E-2 1.16986E-2 3.2254E-2 1.00077E-2 6.52499E-3 1.74492E-2 1.77065E-2 1.78567E-2 1.78129E-2 1.82305E-2 9.58379E-3 6.79127E-3 6.94992E-3
2.09977E-2 2.07653E-2 2.14774E-2 2.21389E-2 2.19047E-2 2.26687E-2 2.33701E-2 2.35906E-2 2.33521E-2 2.44348E-2 1.30286E-2 1.30291E-2 9.35826E-3 9.79673E-3 9.65336E-3 1.37994E-2 1.44443E-2 1.44466E-2 1.03856E-2 1.0386E-2 1.49857E-2 2.99931E-2 3.00022E-2 3.00022E-2 3.00022E-2 3.00022E-2 3.00037E-2 1.56885E-2 3.00037E-2 3.02619E-2 3.02627E-2 3.02636E-2 3.03275E-2 3.03259E-2 3.03251E-2 3.10415E-2 3.10449E-2 3.13137E-2 3.20521E-2 3.12484E-2 3.12484E-2 3.19806E-2 1.67316E-2 3.1983E-2 3.1983E-2 3.22506E-2 3.22524E-2 3.30858E-2 3.22549E-2 1.19744E-2 1.72719E-2 9.71694E-3 6.38658E-3 9.0732E-3 1.78572E-2 1.82748E-2 1.82295E-2 1.86555E-2 9.80805E-3 1.88096E-2 1.97435E-2
2.21209E-2 2.2536E-2 2.22921E-2 2.29618E-2 2.37556E-2 2.35093E-2 2.39714E-2 2.44367E-2 2.41947E-2 2.49302E-2 2.58176E-2 1.3358E-2 9.68473E-3 9.88977E-3 9.89165E-3 9.89166E-3 1.47983E-2 1.47993E-2 1.07311E-2 1.51238E-2 1.51221E-2 2.89281E-2 3.02606E-2 3.02651E-2 3.02651E-2 3.02651E-2 3.07145E-2 3.0716E-2 1.60642E-2 3.02675E-2 3.10464E-2 3.05258E-2 3.10458E-2 3.13128E-2 3.10458E-2 1.15131E-2 3.13137E-2 3.20505E-2 3.28054E-2 3.28079E-2 3.28079E-2 3.30823E-2 1.68745E-2 3.2254E-2 3.30858E-2 3.30858E-2 3.33602E-2 3.30058E-2 1.74151E-2 1.22556E-2 1.20762E-2 1.03977E-2 6.63625E-3 6.43164E-3 1.82776E-2 1.84278E-2 1.88569E-2 1.88081E-2 6.94993E-3 6.95099E-3 1.93994E-2
2.26231E-2 2.3376E-2 2.31275E-2 2.35589E-2 2.46203E-2 2.43701E-2 2.48391E-2 2.50528E-2 2.50573E-2 2.55573E-2 2.5562E-2 1.38254E-2 1.4323E-2 9.77985E-3 1.01347E-2 1.01351E-2 1.51567E-2 1.49368E-2 1.4936E-2 1.56211E-2 1.54887E-2 2.96227E-2 3.09721E-2 3.09813E-2 3.09829E-2 3.09829E-2 3.09829E-2 3.09829E-2 3.12475E-2 1.63443E-2 3.17817E-2 3.20512E-2 3.1317E-2 3.17793E-2 3.13161E-2 1.41297E-2 1.18899E-2 3.23234E-2 3.30807E-2 3.30858E-2 3.30858E-2 3.30858E-2 3.30039E-2 3.38573E-2 3.38582E-2 3.38582E-2 3.38582E-2 3.41391E-2 3.41401E-2 3.32807E-2 1.23564E-2 9.8768E-3 6.59139E-3 6.63693E-3 6.63711E-3 1.88589E-2 1.91406E-2 1.92428E-2 1.00366E-2 1.02692E-2 1.98454E-2
2.382E-2 2.42426E-2 2.3987E-2 2.44246E-2 2.52514E-2 2.52521E-2 2.57305E-2 2.48302E-2 2.53103E-2 2.645E-2 2.73758E-2 1.43078E-2 1.4595E-2 1.44623E-2 1.0479E-2 1.02314E-2 1.47615E-2 1.52956E-2 1.52993E-2 1.52985E-2 3.05915E-2 3.03318E-2 2.98862E-2 3.12437E-2 3.17121E-2 3.17136E-2 3.17136E-2 3.17136E-2 3.19837E-2 1.67312E-2 3.20555E-2 3.20546E-2 3.2053E-2 3.2053E-2 3.2053E-2 3.23234E-2 1.19925E-2 3.23268E-2 3.30816E-2 3.38556E-2 3.38582E-2 3.30074E-2 3.38582E-2 3.38582E-2 3.41391E-2 3.41401E-2 3.41401E-2 3.4051E-2 1.23589E-2 3.44219E-2 3.30653E-2 2.62865E-2 6.74498E-3 6.89421E-3 6.89509E-3 6.793E-3 1.92981E-2 1.97435E-2 1.99026E-2 7.16879E-3 2.03626E-2
2.47033E-2 2.51326E-2 2.48712E-2 2.53146E-2 2.61606E-2 2.55175E-2 2.66431E-2 2.6382E-2 2.62043E-2 2.71091E-2 2.711E-2 1.44451E-2 1.43094E-2 1.49549E-2 1.52584E-2 1.05775E-2 1.51234E-2 1.51225E-2 1.5668E-2 1.54384E-2 3.08547E-2 3.08638E-2 3.05984E-2 3.19752E-2 3.28095E-2 3.28095E-2 3.19846E-2 3.19855E-2 3.27315E-2 1.67329E-2 3.23284E-2 3.28063E-2 3.23284E-2 3.23243E-2 1.45895E-2 1.45895E-2 1.19938E-2 1.49341E-2 3.33601E-2 3.41348E-2 3.41401E-2 3.32823E-2 3.41401E-2 3.41401E-2 3.49292E-2 3.49318E-2 3.40545E-2 3.40545E-2 3.43297E-2 3.43306E-2 1.246E-2 2.24012E-2 9.96045E-3 6.95081E-3 7.05546E-3 7.05581E-3 1.00371E-2 1.93994E-2 2.02018E-2 2.01432E-2 2.08301E-2
2.52422E-2 2.60463E-2 2.5784E-2 2.62293E-2 2.70947E-2 2.64324E-2 2.66254E-2 2.62358E-2 2.71206E-2 2.80467E-2 2.73761E-2 1.49405E-2 1.48033E-2 1.53218E-2 1.50971E-2 1.56286E-2 1.56314E-2 1.54909E-2 1.59499E-2 1.58117E-2 3.02358E-2 3.1589E-2 3.13252E-2 3.21316E-2 3.35681E-2 3.35779E-2 3.3578E-2 3.30081E-2 1.72727E-2 1.68758E-2 3.30858E-2 3.30858E-2 3.22524E-2 3.23303E-2 1.47138E-2 1.20946E-2 1.50595E-2 2.68448E-2 1.52873E-2 3.41391E-2 3.49292E-2 3.49318E-2 3.49318E-2 3.49318E-2 3.52157E-2 3.52149E-2 3.52176E-2 3.52159E-2 3.43332E-2 3.43342E-2 1.23702E-2 2.15992E-2 1.97503E-2 7.11178E-3 7.11232E-3 7.11232E-3 1.99046E-2 1.98454E-2 2.01437E-2 2.03032E-2 2.07658E-2
2.76712E-2 2.69917E-2 2.78531E-2 2.71728E-2 2.80537E-2 2.73722E-2 2.75609E-2 2.68947E-2 2.80603E-2 2.90018E-2 2.8318E-2 2.92782E-2 2.90153E-2 1.56034E-2 1.54663E-2 1.54646E-2 1.57701E-2 2.98986E-2 3.12209E-2 3.12284E-2 3.09581E-2 3.18579E-2 3.18609E-2 3.24121E-2 3.24103E-2 3.3855E-2 3.3009E-2 3.37748E-2 3.37773E-2 1.19757E-2 3.38582E-2 3.30074E-2 3.33637E-2 3.3362E-2 3.3362E-2 1.20965E-2 1.50595E-2 3.41358E-2 1.54158E-2 3.49292E-2 3.52157E-2 3.52176E-2 3.52176E-2 3.52176E-2 3.57391E-2 3.52193E-2 3.51218E-2 3.46118E-2 3.60289E-2 3.54051E-2 1.09074E-2 2.0819E-2 1.97494E-2 1.96886E-2 7.11287E-3 1.02705E-2 1.98464E-2 2.01437E-2 1.0591E-2 2.07663E-2 2.07689E-2
2.86573E-2 2.79578E-2 2.88381E-2 2.81379E-2 2.90382E-2 2.76228E-2 2.85209E-2 2.78356E-2 2.87546E-2 2.80675E-2 2.90083E-2 2.90092E-2 2.95533E-2 2.92866E-2 1.59809E-2 2.98516E-2 2.95818E-2 3.08836E-2 3.06152E-2 3.14938E-2 3.12317E-2 3.123E-2 3.123E-2 3.34454E-2 3.31757E-2 3.46386E-2 3.46503E-2 3.40553E-2 3.40562E-2 3.32849E-2 3.41401E-2 3.41401E-2 3.41401E-2 3.41401E-2 3.41384E-2 1.23827E-2 1.18472E-2 1.55335E-2 1.5542E-2 3.52122E-2 3.57391E-2 3.6027E-2 3.60279E-2 3.60289E-2 3.60289E-2 3.60289E-2 3.63147E-2 3.54069E-2 3.6856E-2 3.5933E-2 1.08313E-2 2.09861E-2 2.02053E-2 1.96916E-2 7.27707E-3 7.27799E-3 2.01457E-2 2.03032E-2 7.50408E-3 7.56262E-3 2.12421E-2
2.96742E-2 2.89499E-2 2.98491E-2 2.91288E-2 3.00482E-2 2.85884E-2 2.95056E-2 2.88009E-2 2.97395E-2 2.90332E-2 2.99939E-2 2.92855E-2 3.02694E-2 3.02718E-2 2.95575E-2 1.59849E-2 3.05689E-2 3.16164E-2 3.08914E-2 3.08881E-2 3.22427E-2 3.19712E-2 3.19703E-2 3.23156E-2 3.37332E-2 3.3738E-2 3.5734E-2 3.48436E-2 1.8241E-2 3.40571E-2 3.49318E-2 3.49318E-2 3.49318E-2 3.49318E-2 3.44219E-2 3.4142E-2 1.19564E-2 1.14358E-2 1.25156E-2 1.59026E-2 3.60261E-2 3.60307E-2 3.60316E-2 3.63175E-2 3.63184E-2 3.63184E-2 3.63184E-2 3.71466E-2 3.71494E-2 3.62193E-2 2.90248E-2 7.50699E-3 1.0509E-2 2.06686E-2 1.05908E-2 7.44566E-3 7.4464E-3 2.13072E-2 7.67663E-3 7.73577E-3 7.85238E-3
7.31003E-2 2.99832E-2 3.08849E-2 3.01455E-2 3.10818E-2 2.95779E-2 3.05128E-2 2.979E-2 3.07466E-2 3.00223E-2 3.1003E-2 3.02753E-2 3.1276E-2 3.10038E-2 3.02752E-2 3.1577E-2 3.13029E-2 3.05722E-2 3.18982E-2 3.16264E-2 3.29974E-2 3.22508E-2 3.30789E-2 3.30789E-2 3.4517E-2 3.45268E-2 3.60256E-2 3.51263E-2 1.83893E-2 3.52203E-2 3.52176E-2 3.52176E-2 3.52176E-2 3.52176E-2 3.52176E-2 3.52176E-2 3.47018E-2 1.22405E-2 1.18109E-2 1.26255E-2 3.63157E-2 3.6856E-2 3.62156E-2 3.71485E-2 3.71485E-2 3.71494E-2 3.71513E-2 3.65015E-2 3.65025E-2 3.70363E-2 3.10102E-2 2.01748E-2 1.05908E-2 1.07502E-2 7.4464E-3 7.50446E-3 7.6174E-3 7.67701E-3 7.85218E-3 1.13375E-2 1.14233E-2
1.11454E-1 8.333E-2 3.14988E-2 3.11861E-2 3.13811E-2 3.03061E-2 3.08017E-2 3.05194E-2 3.10337E-2 3.07533E-2 3.17511E-2 3.10098E-2 3.10048E-2 3.15607E-2 3.12838E-2 3.23313E-2 3.15849E-2 3.15815E-2 3.26502E-2 3.21812E-2 3.19037E-2 3.32786E-2 3.38538E-2 3.38576E-2 3.38576E-2 3.53245E-2 3.68474E-2 3.5933E-2 3.54077E-2 3.60316E-2 3.60289E-2 3.60289E-2 3.60289E-2 3.60289E-2 3.60289E-2 3.60307E-2 3.55032E-2 3.55015E-2 1.18186E-2 1.29211E-2 3.71404E-2 3.71494E-2 3.71513E-2 3.71513E-2 3.71513E-2 3.74417E-2 3.79965E-2 3.70455E-2 3.70455E-2 3.51901E-2 2.60666E-2 2.06222E-2 2.06088E-2 2.07684E-2 2.10788E-2 1.10837E-2 1.10839E-2 2.1725E-2 7.91272E-3 8.03178E-3 8.09292E-3
1.05815E-1 1.15709E-1 7.85691E-2 3.19619E-2 3.16318E-2 3.13422E-2 3.18418E-2 3.15544E-2 3.20688E-2 3.17878E-2 3.23218E-2 3.20419E-2 3.12911E-2 3.23111E-2 3.20344E-2 3.28932E-2 3.2619E-2 3.23349E-2 3.15849E-2 3.29365E-2 3.26595E-2 3.26585E-2 3.27282E-2 3.41411E-2 3.4146E-2 3.56156E-2 3.56256E-2 3.62115E-2 3.68587E-2 3.68578E-2 3.63202E-2 3.63184E-2 3.63184E-2 3.63184E-2 3.63184E-2 3.59312E-2 3.63202E-2 3.63184E-2 1.27443E-2 1.57192E-2 3.71362E-2 3.74388E-2 3.79965E-2 3.79983E-2 3.79983E-2 3.82916E-2 3.82926E-2 3.82935E-2 3.73353E-2 3.41634E-2 2.41257E-2 2.07793E-2 2.10788E-2 2.12411E-2 1.10839E-2 7.85258E-3 7.85317E-3 8.03158E-3 8.09292E-3 8.09312E-3 8.27621E-3
1.07748E-1 1.06787E-1 1.1555E-1 7.77809E-2 3.27022E-2 3.2404E-2 3.29072E-2 3.26138E-2 3.18493E-2 3.28404E-2 3.20765E-2 3.28066E-2 3.23287E-2 3.20419E-2 3.26005E-2 3.23191E-2 3.33865E-2 3.26215E-2 3.2618E-2 3.37079E-2 3.29446E-2 3.29411E-2 3.35041E-2 3.49396E-2 3.49445E-2 3.64381E-2 3.70403E-2 3.6222E-2 3.62193E-2 3.71495E-2 3.71494E-2 3.71494E-2 3.71494E-2 3.71494E-2 3.71494E-2 3.71494E-2 3.71494E-2 3.71494E-2 3.71494E-2 1.24953E-2 1.62226E-2 3.74426E-2 3.82907E-2 3.82954E-2 3.82954E-2 3.82964E-2 3.82964E-2 3.85893E-2 3.91607E-2 3.28094E-2 2.22412E-2 2.12458E-2 2.17942E-2 2.17942E-2 2.22873E-2 8.03137E-3 8.03258E-3 8.09292E-3 8.27621E-3 8.27703E-3 8.46304E-3
1.09672E-1 1.06094E-1 1.08097E-1 1.60852E-1 7.9172E-2 7.83157E-2 3.39972E-2 3.34005E-2 3.3925E-2 3.31419E-2 3.28474E-2 3.33902E-2 3.31022E-2 3.28145E-2 3.33769E-2 3.30895E-2 3.36776E-2 3.36786E-2 3.33911E-2 3.34663E-2 3.39985E-2 3.37173E-2 3.45899E-2 3.52349E-2 3.52371E-2 3.67331E-2 3.73301E-2 3.70413E-2 3.70455E-2 3.74445E-2 3.74426E-2 3.74426E-2 3.74426E-2 3.74426E-2 3.74426E-2 3.74426E-2 3.74426E-2 3.74426E-2 3.74426E-2 1.62358E-2 3.82907E-2 3.82954E-2 3.85883E-2 3.91607E-2 3.91626E-2 3.94593E-2 3.94602E-2 3.84715E-2 3.84743E-2 3.25821E-2 2.25695E-2 2.15644E-2 1.13372E-2 2.22901E-2 2.24578E-2 2.22184E-2 2.27189E-2 8.27662E-3 8.46283E-3 8.52587E-3 8.52607E-3
1.08908E-1 1.1093E-1 1.09995E-1 1.09051E-1 1.16814E-1 8.09368E-2 8.13244E-2 3.40026E-2 3.37053E-2 3.42262E-2 3.39313E-2 3.4478E-2 3.41856E-2 3.47533E-2 3.44631E-2 3.36693E-2 3.47597E-2 3.44716E-2 3.36813E-2 3.4797E-2 3.47982E-2 3.48819E-2 3.63473E-2 3.60584E-2 3.60557E-2 3.75758E-2 3.81697E-2 3.67512E-2 3.73301E-2 3.82954E-2 3.82936E-2 3.82954E-2 3.82954E-2 3.82936E-2 3.82935E-2 3.82954E-2 3.82954E-2 3.82954E-2 3.82964E-2 3.85893E-2 3.85902E-2 3.91607E-2 3.91626E-2 3.94593E-2 3.94602E-2 3.94632E-2 3.94632E-2 3.94632E-2 4.03467E-2 3.42821E-2 2.1758E-2 2.22901E-2 2.22161E-2 2.27938E-2 2.23846E-2 2.27195E-2 2.28895E-2 1.2216E-2 1.22178E-2 8.71666E-3 8.71773E-3
1.10789E-1 1.12819E-1 1.11884E-1 1.10953E-1 1.74096E-1 8.65999E-2 8.39254E-2 8.20245E-2 8.441E-2 3.50454E-2 3.47388E-2 3.5293E-2 3.49944E-2 3.55691E-2 3.52728E-2 3.44694E-2 3.55717E-2 3.47671E-2 3.44789E-2 3.58992E-2 3.50919E-2 3.5698E-2 3.62532E-2 3.59734E-2 3.63591E-2 3.69298E-2 3.75838E-2 3.81759E-2 3.91626E-2 3.81812E-2 3.85921E-2 3.91597E-2 3.91626E-2 3.85921E-2 3.85902E-2 3.91607E-2 3.91646E-2 3.91656E-2 3.94622E-2 3.94632E-2 3.94632E-2 3.94613E-2 3.94632E-2 3.94632E-2 3.94613E-2 4.03392E-2 4.03507E-2 4.03507E-2 4.03467E-2 2.64983E-2 2.28069E-2 2.27955E-2 2.22195E-2 2.27955E-2 2.33077E-2 2.28895E-2 1.22169E-2 2.34046E-2 2.3926E-2 8.84841E-3 8.91284E-3
1.11738E-1 1.14705E-1 1.13774E-1 1.16846E-1 1.14972E-1 1.73032E-1 8.66651E-2 8.39256E-2 8.20371E-2 8.44269E-2 3.53457E-2 3.64248E-2 3.55965E-2 3.64014E-2 3.55748E-2 3.6704E-2 3.58764E-2 3.58726E-2 3.70303E-2 3.6202E-2 3.59068E-2 3.68331E-2 3.65492E-2 3.80615E-2 3.77744E-2 3.93367E-2 3.84481E-2 3.84657E-2 3.94632E-2 3.94632E-2 3.94632E-2 3.91636E-2 3.94622E-2 3.94603E-2 3.94632E-2 3.94632E-2 4.00463E-2 4.03487E-2 4.03497E-2 4.03507E-2 4.03507E-2 3.97633E-2 4.03487E-2 4.03507E-2 3.97633E-2 3.07357E-2 4.06431E-2 4.06526E-2 3.94659E-2 2.93662E-2 2.27375E-2 2.33095E-2 2.27217E-2 2.33106E-2 2.34827E-2 2.40086E-2 2.39248E-2 8.71731E-3 8.84907E-3 8.91262E-3 9.11095E-3
