day_2/Results/Podomys_floridanus/projections/2000/RUN_1.asc
ncols         385
nrows         252
xllcorner     -91.50013924285
yllcorner     25.49986064915003
cellsize      0.041666666500000005
NODATA_value  -9999
[rows 28 to 55 of 252, columns 62 to 123 of 385]
4.11723E-3 8.54552E-3 1.18674E-2 3.10751E-3 1.04175E-2 4.71356E-3 3.93368E-3 9.75411E-3 1.19941E-2 1.5656E-2 8.67388E-3 6.91563E-3 6.36975E-3 6.96259E-3 2.25624E-2 2.72231E-2 1.11597E-2 1.03258E-2 9.40777E-3 9.28409E-3 8.06492E-3 6.60653E-3 2.31307E-2 1.09596E-2 3.04875E-2 2.85114E-2 2.92532E-2 2.67438E-2 1.14818E-2 9.49186E-3 1.30367E-2 1.29694E-2 3.11881E-2 2.88802E-2 2.83444E-2 2.40578E-2 2.66066E-2 1.06651E-2 9.78606E-3 8.25207E-3 1.19614E-2 1.19079E-2 9.7801E-3 7.3369E-3 7.41319E-3 7.30045E-3 7.94398E-3 7.97883E-3 7.9672E-3 6.66258E-3 7.90929E-3 5.77204E-3 4.90891E-3 6.47544E-3 6.0004E-3 2.88816E-3 7.64733E-3 2.1081E-2 2.53622E-2 5.60504E-3 1.16065E-2 2.86072E-3
3.83804E-3 9.71434E-3 4.5623E-3 2.54166E-3 1.27447E-2 5.21999E-3 3.50535E-3 1.00651E-2 1.20388E-2 1.63139E-2 6.47807E-3 5.88081E-3 4.88143E-3 1.46623E-2 1.95196E-2 1.91772E-2 6.44117E-3 6.51289E-3 8.45846E-3 2.31887E-2 1.25614E-2 2.56545E-2 2.38702E-2 2.94214E-2 1.08621E-2 3.09175E-2 1.1704E-2 1.18779E-2 3.13536E-2 2.91881E-2 2.64701E-2 1.30078E-2 1.41833E-2 1.08729E-2 8.08918E-3 2.80958E-2 1.18955E-2 1.2931E-2 1.2979E-2 1.18691E-2 2.73283E-2 1.07203E-2 8.57375E-3 8.42288E-3 8.39821E-3 6.37942E-3 7.43518E-3 7.51501E-3 8.19137E-3 6.8741E-3 8.29528E-3 6.9132E-3 6.69556E-3 6.54013E-3 4.74922E-3 8.22829E-3 7.11627E-3 2.13109E-2 8.2292E-3 2.33718E-2 8.75492E-3 4.32682E-3
3.81812E-3 1.16747E-2 3.13752E-3 7.94608E-3 1.08128E-2 3.97178E-3 2.97756E-3 4.87917E-3 1.14145E-2 1.37558E-2 3.41663E-3 4.06697E-3 3.89794E-3 6.44928E-3 6.61959E-3 4.86343E-3 6.53294E-3 7.99359E-3 7.92796E-3 2.16415E-2 1.16099E-2 2.50375E-2 3.32059E-2 1.35337E-2 8.98533E-3 1.11546E-2 1.13981E-2 1.05031E-2 2.76363E-2 3.07811E-2 2.66569E-2 2.71283E-2 2.19246E-2 1.18457E-2 2.21087E-2 2.6772E-2 2.73685E-2 2.91591E-2 1.22499E-2 2.73886E-2 9.89814E-3 2.29827E-2 2.51441E-2 8.63422E-3 8.42042E-3 8.52665E-3 7.08607E-3 9.08029E-3 8.40181E-3 8.38943E-3 7.68279E-3 6.02007E-3 3.63686E-3 7.40075E-3 8.5117E-3 2.02429E-2 7.20159E-3 1.28442E-3 3.33248E-3 1.71717E-2 2.90055E-2 3.54627E-3
4.32319E-3 3.61683E-3 4.2997E-3 8.90261E-3 3.45855E-3 3.27333E-3 4.23828E-3 4.10812E-3 4.18271E-3 5.00071E-3 3.40599E-3 5.63561E-3 5.10839E-3 4.36145E-3 4.22136E-3 5.1821E-3 5.53756E-3 7.39064E-3 1.85237E-2 2.16574E-2 9.69989E-3 9.2839E-3 2.50867E-2 6.5084E-3 7.53309E-3 1.04363E-2 9.51215E-3 2.20158E-2 2.62522E-2 9.29784E-3 1.0603E-2 3.14405E-2 3.15377E-2 2.46679E-2 2.67916E-2 3.12109E-2 3.20267E-2 2.45773E-2 2.65719E-2 2.98226E-2 2.75514E-2 2.4777E-2 2.72295E-2 2.50828E-2 2.32087E-2 2.14848E-2 9.36196E-3 9.39672E-3 8.53965E-3 1.03909E-2 7.09006E-3 5.89358E-3 5.39208E-3 7.70065E-3 5.27476E-3 2.2469E-2 7.27558E-3 3.0416E-3 4.60648E-3 1.86505E-2 9.4375E-3 2.09716E-2
5.3718E-3 5.20201E-3 2.96247E-3 3.17844E-3 2.59246E-3 5.70876E-3 9.8156E-3 4.78239E-3 2.94594E-3 2.59764E-3 7.95351E-3 5.90628E-3 3.92763E-3 5.6961E-3 3.96986E-3 7.63689E-3 6.81783E-3 1.51836E-2 2.20067E-2 2.36889E-2 7.32034E-3 6.7655E-3 5.44062E-3 5.4091E-3 1.92067E-2 2.72206E-2 1.12741E-2 1.89301E-2 2.26899E-2 6.51351E-3 1.09415E-2 2.94215E-2 6.17144E-3 2.21194E-2 2.72281E-2 3.19096E-2 8.33187E-3 2.84657E-2 3.17463E-2 2.70793E-2 2.85076E-2 2.92806E-2 2.92377E-2 2.92591E-2 2.46803E-2 2.75573E-2 2.38279E-2 8.55233E-3 8.527E-3 9.47863E-3 8.53332E-3 7.73278E-3 9.66442E-3 8.91952E-3 6.59694E-3 2.33182E-2 1.03408E-2 4.36424E-3 7.45986E-3 2.51704E-2 2.35403E-3 8.85841E-4
4.86883E-3 6.94353E-3 3.44242E-3 2.22502E-3 2.33125E-3 7.03554E-3 1.27358E-2 5.60825E-3 3.03104E-3 2.88834E-3 3.95846E-3 4.34775E-3 4.41776E-3 4.93195E-3 5.8097E-3 6.35506E-3 4.45587E-3 5.11427E-3 1.67765E-2 4.72352E-3 1.82753E-2 6.67521E-3 7.31075E-3 7.1528E-3 5.59865E-3 2.12731E-2 6.51226E-3 1.89799E-2 1.85763E-2 1.80656E-2 1.80566E-2 7.41097E-3 5.28712E-3 2.05569E-2 8.42333E-3 6.59359E-3 6.89013E-3 2.29087E-2 9.16158E-3 5.43792E-3 1.00157E-2 2.70436E-2 2.62801E-2 1.0202E-2 2.06719E-2 2.2635E-2 2.113E-2 2.14454E-2 2.17816E-2 2.20939E-2 9.7189E-3 1.98122E-2 1.81559E-2 1.99629E-2 2.33528E-2 2.32149E-2 9.66212E-3 1.67641E-3 7.36327E-3 8.61269E-3 6.10188E-3 7.16478E-3
8.7585E-3 4.25095E-3 2.30902E-3 1.88327E-3 2.74026E-3 2.81968E-3 8.1647E-3 5.56481E-3 2.25335E-3 2.72431E-3 4.05158E-3 4.08336E-3 6.02954E-3 4.12338E-3 5.30251E-3 4.88275E-3 3.64534E-3 6.93429E-3 3.84841E-3 1.57098E-2 4.65803E-3 6.18433E-3 6.79564E-3 5.14802E-3 7.26796E-3 5.14058E-3 5.06433E-3 3.14165E-3 1.56632E-2 1.58909E-2 1.9254E-2 1.84358E-2 1.8742E-2 2.0777E-2 8.48275E-3 6.64626E-3 6.65608E-3 6.38313E-3 7.25445E-3 7.10583E-3 6.04221E-3 5.99619E-3 5.8889E-3 5.33785E-3 8.33037E-3 1.76771E-2 2.12119E-2 2.35262E-2 2.60277E-2 2.32149E-2 2.2823E-2 2.1177E-2 2.12241E-2 1.99412E-2 2.3369E-2 2.03017E-2 9.23183E-3 3.32899E-3 1.40924E-2 2.08718E-2 8.07568E-3 2.49091E-2
5.13813E-3 3.33352E-3 3.26813E-3 3.55136E-3 4.51612E-3 3.36023E-3 4.254E-3 5.02969E-3 2.60866E-3 2.56368E-3 3.04767E-3 1.0848E-2 4.20229E-3 3.16985E-3 4.63628E-3 5.3465E-3 4.04436E-3 1.46511E-2 4.03427E-3 5.58017E-3 1.69194E-2 5.67409E-3 5.9496E-3 1.92823E-2 2.15754E-2 1.85262E-2 6.57082E-3 5.12939E-3 3.65863E-3 4.57194E-3 1.6428E-2 2.15546E-2 2.44492E-2 2.28058E-2 2.11964E-2 8.66859E-3 1.04079E-2 1.14191E-2 9.42095E-3 7.70065E-3 6.59251E-3 7.18592E-3 5.5411E-3 6.67195E-3 7.16159E-3 6.65228E-3 2.1433E-2 1.16871E-2 1.06921E-2 5.0107E-3 1.59383E-2 1.77816E-2 1.94659E-2 8.86345E-3 8.56596E-3 8.14019E-3 1.20861E-2 1.54953E-2 8.63813E-3 1.54766E-2 9.86659E-3 2.49275E-2
2.45063E-3 4.30805E-3 5.44582E-3 3.87775E-3 3.92002E-3 5.26373E-3 9.94581E-3 1.27799E-2 4.35655E-3 2.71069E-3 2.97284E-3 9.05089E-3 4.04584E-3 5.82856E-3 5.42391E-3 5.0571E-3 4.55086E-3 3.99124E-3 7.09312E-3 4.02236E-3 4.72956E-3 7.44829E-3 4.68794E-3 5.12176E-3 8.69772E-3 1.6421E-2 1.80195E-2 7.2136E-3 1.84453E-2 9.02305E-3 2.01661E-2 2.11989E-2 1.94791E-2 1.96434E-2 2.06414E-2 2.12982E-2 2.13921E-2 2.31199E-2 2.09788E-2 9.41302E-3 8.65088E-3 7.84958E-3 2.0074E-2 7.29028E-3 6.15401E-3 6.78076E-3 8.13767E-3 6.73153E-3 6.1471E-3 3.81532E-3 5.8677E-3 1.20733E-2 1.77161E-2 2.44525E-2 2.3574E-3 1.06554E-3 1.72091E-3 6.60586E-3 6.27661E-3 7.21509E-3 1.73878E-2 3.29308E-3
2.68739E-3 1.17029E-2 1.07988E-2 6.13997E-3 5.31713E-3 4.9046E-3 4.61507E-3 2.51949E-3 8.1506E-3 8.27729E-3 3.06035E-3 3.63392E-3 4.07979E-3 3.29687E-3 4.1462E-3 3.80852E-3 4.04704E-3 3.81344E-3 4.06307E-3 1.47459E-2 1.42891E-2 4.71191E-3 6.10356E-3 7.41198E-3 5.18457E-3 5.05763E-3 5.35574E-3 1.69463E-2 1.89944E-2 2.1276E-2 7.68235E-3 3.52862E-3 3.3611E-3 1.44934E-2 7.18641E-3 2.17801E-2 2.47522E-2 6.49696E-3 1.68015E-2 2.04119E-2 2.12082E-2 2.12238E-2 2.14438E-2 7.30154E-3 1.83157E-2 1.86309E-2 8.35286E-3 5.31354E-3 6.81608E-3 8.13164E-3 2.11925E-2 1.88822E-2 6.97142E-3 1.67551E-2 2.26125E-3 3.01572E-3 2.10684E-3 2.71742E-3 1.2276E-2 6.21384E-3 1.9174E-2 1.19596E-2
3.03196E-3 4.6017E-3 1.26431E-2 6.03152E-3 6.32179E-3 5.92805E-3 4.23028E-3 2.3456E-3 3.20872E-3 3.03616E-3 8.25209E-3 8.72401E-3 4.52301E-3 3.94749E-3 3.20636E-3 2.80538E-3 4.18134E-3 4.66523E-3 4.55082E-3 3.81377E-3 3.54658E-3 1.31E-2 7.67283E-3 6.20836E-3 5.57928E-3 6.20372E-3 5.09485E-3 2.70699E-3 2.34089E-3 2.59562E-3 2.633E-3 2.37631E-3 1.95279E-3 1.76646E-3 4.91415E-3 4.7142E-3 4.23903E-3 4.457E-3 3.61981E-3 1.57529E-2 2.03223E-2 1.78822E-2 1.4686E-2 1.5821E-2 1.95234E-2 1.98771E-2 2.01708E-2 2.02307E-2 1.63891E-2 8.22435E-3 1.76667E-3 3.76938E-3 3.38736E-3 1.03887E-2 1.74693E-2 1.85863E-2 1.03921E-2 5.20649E-3 2.68697E-3 8.5121E-3 9.52145E-3 6.57897E-3
2.50594E-3 3.91687E-3 8.39802E-3 1.34882E-2 7.54804E-3 6.49649E-3 3.9906E-3 2.32809E-3 1.86506E-3 4.98864E-3 2.09073E-3 8.59207E-3 3.49579E-3 3.36888E-3 2.18895E-3 2.60902E-3 4.29015E-3 3.54296E-3 4.33199E-3 3.41923E-3 3.10555E-3 3.70205E-3 4.41828E-3 4.20854E-3 1.11449E-2 4.36556E-3 3.52293E-3 2.47232E-3 2.73309E-3 1.98867E-3 4.50886E-3 2.49554E-3 2.71546E-3 2.22542E-3 4.11458E-3 3.23771E-3 4.60005E-3 6.04973E-3 2.772E-3 3.5948E-3 4.39853E-3 5.31026E-3 3.60329E-3 1.5404E-2 1.90153E-2 1.90294E-2 2.13596E-2 7.11862E-3 2.08564E-2 7.31353E-3 5.78135E-3 1.40824E-3 1.01212E-2 1.24131E-2 1.90514E-2 9.49535E-3 5.62807E-3 2.5371E-3 2.18985E-3 2.97606E-3 2.50343E-3 6.40115E-3
2.82584E-3 3.26576E-3 3.67156E-3 1.02582E-2 1.27776E-2 6.58129E-3 3.07639E-3 3.59358E-3 2.17627E-3 8.10067E-3 2.07292E-3 7.93125E-3 2.8977E-3 3.48518E-3 2.00334E-3 3.5525E-3 2.70536E-3 3.61756E-3 3.60499E-3 3.56178E-3 4.4307E-3 7.20564E-3 5.87705E-3 3.58958E-3 4.66155E-3 5.62369E-3 4.49081E-3 4.24519E-3 2.86938E-3 3.52682E-3 3.91941E-3 4.63651E-3 3.44199E-3 3.40444E-3 4.6141E-3 4.22873E-3 6.92116E-3 4.13399E-3 4.89103E-3 4.93104E-3 5.45632E-3 4.10688E-3 4.91271E-3 4.85269E-3 5.24023E-3 4.40813E-3 2.65814E-3 1.06921E-2 1.71973E-2 4.00557E-3 2.45243E-3 1.42919E-3 2.61997E-3 2.31622E-3 3.81795E-3 2.91073E-3 2.8421E-3 2.61429E-3 1.53016E-3 2.28757E-3 5.90373E-3 1.01788E-2
3.3032E-3 3.73663E-3 3.81908E-3 3.83956E-3 4.94148E-3 6.28016E-3 5.26751E-3 3.12082E-3 2.93527E-3 2.84898E-3 3.11021E-3 8.66357E-3 2.98105E-3 1.91421E-3 1.72013E-3 3.83484E-3 4.34417E-3 5.80897E-3 5.07986E-3 5.08136E-3 4.55491E-3 3.69172E-3 4.0122E-3 3.01667E-3 3.33615E-3 3.03284E-3 2.41022E-3 4.22618E-3 3.91633E-3 5.23324E-3 4.71827E-3 3.91375E-3 2.40674E-3 2.87394E-3 2.96595E-3 3.98619E-3 4.90338E-3 4.61556E-3 3.42829E-3 4.96136E-3 5.57339E-3 4.97768E-3 4.19238E-3 3.73779E-3 4.1618E-3 2.87685E-3 2.76573E-3 2.77083E-3 3.45451E-3 2.43175E-3 2.36545E-3 3.00285E-3 2.25823E-3 2.64379E-3 4.00664E-3 2.49083E-3 2.94678E-3 3.62958E-3 2.80008E-3 1.00566E-2 9.48998E-3 6.11159E-3
9.64227E-3 5.08877E-3 3.83E-3 5.63301E-3 4.14565E-3 1.11066E-2 3.69844E-3 1.8179E-3 2.99496E-3 2.40957E-3 2.66514E-3 7.9513E-3 3.84307E-3 2.44117E-3 1.51528E-3 5.05346E-3 3.9546E-3 3.02636E-3 2.62893E-3 3.20428E-3 3.62377E-3 2.59136E-3 2.90733E-3 2.57433E-3 4.14946E-3 3.50176E-3 2.74645E-3 3.12915E-3 2.53975E-3 4.99576E-3 3.79415E-3 2.235E-3 2.46918E-3 3.02785E-3 3.13831E-3 3.1096E-3 4.42544E-3 4.38019E-3 2.44277E-3 3.17532E-3 4.36677E-3 3.55203E-3 5.05659E-3 4.71895E-3 4.52489E-3 3.41828E-3 4.53793E-3 2.26975E-3 2.29502E-3 2.03718E-3 3.31971E-3 3.48222E-3 2.63823E-3 2.57029E-3 4.15557E-3 2.5031E-3 3.67598E-3 4.99427E-3 3.37385E-3 1.77735E-2 6.74261E-3 5.51232E-3
1.21997E-2 1.47767E-2 1.28166E-2 4.68189E-3 4.33367E-3 5.89369E-3 5.0704E-3 3.0994E-3 2.70485E-3 3.83129E-3 2.26977E-3 1.65864E-3 9.57373E-3 1.6788E-3 3.26024E-3 3.27208E-3 3.09654E-3 1.85225E-3 2.64945E-3 2.77172E-3 3.3626E-3 2.15292E-3 3.46257E-3 3.03837E-3 4.39063E-3 2.95065E-3 3.18701E-3 3.82484E-3 5.63707E-3 4.79585E-3 2.90275E-3 2.55864E-3 3.39126E-3 3.73591E-3 3.79106E-3 3.24728E-3 3.52269E-3 1.06532E-2 4.14217E-3 4.28679E-3 5.46042E-3 3.6961E-3 6.19527E-3 4.36211E-3 2.13484E-3 4.2171E-3 2.70717E-3 1.77037E-3 2.12795E-3 2.19807E-3 3.90887E-3 3.36966E-3 2.46582E-3 4.37021E-3 2.52178E-3 3.46073E-3 6.23443E-3 5.25895E-3 1.12457E-2 5.02352E-3 5.48511E-3 8.21247E-3
2.59204E-3 3.11268E-3 1.05282E-2 1.19896E-2 5.33024E-3 4.814E-3 5.8985E-3 4.18891E-3 3.30269E-3 3.69312E-3 3.87325E-3 1.45645E-3 9.61483E-3 1.84638E-3 3.59762E-3 2.99084E-3 1.73581E-3 2.07237E-3 2.70143E-3 3.68965E-3 3.00802E-3 1.65848E-3 5.80678E-3 4.9512E-3 6.39261E-3 4.84666E-3 5.67994E-3 4.79307E-3 6.35594E-3 3.57627E-3 3.56512E-3 2.43063E-3 2.4217E-3 3.49933E-3 4.27466E-3 4.24873E-3 2.76243E-3 2.99937E-3 1.3157E-2 4.21358E-3 5.01122E-3 4.50541E-3 4.09217E-3 2.32004E-3 2.9613E-3 3.33981E-3 2.43681E-3 1.86619E-3 3.60412E-3 4.20508E-3 3.38311E-3 3.58307E-3 2.86519E-3 4.20508E-3 3.50853E-3 5.90828E-3 6.93637E-3 3.08054E-3 4.13789E-3 5.17694E-3 2.09175E-2 9.17799E-3
2.88396E-3 3.92977E-3 3.86973E-3 9.94737E-3 1.13219E-2 1.12389E-2 1.35131E-2 4.11715E-3 3.72475E-3 3.44683E-3 3.20537E-3 1.74287E-3 4.09122E-3 3.95365E-3 3.02745E-3 1.63875E-3 2.40846E-3 1.7985E-3 3.03637E-3 2.85651E-3 1.69867E-3 2.75899E-3 1.53842E-2 5.91504E-3 4.43565E-3 4.33142E-3 1.27027E-2 3.9351E-3 5.20305E-3 3.32503E-3 2.75223E-3 3.68065E-3 3.9351E-3 3.69711E-3 2.81398E-3 3.99998E-3 2.89985E-3 3.63591E-3 1.2323E-2 4.63671E-3 5.07147E-3 3.43921E-3 2.85916E-3 2.83587E-3 4.50695E-3 2.14876E-3 3.33192E-3 5.48591E-3 6.62306E-3 4.24274E-3 2.50651E-3 3.68006E-3 6.18429E-3 6.35714E-3 7.99766E-3 6.68256E-3 4.13295E-3 2.69981E-3 4.30574E-3 2.19388E-2 2.4773E-2 1.19782E-2
3.96219E-3 3.3022E-3 1.08901E-2 1.10099E-2 1.25056E-2 9.41874E-3 1.10122E-2 1.00877E-2 4.21969E-3 2.72352E-3 2.98285E-3 5.43552E-3 6.01956E-3 5.30405E-3 2.05385E-3 1.99687E-3 1.72845E-3 2.4648E-3 3.58576E-3 2.42926E-3 1.79009E-3 5.82044E-3 5.59569E-3 3.81122E-3 2.90417E-3 2.35671E-3 2.18995E-3 2.95943E-3 3.72803E-3 3.36008E-3 5.42879E-3 3.11298E-3 3.24187E-3 3.71836E-3 4.14889E-3 3.56752E-3 4.1988E-3 2.86342E-3 2.36333E-3 1.05746E-2 2.98325E-3 2.63926E-3 5.09836E-3 3.67378E-3 3.19712E-3 5.57577E-3 6.75895E-3 3.62169E-3 4.70843E-3 2.9989E-3 1.72121E-3 1.33937E-2 1.79489E-2 2.14875E-2 7.36407E-3 2.2762E-3 3.38817E-3 5.8731E-3 2.29957E-2 9.40798E-3 6.88849E-3 5.58353E-3
1.08319E-2 5.2857E-3 4.17606E-3 4.83119E-3 6.0896E-3 4.37098E-3 3.66305E-3 3.8448E-3 1.16153E-2 1.32916E-2 5.32044E-3 5.96382E-3 4.16966E-3 1.90833E-3 2.02745E-3 2.86824E-3 2.29043E-3 3.64708E-3 2.49497E-3 1.45674E-3 4.43253E-3 5.38105E-3 2.97298E-3 2.87407E-3 4.22366E-3 2.69959E-3 2.33341E-3 3.65927E-3 5.09947E-3 3.1743E-3 3.91223E-3 2.64401E-3 2.57107E-3 3.11176E-3 5.44054E-3 3.69593E-3 2.71737E-3 2.93897E-3 2.38999E-3 4.274E-3 3.96013E-3 3.98715E-3 3.97212E-3 4.81998E-3 5.33063E-3 3.09616E-3 3.8919E-3 4.72982E-3 3.47284E-3 1.86992E-3 4.18873E-3 5.75159E-3 1.14868E-2 3.92277E-3 1.48748E-3 2.26469E-3 9.25354E-3 6.46201E-3 5.92373E-3 7.08873E-3 5.31643E-3 9.83446E-3
9.83378E-3 1.44767E-2 5.56833E-3 4.21626E-3 4.92429E-3 4.93951E-3 3.52777E-3 3.98667E-3 4.02228E-3 1.49781E-2 4.73078E-3 4.51441E-3 4.27269E-3 2.81256E-3 2.30391E-3 2.67236E-3 2.81686E-3 1.71763E-3 1.42207E-3 2.52341E-3 5.57875E-3 2.2466E-3 2.22248E-3 5.23496E-3 3.95415E-3 3.81639E-3 3.53296E-3 3.87534E-3 3.91928E-3 3.84055E-3 4.85411E-3 2.67103E-3 2.637E-3 3.24312E-3 3.57258E-3 3.28752E-3 3.75396E-3 2.55636E-3 3.11724E-3 2.84871E-3 3.31747E-3 3.30162E-3 4.16335E-3 4.67873E-3 4.27057E-3 2.60564E-3 4.74673E-3 1.53665E-3 1.51036E-3 1.40608E-2 2.69876E-2 1.30819E-2 3.06693E-3 1.1574E-3 2.6714E-3 2.60176E-2 3.09757E-2 1.37134E-2 6.11137E-3 2.26478E-2 8.32223E-3 6.0224E-3
2.2977E-3 4.49877E-3 1.54571E-2 4.6123E-3 5.13971E-3 4.81739E-3 6.06197E-3 5.32653E-3 4.13481E-3 1.61958E-2 5.96609E-3 6.04172E-3 4.71488E-3 2.17519E-3 1.56207E-3 2.60411E-3 1.83431E-3 1.61022E-3 2.40289E-3 1.27461E-2 3.22091E-3 3.73915E-3 4.04327E-3 2.95658E-3 2.62119E-3 3.52041E-3 5.2547E-3 2.78062E-3 4.48052E-3 5.97979E-3 4.60241E-3 2.95515E-3 2.93431E-3 4.54219E-3 2.58406E-3 2.52229E-3 4.19026E-3 4.83159E-3 4.06096E-3 4.08273E-3 4.02475E-3 3.03133E-3 3.55477E-3 4.33719E-3 4.49568E-3 4.04239E-3 2.19909E-3 3.32507E-3 1.37989E-2 3.15621E-2 2.73238E-2 3.19356E-3 1.55416E-3 5.56521E-3 2.89321E-2 3.63008E-2 1.23972E-2 5.84462E-3 8.87624E-3 6.5875E-3 5.60536E-3 5.55924E-3
3.45615E-3 3.83911E-3 1.25485E-2 6.11454E-3 5.27078E-3 4.99299E-3 1.13147E-2 7.00549E-3 4.66321E-3 1.5507E-2 6.6809E-3 5.97885E-3 3.99025E-3 2.55095E-3 1.82654E-3 8.84606E-3 7.87765E-3 8.74635E-3 1.16633E-2 3.27214E-3 2.90502E-3 2.31928E-3 2.77013E-3 2.53951E-3 2.39044E-3 5.64218E-3 4.39405E-3 2.52229E-3 3.22344E-3 8.22008E-3 3.52158E-3 2.25563E-3 4.48988E-3 5.05267E-3 4.60469E-3 3.97503E-3 3.74809E-3 3.3866E-3 4.69322E-3 4.50141E-3 4.37561E-3 4.96114E-3 4.24147E-3 4.80007E-3 5.01858E-3 3.81716E-3 6.94644E-3 2.53442E-2 2.72119E-2 4.79904E-3 2.26588E-3 2.42591E-3 1.52985E-2 3.08371E-2 1.68581E-2 1.29612E-2 6.4728E-3 7.95263E-3 7.2742E-3 5.80941E-3 7.00175E-3 1.94255E-3
4.41403E-3 5.60593E-3 5.61664E-3 1.50203E-2 6.74709E-3 5.41722E-3 5.45578E-3 1.37587E-2 1.27847E-2 1.60901E-2 7.05078E-3 6.46674E-3 4.08047E-3 1.94537E-3 6.81205E-3 3.01089E-3 2.14986E-3 2.61894E-3 2.2364E-3 2.47181E-3 2.17187E-3 2.70126E-3 5.1264E-3 2.67677E-3 2.31949E-3 1.37225E-2 4.4683E-3 2.63238E-3 8.24541E-3 6.99854E-3 4.41747E-3 3.10783E-3 2.3039E-3 2.78395E-3 2.54493E-3 1.08216E-2 8.56931E-3 4.21549E-3 4.0366E-3 5.11483E-3 4.25453E-3 5.498E-3 5.103E-3 4.66095E-3 7.94568E-3 8.75659E-3 2.53337E-2 1.1194E-2 2.65135E-3 1.40446E-3 4.6908E-3 2.32911E-2 2.70914E-2 1.18498E-2 1.3115E-2 4.39133E-3 2.16509E-2 7.15982E-3 8.34431E-3 4.28458E-3 2.15744E-3 1.0865E-2
1.5571E-2 1.44285E-2 5.33581E-3 4.76087E-3 8.04638E-3 6.02871E-3 4.05951E-3 1.19908E-2 1.26332E-2 1.48895E-2 1.08925E-2 5.18608E-3 3.07804E-3 2.05897E-3 1.03299E-2 3.29744E-3 2.18496E-3 2.96372E-3 3.03878E-3 2.66769E-3 3.51303E-3 4.16579E-3 3.33779E-3 1.61905E-3 2.62193E-3 7.53974E-3 2.82172E-3 2.74916E-3 9.91782E-3 3.99768E-3 2.93386E-3 3.83408E-3 2.93659E-3 2.09464E-3 2.55858E-3 9.8546E-3 1.32738E-2 4.57895E-3 4.54565E-3 1.51454E-2 6.63228E-3 5.1751E-3 5.9924E-3 9.85034E-3 1.17539E-2 8.76996E-3 6.72406E-3 1.8181E-3 2.29529E-3 1.60908E-2 9.3176E-3 2.92838E-2 1.32503E-2 3.27113E-2 1.10987E-2 6.94306E-3 3.69454E-3 4.89081E-3 4.08728E-3 3.092E-3 1.58799E-2 1.08323E-2
4.02726E-3 1.15358E-2 1.61613E-2 6.54648E-3 1.21807E-2 4.94937E-3 4.51705E-3 4.7758E-3 3.36818E-3 9.06386E-3 1.38846E-2 4.64659E-3 3.16361E-3 1.92473E-3 5.94825E-3 1.88838E-3 2.42893E-3 3.6346E-3 3.09923E-3 4.08713E-3 4.09742E-3 2.55089E-3 2.80005E-3 1.85689E-3 3.1793E-3 5.26677E-3 3.03645E-3 7.66935E-3 4.18693E-3 3.05911E-3 2.47058E-3 5.14208E-3 2.99412E-3 2.02236E-3 2.41209E-3 2.33985E-3 2.42609E-3 6.52454E-3 3.93544E-3 3.87202E-3 6.5618E-3 1.50822E-2 7.47905E-3 5.32577E-3 5.80178E-3 6.8069E-3 2.28309E-3 5.84801E-3 9.4959E-3 1.97244E-2 2.53924E-2 1.25282E-2 1.4823E-2 1.55785E-2 1.06425E-2 4.34038E-3 4.85529E-3 3.98748E-3 1.45303E-2 1.17228E-2 9.92349E-3 1.08337E-2
3.59059E-3 3.28334E-3 1.11148E-2 1.20944E-2 1.25016E-2 6.07657E-3 4.56754E-3 4.47235E-3 4.16816E-3 2.51228E-3 1.03323E-2 4.64952E-3 3.5164E-3 4.25467E-3 5.04514E-3 1.3837E-3 3.04192E-3 3.46922E-3 4.10643E-3 4.55625E-3 4.04945E-3 4.10928E-3 4.48901E-3 2.13129E-3 3.30773E-3 4.94409E-3 4.76799E-3 6.64102E-3 3.84911E-3 3.12746E-3 3.06978E-3 6.35796E-3 3.47221E-3 2.63801E-3 5.81209E-3 2.50375E-3 3.21532E-3 1.21915E-2 8.90771E-3 5.84694E-3 3.92041E-3 3.71597E-3 1.51187E-2 6.88187E-3 6.36362E-3 4.74382E-3 1.07929E-2 2.60393E-2 8.66889E-3 1.0519E-2 1.92295E-2 2.63677E-2 3.51495E-2 1.54954E-2 1.03676E-2 4.74477E-3 4.18201E-3 2.72611E-3 5.67504E-3 6.19363E-3 7.1185E-3 2.06516E-2
5.74914E-3 3.21442E-3 4.58166E-3 1.25052E-2 1.1012E-2 5.91596E-3 3.80728E-3 4.61918E-3 4.56642E-3 2.67795E-3 9.77267E-3 5.22183E-3 5.76804E-3 5.54829E-3 2.97863E-3 1.89901E-3 4.19862E-3 4.64205E-3 4.15452E-3 2.90825E-3 2.35153E-3 3.99048E-3 2.61652E-3 2.78943E-3 8.99091E-3 3.02824E-3 1.61281E-2 5.5363E-3 4.18968E-3 2.98785E-3 7.0745E-3 7.36527E-3 4.35847E-3 2.52143E-3 1.9769E-3 8.2067E-3 1.02069E-2 4.89632E-3 4.97094E-3 5.20731E-3 3.6402E-3 2.71391E-3 6.17258E-3 1.7346E-2 5.87042E-3 2.03691E-2 2.71336E-2 1.06031E-2 7.47967E-3 8.62021E-3 7.16924E-3 2.30561E-2 2.76183E-2 2.48288E-2 1.0075E-2 4.28749E-3 3.53025E-3 5.12392E-3 2.16562E-2 5.95891E-3 8.85229E-3 5.19577E-3
