day_2/Results/Podomys_floridanus/projections/2000/RUN_1.asc
ncols         385
nrows         252
xllcorner     -91.50013924285
yllcorner     25.49986064915003
cellsize      0.041666666500000005
NODATA_value  -9999
[rows 112 to 139 of 252, columns 186 to 247 of 385]
4.86885E-3 4.8572E-3 5.29203E-3 5.72566E-3 5.05262E-3 6.14371E-3 1.8023E-2 6.2348E-3 6.30299E-3 1.5656E-2 6.84021E-3 6.91993E-3 6.52154E-3 1.59237E-2 1.6106E-2 1.50742E-2 1.72446E-2 4.30387E-2 4.03102E-2 3.77045E-2 3.61167E-2 1.43905E-2 3.57167E-2 1.38083E-2 1.45542E-2 1.4792E-2 1.47131E-2 1.42217E-2 1.50123E-2 1.44046E-2 1.42707E-2 1.45973E-2 1.48944E-2 4.61522E-2 4.39481E-2 3.69746E-2 1.60534E-2 4.617E-2 4.86072E-2 4.23839E-2 4.30153E-2 4.83439E-2 4.90568E-2 4.60418E-2 5.74894E-2 6.18297E-2 6.69357E-2 6.3003E-2 9.38942E-2 1.0773E-1 1.13401E-1 1.17231E-1 1.3419E-1 1.3198E-1 3.43016E-2 3.29134E-2 3.36869E-2 3.28355E-2 3.40211E-2 2.57265E-2 -9999 -9999
1.35874E-2 1.18042E-2 5.05127E-3 5.33048E-3 5.45475E-3 6.33529E-3 1.61204E-2 6.03639E-3 6.37621E-3 6.85707E-3 6.54902E-3 1.7065E-2 1.72976E-2 4.24907E-2 1.6262E-2 4.04137E-2 1.52779E-2 1.63138E-2 3.78743E-2 3.82698E-2 3.80726E-2 1.45117E-2 1.3872E-2 1.36604E-2 1.38992E-2 1.37669E-2 1.39869E-2 1.31987E-2 1.33157E-2 1.46258E-2 1.48292E-2 1.50158E-2 1.41678E-2 1.41947E-2 4.80629E-2 4.28161E-2 4.27746E-2 1.56826E-2 1.70941E-2 4.28097E-2 4.40599E-2 4.50133E-2 5.57937E-2 5.76373E-2 6.38262E-2 6.02501E-2 6.83119E-2 8.81471E-2 1.01945E-1 1.0618E-1 1.09387E-1 1.24052E-1 1.44571E-1 1.39676E-1 3.64733E-2 3.88107E-2 3.43007E-2 3.98752E-2 3.13042E-2 1.98645E-1 -9999 -9999
1.47347E-2 1.29338E-2 1.69439E-2 1.27203E-2 4.84662E-3 1.56857E-2 1.5169E-2 6.10773E-3 1.50256E-2 1.69773E-2 4.25448E-2 1.76535E-2 4.37084E-2 1.64327E-2 4.04655E-2 4.02328E-2 1.66349E-2 4.07896E-2 3.8344E-2 3.85164E-2 3.66473E-2 3.65759E-2 1.37603E-2 1.31474E-2 1.31977E-2 1.32287E-2 1.31848E-2 3.81915E-2 1.46063E-2 3.67282E-2 1.49754E-2 1.41621E-2 1.45037E-2 1.36616E-2 1.45622E-2 1.50828E-2 4.07636E-2 3.90713E-2 1.615E-2 4.44272E-2 4.73759E-2 4.8753E-2 5.75179E-2 5.95982E-2 6.0526E-2 6.17762E-2 6.5961E-2 9.02257E-2 1.02656E-1 1.14215E-1 1.15961E-1 1.33941E-1 1.51032E-1 1.49451E-1 3.68855E-2 4.10947E-2 4.29604E-2 3.9461E-2 1.65955E-1 2.01995E-1 -9999 -9999
1.39028E-2 1.39659E-2 1.40558E-2 1.5976E-2 1.39636E-2 1.40904E-2 4.25435E-2 3.71177E-2 1.53701E-2 1.61998E-2 1.73568E-2 1.74358E-2 4.30939E-2 1.68645E-2 1.68645E-2 4.15089E-2 1.65119E-2 4.68784E-2 3.95008E-2 3.68145E-2 3.63572E-2 1.40751E-2 1.40658E-2 3.47742E-2 3.78718E-2 1.43973E-2 1.47631E-2 1.45477E-2 1.49855E-2 1.50361E-2 1.52293E-2 3.74529E-2 3.84484E-2 3.64761E-2 3.52333E-2 4.2708E-2 3.55644E-2 1.57085E-2 4.6101E-2 4.52238E-2 5.16548E-2 4.90023E-2 6.16878E-2 5.96041E-2 6.54074E-2 8.61645E-2 8.91888E-2 9.83592E-2 1.04234E-1 1.07866E-1 1.12284E-1 1.26032E-1 1.46712E-1 1.47035E-1 3.88027E-2 4.11875E-2 4.15015E-2 3.12287E-2 1.98645E-1 -9999 -9999 -9999
1.6017E-2 3.22526E-2 3.45233E-2 3.31354E-2 1.40849E-2 3.79716E-2 4.36027E-2 4.0336E-2 3.78014E-2 1.55859E-2 1.74339E-2 4.16697E-2 1.5522E-2 4.10799E-2 1.69569E-2 3.92961E-2 1.57998E-2 3.94239E-2 3.66437E-2 3.73009E-2 4.23489E-2 3.48471E-2 3.48889E-2 3.52243E-2 3.83181E-2 3.83688E-2 3.84665E-2 1.50158E-2 1.49956E-2 1.52086E-2 3.73776E-2 3.83966E-2 3.94501E-2 3.91539E-2 4.29107E-2 4.40464E-2 4.44059E-2 3.9996E-2 5.32315E-2 4.86279E-2 1.80649E-2 5.03103E-2 5.67752E-2 6.44492E-2 6.36013E-2 9.48696E-2 9.17711E-2 1.0287E-1 1.10404E-1 1.16527E-1 1.28949E-1 8.48517E-2 3.71592E-2 1.03367E-1 4.00372E-2 4.21062E-2 4.01904E-2 1.95922E-1 -9999 -9999 -9999 -9999
4.05034E-2 4.39441E-2 3.55431E-2 1.26171E-2 1.35981E-2 4.12868E-2 4.41097E-2 3.89707E-2 3.89958E-2 1.47049E-2 1.66698E-2 3.95521E-2 1.58831E-2 4.1835E-2 1.48971E-2 1.49692E-2 1.58785E-2 4.54367E-2 3.74475E-2 3.75673E-2 3.5879E-2 4.64039E-2 3.52884E-2 3.54056E-2 3.86963E-2 1.46815E-2 1.5026E-2 1.50361E-2 4.00082E-2 1.52086E-2 4.11619E-2 3.87708E-2 1.48485E-2 4.00343E-2 4.06198E-2 4.66401E-2 4.78899E-2 4.88883E-2 4.99135E-2 5.1164E-2 4.87867E-2 6.10109E-2 6.24936E-2 5.88825E-2 7.85776E-2 9.83604E-2 9.6015E-2 1.01595E-1 1.07069E-1 1.10101E-1 1.20646E-1 1.27963E-1 3.60746E-2 3.86735E-2 3.91961E-2 2.495E-1 3.84409E-2 -9999 -9999 -9999 -9999 -9999
3.36445E-2 4.43524E-2 3.66226E-2 4.18602E-2 1.29602E-2 1.38629E-2 3.65046E-2 4.46997E-2 4.47287E-2 3.67427E-2 1.52208E-2 1.61218E-2 1.6058E-2 3.97961E-2 4.31005E-2 3.72521E-2 1.60169E-2 3.78611E-2 4.3771E-2 3.77865E-2 3.54995E-2 3.63591E-2 3.9314E-2 3.58279E-2 3.90512E-2 3.65208E-2 1.49121E-2 1.51983E-2 1.52868E-2 1.56207E-2 1.57783E-2 3.90479E-2 1.51866E-2 4.3131E-2 4.05645E-2 4.19942E-2 5.14695E-2 5.28472E-2 5.45006E-2 5.91808E-2 5.49821E-2 5.68937E-2 6.45832E-2 8.39241E-2 8.97547E-2 8.902E-2 1.01462E-1 1.04583E-1 1.14517E-1 1.22103E-1 1.31145E-1 8.64667E-2 3.60788E-2 3.84258E-2 2.42024E-1 2.51089E-1 2.46962E-1 -9999 -9999 -9999 -9999 -9999
4.00741E-2 3.79185E-2 3.53395E-2 3.79958E-2 3.87175E-2 3.96633E-2 1.30866E-2 4.32402E-2 4.30166E-2 4.29322E-2 1.62356E-2 4.0831E-2 4.0486E-2 4.72621E-2 1.53401E-2 1.42691E-2 1.33349E-2 1.55313E-2 4.81349E-2 3.6335E-2 3.57395E-2 3.58581E-2 3.98761E-2 3.97437E-2 3.97615E-2 4.01422E-2 4.01422E-2 4.03206E-2 4.07817E-2 4.16997E-2 4.17844E-2 4.22938E-2 4.22363E-2 1.64678E-2 4.17934E-2 1.56479E-2 4.17915E-2 5.65739E-2 5.87978E-2 4.52502E-2 4.87733E-2 6.07128E-2 6.51949E-2 3.141E-2 9.28018E-2 9.46445E-2 1.0783E-1 1.08046E-1 1.09597E-1 1.2684E-1 1.41295E-1 1.47146E-1 3.69606E-2 3.96667E-2 2.46122E-1 2.54457E-1 2.105E-1 -9999 -9999 -9999 -9999 -9999
4.35603E-2 4.12951E-2 4.12673E-2 3.85282E-2 4.48602E-2 4.16732E-2 3.54381E-2 3.84625E-2 4.34025E-2 4.3601E-2 3.58554E-2 1.53809E-2 4.39148E-2 4.71376E-2 1.45341E-2 4.76305E-2 3.6143E-2 1.44595E-2 4.7382E-2 4.72885E-2 3.98231E-2 3.98496E-2 4.84051E-2 3.76893E-2 4.04658E-2 4.90209E-2 4.10789E-2 4.07269E-2 1.46073E-2 1.44944E-2 3.92716E-2 4.22938E-2 1.65527E-2 5.31844E-2 4.48419E-2 5.50118E-2 4.25848E-2 4.6143E-2 5.47136E-2 4.83162E-2 5.27753E-2 6.50327E-2 6.03811E-2 3.15002E-2 9.85315E-2 1.01956E-1 1.10557E-1 1.16477E-1 1.21763E-1 1.31303E-1 1.35955E-1 8.14529E-2 3.79952E-2 2.41598E-1 2.49715E-1 2.1814E-1 2.1426E-1 -9999 -9999 -9999 -9999 -9999
3.60977E-2 3.68677E-2 4.49132E-2 3.88556E-2 4.56849E-2 3.70138E-2 3.87281E-2 3.93288E-2 4.50028E-2 4.7979E-2 1.58633E-2 3.95897E-2 4.81666E-2 3.68181E-2 4.0118E-2 4.00915E-2 3.96644E-2 1.47953E-2 4.863E-2 4.85978E-2 3.69545E-2 4.03847E-2 4.89883E-2 4.03749E-2 3.82249E-2 4.09467E-2 4.10465E-2 1.46073E-2 1.48009E-2 1.48009E-2 1.62567E-2 5.36935E-2 5.33294E-2 4.31584E-2 4.18491E-2 4.54709E-2 4.56987E-2 4.70826E-2 5.82088E-2 5.90766E-2 5.51662E-2 9.19153E-2 9.06E-2 3.40919E-2 1.04454E-1 1.08281E-1 1.14145E-1 1.13812E-1 1.17003E-1 1.27621E-1 1.29371E-1 3.42806E-2 3.67823E-2 2.34121E-1 2.41909E-1 2.09921E-1 2.24802E-1 -9999 -9999 -9999 -9999 -9999
1.77059E-2 3.08924E-2 3.04193E-2 1.40881E-2 4.11012E-2 3.81085E-2 4.01084E-2 4.25733E-2 1.41852E-2 4.86622E-2 1.41948E-2 4.32246E-2 3.70703E-2 4.57888E-2 4.52755E-2 4.05783E-2 4.09507E-2 1.49005E-2 4.92828E-2 4.60879E-2 4.05929E-2 4.9439E-2 3.81734E-2 4.96679E-2 4.11578E-2 4.21535E-2 3.84995E-2 3.90581E-2 1.48418E-2 1.59922E-2 1.70574E-2 4.60957E-2 5.01359E-2 4.42172E-2 4.27905E-2 4.78507E-2 4.89427E-2 6.09271E-2 6.22086E-2 6.27666E-2 8.27099E-2 9.28711E-2 9.42269E-2 8.91644E-2 1.10883E-1 1.18123E-1 1.17226E-1 1.20276E-1 1.31195E-1 1.42879E-1 1.42661E-1 3.77742E-2 3.95722E-2 2.48481E-1 2.44917E-1 2.16043E-1 2.25474E-1 -9999 -9999 -9999 -9999 -9999
4.18133E-2 1.93421E-2 1.40927E-2 3.80152E-2 4.42611E-2 3.95025E-2 4.37645E-2 4.67372E-2 4.67992E-2 1.44944E-2 4.63669E-2 4.4758E-2 4.38227E-2 4.649E-2 4.63904E-2 4.109E-2 4.69113E-2 1.44233E-2 4.75986E-2 4.7503E-2 4.14956E-2 4.97678E-2 5.0295E-2 5.12292E-2 5.15058E-2 3.91113E-2 3.90314E-2 3.92846E-2 3.94825E-2 1.65059E-2 1.64714E-2 1.76898E-2 4.72691E-2 5.4677E-2 5.91094E-2 5.95642E-2 5.35586E-2 6.51078E-2 6.36423E-2 6.14536E-2 8.89318E-2 9.96667E-2 1.03479E-1 1.14592E-1 1.17892E-1 1.20575E-1 1.23508E-1 1.26927E-1 1.39991E-1 1.49874E-1 9.97641E-2 2.41941E-1 2.51925E-1 2.41909E-1 1.89475E-1 2.25234E-1 1.97518E-1 -9999 -9999 -9999 -9999 -9999
4.54643E-2 4.67172E-2 2.06366E-2 3.74545E-2 4.1309E-2 4.30513E-2 3.76045E-2 4.7967E-2 4.24798E-2 3.72555E-2 4.21686E-2 4.75982E-2 4.69113E-2 4.688E-2 3.95566E-2 4.83119E-2 4.74837E-2 1.45572E-2 4.84746E-2 4.8344E-2 5.12292E-2 5.11258E-2 5.13673E-2 4.70581E-2 3.94325E-2 3.94465E-2 3.9754E-2 4.23347E-2 4.34087E-2 4.28557E-2 4.37443E-2 4.66805E-2 1.93268E-2 5.84028E-2 5.99332E-2 5.99944E-2 5.57993E-2 6.98471E-2 6.82715E-2 6.94895E-2 9.3199E-2 1.17889E-1 1.18425E-1 1.09457E-1 1.02614E-1 1.29217E-1 1.3097E-1 1.44524E-1 1.46955E-1 1.3836E-1 3.73065E-2 2.45226E-1 2.46763E-1 2.51842E-1 2.27811E-1 2.29491E-1 -9999 -9999 -9999 -9999 -9999 -9999
1.93404E-2 3.81221E-2 4.14209E-2 4.15604E-2 3.85328E-2 4.11985E-2 4.54933E-2 4.98915E-2 4.09466E-2 4.31352E-2 4.29891E-2 4.26437E-2 4.24435E-2 3.8954E-2 4.00885E-2 4.61629E-2 4.58523E-2 4.29061E-2 4.97263E-2 4.92926E-2 5.26564E-2 4.77763E-2 5.21013E-2 4.80227E-2 3.9754E-2 3.99452E-2 4.28748E-2 4.36784E-2 4.29147E-2 4.42427E-2 4.68097E-2 4.82291E-2 5.05263E-2 5.15482E-2 6.28921E-2 6.4657E-2 6.97989E-2 7.55461E-2 7.31106E-2 9.66661E-2 9.56377E-2 3.92081E-2 1.1308E-1 1.12695E-1 1.10533E-1 1.33779E-1 1.3117E-1 1.51373E-1 1.46908E-1 1.05123E-1 4.03702E-2 2.61294E-1 2.56997E-1 2.91456E-1 2.00638E-1 2.34221E-1 -9999 -9999 -9999 -9999 -9999 -9999
2.18554E-2 2.02569E-2 1.75102E-2 3.68276E-2 3.92803E-2 3.9307E-2 3.90945E-2 4.11796E-2 4.62104E-2 4.50091E-2 4.20101E-2 4.43459E-2 4.61007E-2 4.3231E-2 4.69469E-2 4.65621E-2 4.07862E-2 5.31631E-2 4.62263E-2 4.99816E-2 5.00494E-2 5.36205E-2 5.34384E-2 3.99452E-2 4.10646E-2 4.37385E-2 4.30923E-2 4.42733E-2 5.36513E-2 4.71016E-2 4.77126E-2 5.78377E-2 5.17989E-2 5.52998E-2 5.64236E-2 7.03309E-2 7.06944E-2 7.46426E-2 7.3564E-2 1.02648E-1 3.89556E-2 1.18996E-1 1.16902E-1 1.19038E-1 1.09991E-1 1.37065E-1 1.40906E-1 1.52885E-1 1.07971E-1 2.45916E-1 2.20545E-1 2.18659E-1 2.48767E-1 1.96023E-1 2.01641E-1 1.94735E-1 -9999 -9999 -9999 -9999 -9999 -9999
4.45773E-2 2.06961E-2 2.86908E-2 3.84036E-2 4.10247E-2 1.91911E-2 1.77961E-2 4.44663E-2 4.25284E-2 4.93625E-2 4.31035E-2 4.60859E-2 4.9396E-2 4.51974E-2 4.46783E-2 4.77148E-2 4.1908E-2 5.16694E-2 5.07236E-2 5.06546E-2 4.97768E-2 5.40534E-2 5.01226E-2 5.01914E-2 5.25492E-2 5.06193E-2 5.39847E-2 5.70999E-2 4.82961E-2 5.79577E-2 5.79977E-2 6.29355E-2 6.4389E-2 6.85205E-2 6.91709E-2 7.36246E-2 7.55785E-2 1.12235E-1 1.09287E-1 1.06252E-1 1.0125E-1 1.32801E-1 1.25464E-1 1.22074E-1 1.3434E-1 1.43817E-1 1.57213E-1 1.59143E-1 1.09834E-1 2.50818E-1 2.5764E-1 2.79423E-1 2.88515E-1 7.8669E-2 8.35354E-2 2.37141E-1 -9999 -9999 -9999 -9999 -9999 -9999
3.6979E-2 2.00627E-2 3.48656E-2 4.20011E-2 4.25218E-2 4.26383E-2 4.10556E-2 3.79759E-2 4.04373E-2 4.00728E-2 5.19626E-2 4.94921E-2 4.97628E-2 4.70874E-2 4.28261E-2 4.5505E-2 4.23927E-2 4.84483E-2 4.84403E-2 5.13905E-2 5.14258E-2 5.00196E-2 5.08292E-2 5.06892E-2 5.39105E-2 5.43575E-2 5.90283E-2 5.77578E-2 5.78377E-2 5.95385E-2 6.33029E-2 6.4657E-2 6.86626E-2 6.9508E-2 7.39825E-2 1.10119E-1 1.12464E-1 1.13234E-1 1.16062E-1 1.14468E-1 1.0881E-1 1.42108E-1 1.30533E-1 1.29043E-1 1.42295E-1 1.53886E-1 1.64296E-1 1.69791E-1 5.54275E-1 2.73439E-1 2.70523E-1 3.05802E-1 3.0451E-1 2.05065E-1 8.46488E-2 2.37537E-1 -9999 -9999 -9999 -9999 -9999 -9999
3.6246E-2 1.9335E-2 1.92282E-2 4.13428E-2 4.09029E-2 4.27967E-2 1.69989E-2 2.0037E-2 3.98719E-2 3.75404E-2 4.48112E-2 4.3903E-2 5.07764E-2 5.07416E-2 4.483E-2 4.35069E-2 4.65531E-2 5.32088E-2 5.34643E-2 5.31724E-2 5.63307E-2 5.65736E-2 5.21109E-2 5.24711E-2 5.57608E-2 5.79977E-2 5.63487E-2 5.9787E-2 6.00782E-2 6.3743E-2 6.40559E-2 6.82347E-2 6.96046E-2 7.39313E-2 1.04399E-1 1.12541E-1 1.19784E-1 1.20358E-1 1.2325E-1 1.13815E-1 1.32983E-1 1.22567E-1 1.39089E-1 1.37705E-1 1.456E-1 1.58495E-1 1.67494E-1 7.2397E-1 2.88769E-1 2.77399E-1 3.23543E-1 3.21619E-1 3.24877E-1 2.40246E-1 8.88233E-2 2.11286E-1 -9999 -9999 -9999 -9999 -9999 -9999
1.88183E-2 2.01623E-2 4.02752E-2 4.18169E-2 4.31559E-2 4.56073E-2 4.45966E-2 4.37981E-2 4.63423E-2 4.85464E-2 4.35407E-2 4.80795E-2 5.23336E-2 4.6921E-2 4.70183E-2 4.60054E-2 4.86674E-2 5.30701E-2 5.8656E-2 5.39326E-2 5.72636E-2 5.2711E-2 5.30148E-2 5.63289E-2 5.94146E-2 5.7098E-2 5.68998E-2 6.03707E-2 6.44773E-2 6.45223E-2 6.48826E-2 7.0187E-2 1.02719E-1 1.04614E-1 1.1114E-1 1.11858E-1 1.19948E-1 1.29469E-1 1.27276E-1 6.33446E-2 1.40307E-1 1.50549E-1 1.48065E-1 1.5208E-1 1.47239E-1 1.72271E-1 7.46575E-1 5.81281E-1 3.1158E-1 2.71019E-1 1.12999E-1 1.16002E-1 8.96563E-2 2.16852E-1 9.22965E-2 2.16405E-1 -9999 -9999 -9999 -9999 -9999 -9999
2.09087E-2 3.14355E-2 4.20596E-2 4.08381E-2 4.31645E-2 4.32547E-2 4.55297E-2 4.60071E-2 4.18964E-2 4.15476E-2 4.71821E-2 4.73463E-2 5.24608E-2 5.76529E-2 5.68315E-2 5.65571E-2 5.6518E-2 5.36835E-2 6.06714E-2 5.3717E-2 5.33094E-2 5.34048E-2 5.46261E-2 5.48928E-2 6.08416E-2 6.18199E-2 6.12442E-2 6.13104E-2 6.51996E-2 6.59869E-2 9.67299E-2 9.70632E-2 1.05188E-1 1.04016E-1 1.12011E-1 1.1415E-1 1.23202E-1 1.3095E-1 1.33677E-1 5.84357E-2 1.43888E-1 1.51185E-1 1.47445E-1 1.51874E-1 1.50112E-1 1.08252E-1 7.30127E-1 2.9357E-1 3.14109E-1 3.10314E-1 3.13518E-1 3.11153E-1 8.8692E-2 9.06082E-2 9.25225E-2 9.49473E-2 -9999 -9999 -9999 -9999 -9999 -9999
4.0933E-2 2.12533E-2 4.27246E-2 4.27545E-2 4.51443E-2 4.39504E-2 4.6431E-2 4.42182E-2 4.11524E-2 4.09807E-2 4.60753E-2 4.82655E-2 5.41136E-2 5.4834E-2 5.83237E-2 5.79601E-2 6.04296E-2 5.48696E-2 5.70636E-2 5.76616E-2 5.98057E-2 5.47783E-2 5.50842E-2 5.79755E-2 5.78137E-2 6.52562E-2 6.33032E-2 6.69113E-2 6.68648E-2 9.27309E-2 9.9516E-2 1.03589E-1 1.04263E-1 1.12705E-1 1.14542E-1 1.24304E-1 1.22675E-1 1.38703E-1 1.35143E-1 6.89555E-2 1.42209E-1 1.52477E-1 1.51171E-1 1.55362E-1 1.64273E-1 4.45537E-2 2.95321E-1 3.28947E-1 3.32559E-1 3.28582E-1 3.29134E-1 3.36879E-1 2.54764E-1 2.18958E-1 9.4686E-2 2.14424E-1 2.16204E-1 -9999 -9999 -9999 -9999 -9999
2.24853E-2 2.27105E-2 2.40193E-2 4.79737E-2 4.66834E-2 4.94059E-2 4.55567E-2 4.56843E-2 4.79929E-2 5.08536E-2 5.09607E-2 5.1068E-2 5.6213E-2 5.53708E-2 5.86618E-2 5.59941E-2 5.77226E-2 5.60304E-2 6.05353E-2 3.37679E-2 6.29899E-2 5.63451E-2 5.93488E-2 5.95979E-2 5.99317E-2 6.26886E-2 9.89026E-2 9.33446E-2 9.33446E-2 1.00684E-1 9.9286E-2 1.01122E-1 1.07202E-1 1.15604E-1 1.15684E-1 1.21921E-1 1.31434E-1 1.34958E-1 1.43523E-1 6.60959E-2 1.5369E-1 1.64493E-1 1.60367E-1 1.65552E-1 1.63171E-1 5.83812E-1 2.88307E-1 3.24953E-1 3.34731E-1 3.36855E-1 3.44202E-1 2.96432E-1 2.34512E-1 9.56028E-2 9.88742E-2 2.22442E-1 2.23048E-1 -9999 -9999 -9999 -9999 -9999
3.48039E-2 3.46556E-2 6.73315E-2 7.12463E-2 3.44183E-2 6.55443E-2 2.55685E-2 6.93411E-2 7.30003E-2 7.29495E-2 7.12723E-2 7.17712E-2 7.18714E-2 7.92161E-2 7.81093E-2 8.50566E-2 6.02811E-2 5.67828E-2 8.6091E-2 8.72917E-2 9.1324E-2 8.60688E-2 8.51797E-2 8.52978E-2 8.54751E-2 9.02954E-2 9.79594E-2 9.4484E-2 1.01823E-1 1.01752E-1 1.07349E-1 1.07571E-1 1.15329E-1 1.14476E-1 1.22759E-1 1.1979E-1 1.26259E-1 1.42934E-1 1.53155E-1 7.008E-2 1.56209E-1 1.65762E-1 1.69838E-1 1.70334E-1 1.78899E-1 1.22452E-1 2.92585E-1 3.25608E-1 3.31814E-1 3.41266E-1 2.8948E-1 9.23696E-2 9.30588E-2 9.64343E-2 2.25933E-1 2.28636E-1 2.22483E-1 -9999 -9999 -9999 -9999 -9999
3.24045E-2 3.83399E-2 4.05102E-2 3.74745E-2 3.98414E-2 7.84253E-2 7.77158E-2 7.64617E-2 7.45659E-2 7.49323E-2 7.88435E-2 7.75105E-2 8.18805E-2 8.19376E-2 8.58776E-2 8.54847E-2 9.07821E-2 4.64721E-2 8.6004E-2 8.89827E-2 8.54752E-2 9.56761E-2 9.49189E-2 9.22339E-2 9.26185E-2 1.00635E-1 9.59099E-2 9.55785E-2 1.00844E-1 1.01332E-1 1.09944E-1 1.09565E-1 1.14397E-1 1.16926E-1 1.19213E-1 1.26781E-1 1.34336E-1 1.48952E-1 1.5008E-1 1.45817E-1 1.54743E-1 1.62943E-1 1.68592E-1 1.72967E-1 1.87397E-1 1.28312E-1 2.98418E-1 3.29776E-1 3.36597E-1 3.43654E-1 3.446E-1 2.7639E-1 2.60954E-1 2.30584E-1 4.74013E-1 2.3114E-1 2.17384E-1 -9999 -9999 -9999 -9999 -9999
3.63402E-2 3.61838E-2 4.21226E-2 4.37638E-2 8.1196E-2 8.58413E-2 7.89812E-2 8.32498E-2 8.33666E-2 8.18652E-2 7.76306E-2 8.02018E-2 8.95715E-2 8.85866E-2 9.0226E-2 8.80735E-2 9.36771E-2 9.21522E-2 8.86589E-2 4.94578E-2 4.61599E-2 8.22931E-2 8.58927E-2 9.9791E-2 1.00556E-1 9.67528E-2 9.83297E-2 9.90155E-2 9.71575E-2 1.02387E-1 1.08117E-1 1.09844E-1 1.11179E-1 1.19377E-1 1.26259E-1 1.28686E-1 1.35389E-1 1.3899E-1 1.45698E-1 7.86105E-2 1.52111E-1 1.63287E-1 1.69548E-1 1.73443E-1 7.74505E-1 7.61261E-1 3.10592E-1 3.33894E-1 3.5029E-1 3.51779E-1 3.57779E-1 2.31639E-1 2.79991E-1 2.32415E-1 4.77069E-1 2.32569E-1 2.20792E-1 -9999 -9999 -9999 -9999 -9999
4.21436E-2 4.20591E-2 4.13152E-2 4.54827E-2 8.91125E-2 8.74193E-2 4.42586E-2 8.0368E-2 8.52059E-2 8.52059E-2 8.50261E-2 8.72139E-2 9.24409E-2 9.13764E-2 8.60138E-2 9.45099E-2 9.43783E-2 9.51042E-2 8.89392E-2 9.18581E-2 5.01943E-2 9.21522E-2 9.26649E-2 8.68945E-2 9.25657E-2 9.38E-2 9.97006E-2 9.70224E-2 1.04578E-1 1.04723E-1 1.05416E-1 1.11102E-1 1.13409E-1 1.19956E-1 1.2922E-1 1.28319E-1 1.38591E-1 1.46904E-1 1.52838E-1 1.50662E-1 8.04778E-2 1.65509E-1 1.71834E-1 7.67566E-1 7.7297E-1 7.68158E-1 6.46338E-1 3.41471E-1 3.49408E-1 3.12081E-1 3.62016E-1 2.73131E-1 2.82494E-1 2.43573E-1 4.73838E-1 2.21399E-1 2.19508E-1 -9999 -9999 -9999 -9999 -9999
4.36137E-2 5.10875E-2 5.39237E-2 4.59159E-2 4.97412E-2 7.79414E-2 4.94548E-2 4.82213E-2 9.41512E-2 9.3062E-2 8.74557E-2 9.17258E-2 9.97038E-2 4.83151E-2 4.12359E-2 9.41412E-2 8.98276E-2 5.31917E-2 9.29837E-2 5.02808E-2 4.26895E-2 4.64164E-2 4.35834E-2 9.08224E-2 1.06615E-1 5.13737E-2 9.53814E-2 9.53575E-2 9.9738E-2 1.07061E-1 1.13724E-1 1.19873E-1 1.21791E-1 1.31197E-1 1.37811E-1 1.4313E-1 1.52256E-1 1.52107E-1 1.56962E-1 1.57827E-1 8.09994E-2 1.66196E-1 7.40021E-1 7.85506E-1 7.93108E-1 8.00242E-1 3.38055E-1 3.39046E-1 3.50465E-1 3.44951E-1 9.96835E-2 2.32318E-1 2.82528E-1 4.78078E-1 5.4383E-1 4.79935E-1 2.19506E-1 2.23828E-1 -9999 -9999 -9999 -9999
5.32843E-2 5.64889E-2 5.91353E-2 6.26972E-2 4.91373E-2 5.44551E-2 5.325E-2 9.8214E-2 9.61486E-2 7.68336E-2 4.7766E-2 9.81724E-2 1.04553E-1 5.62761E-2 4.74069E-2 9.30212E-2 9.30868E-2 5.02259E-2 1.01221E-1 1.01338E-1 4.65693E-2 5.7384E-2 4.9106E-2 5.38051E-2 1.0419E-1 1.09166E-1 5.07641E-2 5.08005E-2 5.08734E-2 8.78938E-2 1.15071E-1 1.29399E-1 1.34985E-1 1.42934E-1 1.42872E-1 1.43893E-1 1.51402E-1 1.5546E-1 1.57718E-1 1.67823E-1 8.6896E-2 1.68668E-1 7.80861E-1 7.88809E-1 8.83134E-1 8.26094E-1 3.52335E-1 3.62678E-1 3.41821E-1 3.56741E-1 2.35708E-1 2.81559E-1 2.8118E-1 5.50873E-1 5.33467E-1 5.40659E-1 4.72006E-1 2.13081E-1 -9999 -9999 -9999 -9999
