day_2/Results/Podomys_floridanus/projections/2000/RUN_1.asc
ncols         385
nrows         252
xllcorner     -91.50013924285
yllcorner     25.49986064915003
cellsize      0.041666666500000005
NODATA_value  -9999
[rows 28 to 55 of 252, columns 186 to 247 of 385]
5.21783E-6 5.22028E-7 6.33587E-7 6.70504E-6 5.48439E-5 2.41316E-5 1.735E-6 1.36655E-5 4.66475E-6 1.70103E-5 1.67359E-4 4.18252E-5 1.25184E-5 5.87725E-5 8.25758E-6 2.84804E-5 5.79158E-5 6.10364E-5 4.58998E-5 8.15742E-5 3.6162E-4 2.53599E-4 7.93015E-5 6.45666E-5 1.71631E-4 3.00657E-4 3.23262E-4 1.00604E-4 1.54112E-4 4.95217E-4 7.36959E-4 1.775E-4 6.0008E-4 6.32284E-4 5.56096E-4 6.91126E-4 2.943E-4 4.38524E-4 8.9164E-4 6.88426E-4 2.84318E-4 4.19179E-4 3.97814E-4 8.02705E-4 6.42156E-4 6.40481E-4 4.3967E-4 5.83098E-4 5.9704E-4 2.85193E-4 6.67732E-4 7.47175E-4 9.46489E-4 2.32249E-3 2.20595E-3 4.21069E-4 7.18287E-4 6.59696E-4 3.75573E-4 2.90991E-4 3.6055E-4 6.9361E-4
4.02399E-6 2.45639E-6 1.66381E-5 1.44037E-4 6.08358E-6 1.09745E-5 2.72506E-6 1.02385E-5 1.11835E-5 1.91878E-5 1.33624E-4 2.3528E-5 7.90613E-5 1.05959E-4 2.89533E-5 1.11063E-4 1.08271E-4 8.94216E-5 9.14255E-5 1.16179E-4 1.48371E-4 2.8191E-4 5.73141E-5 1.37829E-4 4.12913E-4 1.36468E-4 1.68075E-4 2.30551E-4 1.53284E-4 6.97066E-4 4.72363E-4 7.3717E-4 5.44536E-4 3.24698E-4 8.03979E-4 7.87342E-4 3.67429E-4 3.1195E-4 4.09256E-4 3.9281E-4 2.93006E-4 3.48765E-4 4.73161E-4 4.47867E-4 8.96996E-4 3.58931E-4 2.72666E-4 3.41583E-4 6.55084E-4 3.21411E-4 7.30156E-4 4.9081E-4 6.0677E-4 5.55357E-4 7.43688E-4 8.44202E-4 1.76405E-3 4.93587E-4 7.31735E-4 4.03141E-4 5.85348E-4 5.86601E-4
2.19846E-5 2.69608E-5 1.68178E-4 1.49908E-4 3.36669E-5 5.46099E-6 2.66022E-6 5.35991E-6 1.03858E-5 6.78047E-5 5.50101E-5 6.82372E-5 1.31459E-4 3.27133E-4 3.52903E-4 6.6982E-4 8.51906E-4 1.10461E-4 1.43288E-4 1.48107E-4 1.3768E-4 2.29107E-4 5.97394E-4 3.49168E-4 2.78209E-4 1.77491E-4 5.29204E-4 1.9213E-3 1.98527E-4 5.79518E-4 2.73711E-4 7.44689E-4 7.79731E-4 7.14798E-4 4.66998E-4 1.03352E-3 8.13022E-4 3.77773E-4 4.67427E-4 5.24094E-4 5.62235E-4 7.94855E-4 3.27009E-4 3.70997E-4 6.01561E-4 5.5148E-4 3.09804E-4 4.18806E-4 6.18176E-4 3.48546E-4 7.58601E-4 4.80588E-4 2.86944E-3 3.40813E-3 2.41856E-3 3.54811E-4 3.63475E-4 3.16335E-4 5.3895E-4 6.49825E-4 7.14785E-4 6.6101E-4
6.6601E-5 1.01692E-4 1.62522E-4 2.23405E-5 5.14397E-5 8.84906E-5 6.19357E-5 6.1744E-5 2.89435E-5 9.67225E-5 2.85032E-4 1.64596E-4 5.66143E-4 7.17661E-4 9.26887E-4 6.47869E-4 6.87525E-4 9.75766E-4 1.03899E-4 6.32598E-5 1.71455E-4 2.9018E-4 6.74864E-4 8.27445E-4 7.80837E-4 7.3341E-4 7.67659E-4 2.84726E-3 1.60783E-3 5.86813E-4 2.73429E-4 3.88015E-4 7.58807E-4 3.78753E-4 5.75114E-4 3.27546E-3 8.77179E-4 2.84908E-4 4.18077E-4 4.71157E-4 5.34809E-4 5.48897E-4 4.50127E-4 8.38106E-4 3.1225E-4 4.72542E-4 6.4169E-4 5.15267E-4 4.4883E-4 6.17574E-4 7.77596E-4 3.21467E-4 4.25832E-4 3.57027E-3 4.16779E-3 4.73931E-4 4.61492E-4 4.65519E-4 8.22199E-4 8.86545E-4 7.33999E-4 5.04764E-4
1.8151E-5 1.59663E-5 1.93835E-4 5.29782E-5 1.3141E-4 1.84889E-4 1.71405E-4 6.87885E-5 3.03082E-5 2.0812E-5 1.1649E-4 1.51777E-3 6.93895E-4 1.02333E-3 6.25612E-4 8.2518E-4 4.6666E-4 5.11237E-4 4.5705E-4 2.25817E-4 4.59206E-4 2.97992E-4 1.2671E-3 6.59171E-4 8.1545E-4 1.70478E-3 8.06453E-4 3.43956E-3 4.12817E-3 6.02051E-4 2.80829E-4 4.76293E-4 8.43549E-4 3.7214E-4 6.10029E-4 3.71544E-3 1.29068E-3 4.37451E-4 8.00245E-4 2.62306E-4 3.56842E-4 4.06587E-4 4.96623E-4 4.65133E-4 3.83832E-4 7.07487E-4 3.18188E-4 1.05861E-3 1.52756E-3 6.81672E-4 5.32248E-4 4.89997E-4 5.39578E-4 1.17602E-3 4.04694E-3 2.34682E-3 5.94454E-4 9.06574E-4 7.76063E-4 6.35541E-4 5.65684E-4 4.21179E-4
2.08997E-5 2.99524E-5 8.34211E-5 1.06614E-4 1.54057E-4 1.77193E-4 8.75744E-5 5.37972E-5 1.47725E-5 5.83605E-5 1.94619E-4 5.33999E-4 1.1484E-3 1.92113E-3 9.78517E-4 1.28554E-3 5.62714E-4 1.10789E-4 3.58214E-4 6.80864E-4 5.73052E-4 2.47409E-3 3.07214E-3 3.34682E-3 2.93399E-3 8.06199E-4 1.17861E-3 2.41125E-3 4.19493E-3 2.30284E-3 3.11142E-4 6.68842E-4 1.20907E-3 9.33507E-4 4.77615E-4 2.07472E-3 2.68622E-3 5.29271E-4 1.5226E-3 9.12312E-4 4.05917E-4 4.55662E-4 4.5957E-4 5.63087E-4 6.14495E-4 5.84752E-4 5.31375E-4 3.61613E-4 8.53498E-4 1.17118E-3 2.13387E-3 7.62692E-4 5.34657E-4 4.0705E-4 5.49749E-4 4.36683E-3 7.92988E-4 7.64779E-4 1.88424E-3 1.67642E-3 6.7203E-4 5.03406E-4
3.99902E-5 1.27391E-4 1.90263E-4 2.21618E-4 1.47039E-4 1.25291E-4 7.89351E-5 6.78636E-5 3.95875E-5 3.76155E-4 3.39961E-4 2.84181E-4 3.9775E-4 6.10453E-4 2.96026E-3 3.37175E-3 1.10132E-3 6.97792E-4 5.73226E-4 7.36987E-4 7.13291E-4 1.91958E-3 3.65154E-3 4.07982E-3 4.53171E-3 1.17394E-3 4.38184E-3 9.68922E-4 1.7939E-3 4.37234E-3 6.22164E-4 5.78808E-4 6.65753E-4 1.46446E-3 3.67634E-4 6.46942E-4 2.4926E-3 1.77488E-3 2.09565E-3 3.74423E-3 3.12315E-4 3.10751E-4 3.16209E-4 4.22702E-4 4.88543E-4 4.71212E-4 5.86873E-4 1.60016E-3 6.89704E-4 5.51849E-4 4.26057E-4 1.76378E-3 7.10459E-4 1.01853E-3 7.13472E-4 8.64257E-4 5.21921E-4 5.60538E-4 4.29603E-4 4.3105E-4 5.01424E-4 7.39513E-4
3.73634E-5 5.93723E-5 2.48836E-4 1.29229E-4 1.06844E-4 3.34369E-5 6.97525E-5 1.71042E-4 2.50446E-4 8.19883E-4 9.80169E-4 4.73843E-4 7.12439E-4 8.41029E-4 2.69576E-3 4.0653E-3 1.87412E-3 1.34799E-3 3.00909E-3 4.15815E-3 2.55731E-3 4.05962E-3 2.28278E-3 5.07117E-3 4.01933E-3 4.35123E-3 1.06552E-3 2.18011E-3 2.43581E-3 4.45367E-3 7.26774E-4 3.97604E-4 4.3591E-4 7.57417E-4 4.42965E-4 6.05434E-4 8.84103E-4 5.22333E-4 8.97307E-4 5.43661E-3 3.77503E-4 5.52968E-4 3.21495E-4 3.20373E-4 4.68214E-4 6.58459E-4 6.76596E-4 5.70863E-4 6.45329E-4 6.14288E-4 6.07653E-4 6.11037E-4 6.00871E-4 6.60442E-4 6.77357E-4 8.53167E-4 5.43572E-4 4.87708E-4 4.74831E-4 6.90676E-4 8.06546E-4 5.74662E-4
8.29151E-5 1.14336E-4 1.92419E-4 1.95576E-4 7.63733E-5 1.30198E-4 1.11192E-3 4.56212E-4 1.03404E-3 1.1399E-3 7.16995E-4 1.11816E-3 1.21183E-3 7.57921E-4 9.64132E-4 2.55286E-3 2.19833E-3 1.67786E-3 4.22035E-3 4.17632E-3 2.71685E-3 2.24922E-3 2.304E-3 5.5898E-3 2.52298E-3 2.32413E-3 3.78179E-4 1.97319E-3 2.51956E-3 5.44952E-3 1.51411E-3 4.473E-4 5.41951E-4 5.90579E-4 8.76515E-4 5.07136E-4 5.52547E-4 1.61259E-3 8.87119E-4 2.83857E-3 1.30039E-3 5.21945E-4 6.29694E-4 9.43664E-4 3.32028E-4 4.43991E-4 1.45608E-3 1.57135E-3 1.97333E-3 2.57784E-3 1.67258E-3 2.12165E-3 7.65863E-4 5.18879E-4 8.22406E-4 8.91009E-4 7.97163E-4 8.09897E-4 7.80535E-4 1.0084E-3 1.18903E-3 9.1104E-4
3.0071E-4 5.1518E-4 2.50471E-4 9.55393E-5 6.91426E-5 2.83972E-3 6.9248E-4 8.65766E-4 2.83633E-3 1.68586E-3 9.68859E-4 1.05978E-3 1.36333E-3 2.14522E-3 1.01374E-3 1.07699E-3 3.73149E-3 3.64439E-3 2.55096E-3 1.88853E-3 7.77238E-4 1.54296E-3 6.23763E-3 2.58562E-3 3.1238E-3 6.41446E-3 3.59125E-4 7.82145E-4 2.52298E-3 3.03688E-3 1.44905E-3 2.03674E-3 4.53017E-4 5.02765E-4 6.54378E-4 8.31379E-4 5.29024E-4 7.81385E-4 7.3258E-4 2.75207E-3 3.94766E-3 3.9947E-4 6.39178E-4 5.99541E-4 9.73355E-4 3.63582E-4 4.54442E-4 5.46709E-4 5.11116E-4 5.1001E-4 6.74354E-4 7.50307E-4 8.84795E-4 8.9225E-4 7.65872E-4 9.65549E-4 8.89261E-4 6.61263E-4 5.4057E-4 1.00535E-3 1.09437E-3 8.33648E-4
5.39223E-4 2.62436E-4 1.20598E-4 9.66049E-5 3.62225E-4 1.4736E-3 4.2708E-4 4.73817E-4 9.90325E-4 2.32131E-3 3.52455E-3 2.14381E-3 1.31732E-3 5.955E-3 2.15256E-3 1.16372E-3 2.83524E-3 1.72317E-3 6.84904E-4 5.33543E-4 1.47637E-3 2.78642E-3 2.39389E-3 3.74108E-3 7.74585E-3 6.9653E-3 1.36881E-3 6.70583E-4 4.37929E-3 2.81572E-3 8.24428E-4 3.02649E-3 2.01784E-3 4.31872E-4 6.1189E-4 7.56167E-4 9.1658E-4 6.6205E-4 7.2358E-4 2.46884E-3 4.02711E-3 4.58351E-4 4.8387E-4 7.90353E-4 6.00675E-4 1.01796E-3 4.93494E-4 6.1498E-4 7.25556E-4 8.44672E-4 8.92729E-4 8.72958E-4 1.00404E-3 2.53E-3 8.40337E-4 7.45117E-4 1.05303E-3 8.11003E-4 6.64863E-4 9.31761E-4 1.10353E-3 9.85963E-4
7.77444E-4 4.1116E-4 1.21955E-4 5.27272E-4 1.20724E-3 3.14548E-3 1.15939E-3 6.95583E-4 7.54195E-4 1.28363E-3 2.64003E-3 4.32412E-3 5.57282E-3 6.08262E-3 2.16224E-3 1.43221E-3 1.10337E-3 8.0904E-4 4.11775E-4 3.76496E-4 3.53508E-4 5.68419E-4 2.50315E-3 4.43387E-3 8.74078E-3 7.07621E-3 3.16018E-3 6.18099E-4 3.05016E-3 6.07364E-4 9.53728E-4 4.01791E-3 3.46108E-3 6.17002E-4 5.72815E-4 5.76555E-4 7.68384E-4 1.06167E-3 6.72501E-4 1.14756E-3 1.80428E-3 6.84318E-4 4.17402E-4 6.05313E-4 8.55142E-4 5.77228E-4 4.57284E-4 6.16482E-4 1.22586E-3 5.29552E-4 6.76605E-4 7.12712E-4 5.90206E-4 7.25522E-4 8.76697E-4 1.1587E-3 1.26168E-3 8.95402E-4 7.36594E-4 1.10075E-3 1.2302E-3 1.11585E-3
1.6882E-3 1.04078E-3 2.3634E-4 2.43881E-3 2.30917E-3 2.13521E-3 3.29923E-3 4.18843E-3 1.57264E-3 1.41315E-3 4.12386E-3 1.81344E-3 5.0377E-3 6.61223E-3 3.3275E-3 2.18078E-3 3.81595E-3 5.05988E-3 1.18802E-3 4.29152E-4 5.79279E-4 6.53319E-4 7.27431E-4 4.93764E-3 4.15074E-3 8.76057E-3 7.56087E-4 2.84027E-3 3.83486E-3 6.79141E-4 9.27775E-4 3.1672E-3 4.02957E-3 6.88068E-4 9.56743E-4 5.42381E-4 5.21012E-4 6.44064E-4 8.60378E-4 8.71446E-4 9.07559E-4 7.56786E-4 4.72172E-4 5.51849E-4 7.46792E-4 8.15726E-4 7.04634E-4 1.26392E-3 7.40072E-4 7.42954E-4 1.49038E-3 1.47051E-3 6.6523E-4 8.25332E-4 9.64649E-4 1.08745E-3 1.26425E-3 1.50683E-3 8.29217E-4 1.14333E-3 1.2471E-3 1.1283E-3
4.04238E-4 1.78584E-3 2.57E-3 2.8595E-3 1.55875E-3 3.81253E-3 4.90235E-3 4.49259E-3 4.95479E-3 6.72183E-3 6.15121E-3 6.82919E-3 3.65563E-3 2.85934E-3 3.28976E-3 2.1574E-3 6.64528E-3 5.82254E-3 2.1011E-3 1.69814E-3 2.00445E-3 1.83678E-3 5.34774E-4 1.04386E-3 5.28674E-3 1.02009E-2 8.372E-4 5.28893E-3 5.41288E-3 7.83754E-4 1.14233E-3 5.35401E-3 3.17386E-3 7.6647E-4 1.23557E-3 3.13174E-3 5.66999E-4 5.44587E-4 5.9203E-4 6.05498E-4 8.59652E-4 1.07787E-3 8.39875E-4 4.70278E-4 6.30659E-4 9.64206E-4 9.071E-4 1.705E-3 1.38967E-3 9.0722E-4 7.41906E-4 1.81914E-3 9.01147E-4 1.24431E-3 1.50065E-3 1.3755E-3 1.50259E-3 1.73704E-3 1.17222E-3 1.2689E-3 1.76414E-3 1.38583E-3
4.76182E-4 2.0567E-3 1.37194E-3 3.18897E-3 3.56832E-3 3.29675E-3 1.28363E-3 3.97979E-3 3.34396E-3 4.48342E-3 4.64125E-3 2.09707E-3 6.08656E-3 3.06426E-3 1.0364E-2 8.36969E-3 8.36497E-3 8.87755E-3 2.92074E-3 2.04061E-3 7.28125E-4 1.03439E-3 2.91367E-3 8.53013E-4 6.5718E-3 4.28244E-3 1.26014E-3 5.10953E-3 2.32377E-3 9.66567E-4 1.38609E-3 4.94518E-3 2.09997E-3 7.24339E-4 1.18936E-3 5.25765E-3 2.23041E-3 5.0296E-4 6.51203E-4 7.94427E-4 7.38134E-4 7.30168E-4 9.85999E-4 7.77684E-4 5.17087E-4 7.49475E-4 1.08859E-3 1.00495E-3 1.89407E-3 7.73575E-4 9.13791E-4 2.03679E-3 2.19794E-3 1.07533E-3 9.54273E-4 1.14715E-3 1.24118E-3 1.26403E-3 1.63828E-3 1.75969E-3 1.64939E-3 1.90978E-3
4.9413E-4 8.6491E-4 5.04542E-3 1.29387E-3 1.04159E-3 3.56943E-3 2.25045E-3 1.1823E-3 4.07971E-3 4.07971E-3 4.92775E-3 4.05936E-3 5.01279E-4 3.20844E-3 3.90264E-3 4.6386E-3 5.13367E-3 1.15461E-2 1.15547E-2 4.20917E-3 3.616E-3 7.08256E-4 7.58478E-4 9.72674E-4 4.19709E-3 5.70061E-3 1.18014E-3 5.5653E-3 1.2065E-3 1.3122E-3 6.42701E-3 5.10953E-3 7.9944E-4 1.05463E-3 1.49897E-3 5.86293E-3 4.11257E-3 6.33857E-4 6.03659E-4 7.97938E-4 7.91192E-4 9.01913E-4 8.35304E-4 9.90264E-4 7.63334E-4 9.23221E-4 1.00815E-3 1.09898E-3 1.11321E-3 9.27624E-4 9.31263E-4 1.10833E-3 2.21496E-3 1.97223E-3 1.04517E-3 2.61038E-3 2.8401E-3 1.26131E-3 1.89235E-3 1.74801E-3 1.75573E-3 2.06552E-3
2.29385E-3 8.88289E-4 2.00794E-3 1.3053E-3 3.77045E-3 4.02079E-3 7.81637E-3 2.22292E-3 6.79503E-3 5.57982E-3 3.38092E-3 1.7901E-3 1.7407E-3 3.23495E-3 1.66623E-3 9.57439E-4 6.16093E-3 7.33345E-3 1.60656E-2 1.28887E-2 2.69797E-3 3.44596E-3 2.39859E-3 8.30238E-4 1.13607E-3 4.32827E-3 3.44503E-3 3.30477E-3 1.31823E-3 3.99247E-3 7.28037E-3 5.66138E-3 7.13682E-4 1.26097E-3 4.04839E-3 6.46113E-3 2.61269E-3 9.73746E-4 6.65142E-4 8.05893E-4 1.06242E-3 9.88887E-4 9.97776E-4 9.27626E-4 1.1767E-3 7.7319E-4 1.02435E-3 8.41956E-4 7.79179E-4 9.26049E-4 1.32858E-3 1.32766E-3 3.20717E-3 2.96352E-3 1.52279E-3 1.68257E-3 1.41797E-3 1.54509E-3 1.4022E-3 1.25609E-3 1.51092E-3 1.60167E-3
3.70422E-3 1.6876E-3 7.93778E-4 6.42948E-3 5.07972E-3 5.35187E-3 3.36775E-3 7.03842E-3 3.53676E-3 8.6613E-3 4.04662E-3 6.34951E-4 2.5733E-3 3.97143E-3 5.58426E-3 7.68501E-4 1.24469E-3 8.04758E-3 7.55473E-3 7.78417E-3 1.18696E-2 5.56154E-3 1.03639E-3 1.3284E-3 1.22393E-3 1.15345E-3 4.21262E-3 3.05076E-3 1.21982E-3 1.70573E-3 8.11173E-3 7.43345E-3 1.15059E-3 9.90939E-4 4.36665E-3 4.86215E-3 9.13184E-4 1.2997E-3 8.3207E-4 7.47363E-4 8.05375E-4 8.82381E-4 1.00506E-3 8.26669E-4 1.28331E-3 8.43828E-4 7.85496E-4 1.09661E-3 1.02081E-3 1.03056E-3 1.20294E-3 1.46248E-3 1.55862E-3 1.57194E-3 1.83136E-3 1.83443E-3 1.83854E-3 1.78119E-3 1.55376E-3 1.9319E-3 1.37939E-3 1.63847E-3
1.0483E-3 1.79569E-3 1.76262E-3 2.93632E-3 3.79381E-3 4.78547E-3 1.27875E-3 8.75339E-3 3.94349E-3 1.09352E-2 5.64284E-3 8.19887E-4 2.8839E-3 3.39904E-3 7.33345E-3 2.88338E-3 9.93657E-4 1.42312E-3 1.0567E-2 9.30823E-3 8.52535E-3 5.08724E-3 4.13231E-3 6.8379E-3 3.10134E-3 1.27834E-3 5.75189E-3 5.01815E-3 9.90864E-4 1.13216E-3 1.8109E-3 9.62609E-3 1.07055E-3 1.11581E-3 4.28899E-3 3.91767E-3 1.09317E-3 1.51788E-3 7.67822E-4 9.04977E-4 1.19027E-3 8.30349E-4 8.26669E-4 1.10207E-3 9.90051E-4 9.97223E-4 1.33641E-3 1.44079E-3 1.45099E-3 1.58226E-3 1.73019E-3 1.58852E-3 1.55359E-3 1.55359E-3 1.82523E-3 1.82319E-3 2.1577E-3 2.15648E-3 2.15527E-3 2.10526E-3 1.78817E-3 2.49362E-3
6.94536E-4 2.62073E-4 3.76506E-4 2.39521E-3 1.89823E-3 6.6583E-3 4.98355E-3 2.08726E-3 5.17446E-3 1.59985E-2 9.02827E-3 8.88311E-4 9.45702E-4 1.3474E-3 3.09134E-3 1.4603E-3 1.62347E-3 1.3202E-3 1.3059E-3 6.21562E-3 9.98616E-3 4.28343E-3 8.56259E-3 7.59138E-3 7.16953E-3 7.57385E-3 5.32531E-3 5.38473E-3 7.28395E-3 1.32063E-3 1.47328E-3 7.41223E-3 1.16199E-3 1.61599E-3 1.4854E-3 1.00551E-3 1.20828E-3 1.35976E-3 1.01883E-3 1.43495E-3 1.29484E-3 1.03078E-3 9.31486E-4 1.13047E-3 1.005E-3 1.19791E-3 1.10895E-3 1.44563E-3 1.71564E-3 1.59389E-3 1.22638E-3 1.32989E-3 1.70198E-3 1.30331E-3 1.79569E-3 2.14437E-3 1.65274E-3 2.06271E-3 1.60475E-3 1.50413E-3 1.92651E-3 2.48776E-3
3.61777E-3 2.13558E-3 3.37709E-3 3.94065E-3 7.90824E-4 7.04454E-4 3.10127E-3 3.67333E-3 5.56235E-3 7.52133E-3 1.44278E-2 9.71426E-4 1.02482E-3 1.27756E-3 1.49555E-3 1.54103E-3 3.79551E-3 1.04426E-3 1.35904E-3 1.07619E-3 1.40081E-3 1.7586E-3 1.9118E-3 5.3815E-3 1.77004E-3 1.57885E-3 1.66283E-3 1.9821E-3 9.00721E-3 5.7283E-3 1.08233E-3 2.11358E-3 1.51053E-3 4.98791E-3 1.18102E-3 1.13723E-3 1.45127E-3 1.24393E-3 1.34318E-3 1.34877E-3 1.12291E-3 1.47268E-3 1.22026E-3 1.34052E-3 1.15346E-3 1.35674E-3 1.70985E-3 1.70941E-3 1.21818E-3 1.56449E-3 1.19261E-3 1.71056E-3 1.7967E-3 1.43258E-3 1.93678E-3 1.62427E-3 1.25044E-3 1.47378E-3 1.47819E-3 1.92181E-3 2.11054E-3 1.63555E-3
3.78777E-3 2.43376E-3 6.06154E-3 6.49297E-3 5.29383E-3 1.22198E-3 5.3554E-4 2.66374E-3 5.87643E-3 8.37606E-3 1.46461E-2 1.5727E-2 1.0765E-3 1.56613E-3 1.33239E-3 4.07918E-3 3.10529E-3 1.07713E-3 1.14746E-3 1.29199E-3 1.52699E-3 1.81068E-3 1.95546E-3 4.22544E-3 1.02373E-3 1.18697E-3 1.28314E-3 1.67229E-3 1.68476E-3 2.54919E-3 3.75025E-3 1.41416E-3 1.98972E-3 8.49416E-3 1.00581E-3 1.49327E-3 1.48405E-3 1.62322E-3 1.50425E-3 1.06078E-3 1.47268E-3 1.59663E-3 1.59843E-3 1.75694E-3 1.6501E-3 1.26014E-3 1.44287E-3 1.72912E-3 1.56975E-3 1.42781E-3 2.00382E-3 1.6594E-3 1.81861E-3 1.25596E-3 1.24404E-3 3.36958E-3 1.62785E-3 2.10107E-3 2.44405E-3 2.68706E-3 2.5052E-3 2.98885E-3
2.01319E-3 4.46563E-3 2.4568E-3 3.35051E-3 9.22041E-3 6.82571E-3 1.67284E-3 7.58583E-4 1.15405E-3 7.52765E-3 8.7112E-3 1.01766E-2 2.57094E-2 5.53393E-3 3.2716E-3 1.28253E-3 1.51868E-3 1.84448E-3 1.8336E-3 1.80453E-3 6.00828E-3 3.08577E-3 4.60248E-3 3.60519E-3 9.21473E-4 1.29642E-3 1.51577E-3 1.28532E-3 1.55405E-3 1.30813E-3 2.13264E-3 1.86222E-3 1.68403E-3 1.98992E-3 1.57393E-3 1.39944E-3 1.79534E-3 1.39786E-3 1.27481E-3 1.36368E-3 1.91521E-3 2.08285E-3 1.92065E-3 1.75595E-3 1.64175E-3 1.372E-3 1.34439E-3 1.68622E-3 1.53442E-3 1.80955E-3 1.82266E-3 1.40617E-3 3.33733E-3 3.67195E-3 2.12808E-3 1.84798E-3 4.38278E-3 2.09428E-3 2.12924E-3 2.29024E-3 2.50379E-3 2.72572E-3
2.91432E-3 3.69352E-3 1.87269E-3 3.2925E-3 4.11922E-3 9.35243E-3 1.21903E-2 5.96964E-3 7.27228E-4 1.10475E-3 7.89088E-3 1.2185E-2 1.25089E-2 3.13597E-2 1.25658E-3 1.7946E-3 1.79798E-3 1.81307E-3 1.80248E-3 2.02494E-3 8.53989E-3 1.30494E-3 5.81914E-3 7.67535E-3 1.01554E-3 1.16618E-3 1.30921E-3 1.6987E-3 1.47787E-3 1.30591E-3 1.53394E-3 1.82848E-3 1.8379E-3 2.00947E-3 1.86013E-3 1.5736E-3 1.98305E-3 1.69907E-3 1.69042E-3 2.10988E-3 2.1147E-3 1.76911E-3 1.79891E-3 1.77632E-3 1.58705E-3 1.69913E-3 1.42702E-3 1.32868E-3 1.29831E-3 1.41005E-3 1.53639E-3 3.78874E-3 2.30006E-3 2.35463E-3 2.56608E-3 2.21882E-3 2.16618E-3 2.49031E-3 1.83659E-3 2.09321E-3 2.25593E-3 1.91542E-3
5.8431E-3 5.15596E-3 2.27847E-3 3.0666E-3 3.70802E-3 4.57744E-3 8.46944E-3 1.52537E-2 2.28704E-3 1.0113E-3 5.00773E-3 1.57288E-2 1.60942E-2 2.92304E-2 1.25423E-3 1.52131E-3 1.39083E-3 1.55327E-3 1.8597E-3 8.02418E-3 1.39779E-3 1.33081E-3 1.29709E-3 1.32943E-3 1.6972E-3 1.53829E-3 1.70551E-3 1.71137E-3 1.23389E-3 1.71315E-3 1.72019E-3 1.82326E-3 1.84527E-3 2.14854E-3 2.33396E-3 1.74353E-3 1.86115E-3 2.19458E-3 2.35961E-3 2.02098E-3 1.83794E-3 1.803E-3 1.50793E-3 1.46763E-3 1.45259E-3 1.42861E-3 1.43762E-3 1.98686E-3 2.00458E-3 2.03146E-3 5.06006E-3 1.82615E-3 2.21926E-3 2.79305E-3 2.81198E-3 2.54677E-3 4.8454E-3 2.94472E-3 5.34705E-3 2.17823E-3 2.09196E-3 4.91598E-3
1.1232E-2 5.98683E-3 5.83407E-3 2.83913E-3 3.50656E-3 5.08567E-3 5.97781E-3 1.8504E-2 2.97622E-3 1.22866E-3 7.87498E-3 1.5711E-2 3.72553E-2 2.92758E-2 1.00341E-2 1.33375E-3 1.73826E-3 1.44773E-3 9.26693E-3 8.98535E-3 3.88623E-3 1.3081E-3 1.44142E-3 1.42823E-3 1.53046E-3 1.69383E-3 1.57124E-3 1.03664E-3 1.43799E-3 1.43555E-3 1.41818E-3 1.53917E-3 1.31408E-3 1.73798E-3 2.00492E-3 2.17321E-3 2.0293E-3 2.32673E-3 2.03632E-3 1.53956E-3 1.3002E-3 1.82047E-3 2.33447E-3 1.78262E-3 1.60156E-3 1.56799E-3 2.04645E-3 1.84505E-3 2.58107E-3 2.58974E-3 5.03093E-3 2.85761E-3 5.46772E-3 2.01961E-3 2.78741E-3 2.99044E-3 5.50139E-3 2.56895E-3 2.62262E-3 2.54518E-3 2.51268E-3 4.78156E-3
1.38102E-2 6.63773E-3 3.86624E-3 3.76944E-3 5.46629E-3 4.8311E-3 3.87751E-3 6.82489E-3 8.30526E-3 8.68716E-3 6.14988E-3 1.5081E-2 3.32485E-2 1.19194E-2 9.64723E-3 1.86485E-3 2.01349E-3 5.80811E-3 4.39787E-3 2.17057E-3 5.3661E-3 1.92312E-3 2.22875E-3 5.44268E-3 1.25576E-3 1.12915E-3 1.41336E-3 1.59092E-3 1.25294E-3 1.2388E-3 1.44007E-3 1.74394E-3 1.86861E-3 2.0958E-3 1.89702E-3 2.03866E-3 2.03046E-3 2.19963E-3 2.2426E-3 2.23446E-3 1.86754E-3 2.55354E-3 2.56524E-3 2.77255E-3 2.13289E-3 1.4467E-3 2.21733E-3 2.22386E-3 1.9246E-3 2.55737E-3 3.07287E-3 3.09448E-3 5.63459E-3 2.23876E-3 2.19907E-3 3.01152E-3 3.00595E-3 3.01619E-3 3.04023E-3 2.78463E-3 2.41033E-3 2.54518E-3
1.32566E-2 7.74575E-3 3.86679E-3 4.78288E-3 3.0415E-3 3.64143E-3 3.68864E-3 5.71624E-3 1.03808E-2 9.36945E-3 7.42688E-3 1.40139E-2 1.42076E-2 1.3695E-2 1.16771E-2 1.47085E-3 1.44164E-3 1.92859E-3 2.41501E-3 1.78909E-3 1.88946E-3 2.09601E-3 2.14324E-3 6.67712E-3 1.55105E-3 1.61325E-3 1.48549E-3 1.91227E-3 1.77511E-3 1.50514E-3 1.7811E-3 1.93654E-3 2.3994E-3 2.40493E-3 2.21851E-3 2.36641E-3 2.40078E-3 1.89157E-3 3.06074E-3 2.43968E-3 2.56871E-3 2.83962E-3 2.61106E-3 2.14034E-3 1.77486E-3 1.88697E-3 2.2867E-3 2.45584E-3 2.46276E-3 2.07681E-3 3.04018E-3 3.11698E-3 2.72893E-3 5.48913E-3 6.66742E-3 2.21634E-3 2.21882E-3 2.55035E-3 3.03022E-3 2.99381E-3 2.79675E-3 2.82364E-3
