day_2/Results/Podomys_floridanus/projections/2000/RUN_0.asc
ncols         385
nrows         252
xllcorner     -91.50013924285
yllcorner     25.49986064915003
cellsize      0.041666666500000005
NODATA_value  -9999
[rows 28 to 55 of 252, columns 186 to 247 of 385]
2.27817E-6 2.64072E-7 5.32992E-7 4.54339E-6 2.43248E-5 1.04053E-5 1.18279E-6 9.61158E-6 3.42556E-6 1.31959E-5 7.42966E-5 1.99913E-5 7.08728E-6 2.87717E-5 5.73609E-6 2.41062E-5 4.92138E-5 5.19534E-5 4.15008E-5 6.99883E-5 2.06929E-4 2.04712E-4 4.70949E-5 5.50255E-5 1.11876E-4 1.57514E-4 1.69918E-4 8.01503E-5 1.22836E-4 3.6918E-4 5.11921E-4 1.22836E-4 4.44243E-4 4.66523E-4 4.0534E-4 5.11921E-4 4.76056E-4 7.16877E-4 6.73253E-4 6.43831E-4 4.84285E-4 7.11656E-4 6.79435E-4 6.15109E-4 6.15109E-4 6.15109E-4 7.4342E-4 1.01151E-3 1.05232E-3 5.05502E-4 5.37558E-4 7.04188E-4 1.20055E-3 4.30242E-3 2.90459E-3 7.37568E-4 1.25455E-3 1.14791E-3 6.4683E-4 5.04381E-4 5.93745E-4 1.16368E-3
1.87288E-6 1.35292E-6 9.01113E-6 5.89606E-5 3.07927E-6 5.56466E-6 1.69637E-6 8.05824E-6 7.76076E-6 1.49612E-5 6.34677E-5 1.29925E-5 3.96236E-5 5.21394E-5 1.98709E-5 8.35218E-5 8.01503E-5 7.28276E-5 7.68445E-5 9.76094E-5 1.12764E-4 2.37779E-4 4.39408E-5 9.77857E-5 2.27479E-4 1.01712E-4 1.29208E-4 1.55584E-4 1.22616E-4 5.10998E-4 3.53082E-4 5.10998E-4 3.87444E-4 5.22084E-4 5.88023E-4 5.88023E-4 5.97828E-4 5.20051E-4 6.82339E-4 6.51237E-4 4.96283E-4 5.93745E-4 8.11915E-4 7.42037E-4 7.04188E-4 6.19801E-4 4.82644E-4 5.92603E-4 1.15009E-3 5.6604E-4 5.87091E-4 8.45867E-4 1.05232E-3 9.62862E-4 1.3058E-3 1.42357E-3 2.31899E-3 8.06104E-4 7.02878E-4 6.78172E-4 9.7202E-4 9.7202E-4
1.21002E-5 1.6154E-5 7.02397E-5 5.99848E-5 1.4866E-5 3.0946E-6 1.76649E-6 3.55689E-6 8.54843E-6 4.1544E-5 2.91043E-5 3.53076E-5 6.86103E-5 1.64048E-4 1.73351E-4 5.20214E-4 6.59239E-4 7.68445E-5 1.17535E-4 1.23669E-4 1.12764E-4 1.56287E-4 3.31919E-4 1.99118E-4 1.63425E-4 1.17535E-4 4.06504E-4 9.64003E-4 1.41528E-4 4.45808E-4 4.63145E-4 6.74484E-4 4.88913E-4 6.44873E-4 7.18188E-4 7.39268E-4 6.15376E-4 6.24044E-4 7.80562E-4 8.90025E-4 8.8837E-4 6.13972E-4 5.66453E-4 6.48042E-4 1.05431E-3 9.62862E-4 5.4089E-4 7.37568E-4 1.09449E-3 6.17477E-4 7.34786E-4 7.38959E-4 5.55785E-3 6.61544E-3 3.19946E-3 6.16308E-4 6.29886E-4 5.51761E-4 9.23248E-4 1.10403E-3 1.20729E-3 1.10612E-3
4.71071E-5 5.81464E-5 7.13489E-5 1.13608E-5 2.60122E-5 4.11194E-5 2.87241E-5 3.05904E-5 2.1905E-5 6.91247E-5 1.43635E-4 8.47547E-5 4.31543E-4 5.47503E-4 6.94102E-4 4.98949E-4 3.53444E-4 7.59823E-4 7.38713E-5 5.5906E-5 2.1296E-4 4.62416E-4 5.52862E-4 4.0607E-4 3.71157E-4 3.63806E-4 5.12241E-4 2.17561E-3 8.61625E-4 4.45808E-4 4.5402E-4 5.96736E-4 5.12241E-4 6.24044E-4 8.96895E-4 1.67026E-3 6.43831E-4 4.84285E-4 7.11656E-4 8.11915E-4 9.26723E-4 9.26723E-4 7.7351E-4 6.73187E-4 5.41905E-4 8.06104E-4 1.09449E-3 9.17359E-4 7.68883E-4 1.09241E-3 7.67938E-4 5.76329E-4 6.74857E-4 5.96227E-3 7.3837E-3 8.38248E-4 8.04577E-4 8.04577E-4 1.42629E-3 1.55491E-3 1.25455E-3 8.45867E-4
1.08148E-5 1.4429E-5 9.17105E-5 2.67709E-5 6.34677E-5 8.4876E-5 7.69948E-5 3.53677E-5 2.10849E-5 1.84796E-5 8.91122E-5 1.71615E-3 5.25284E-4 7.97885E-4 4.78974E-4 6.31765E-4 2.44329E-4 2.87522E-4 3.23813E-4 1.56287E-4 3.7261E-4 4.61561E-4 1.49895E-3 3.55706E-4 5.36541E-4 9.20336E-4 6.43831E-4 2.60844E-3 3.13296E-3 4.26388E-4 4.74744E-4 7.4745E-4 5.61446E-4 6.22898E-4 1.02234E-3 2.28938E-3 1.05912E-3 7.12974E-4 7.37262E-4 4.52467E-4 6.19801E-4 7.08666E-4 8.81005E-4 8.06104E-4 6.74857E-4 7.03971E-4 5.27324E-4 1.33508E-3 1.98312E-3 1.13805E-3 9.5496E-4 8.74773E-4 9.5496E-4 1.49177E-3 6.76553E-3 3.13017E-3 1.04249E-3 1.61307E-3 1.35621E-3 1.09449E-3 9.62862E-4 7.21555E-4
1.4429E-5 2.41473E-5 5.04267E-5 5.21394E-5 7.40269E-5 8.15577E-5 4.29059E-5 2.90549E-5 1.18101E-5 5.00874E-5 1.23669E-4 2.7578E-4 8.37631E-4 1.89684E-3 7.64667E-4 1.0051E-3 4.36746E-4 7.80907E-5 2.94892E-4 5.1319E-4 5.60806E-4 1.6658E-3 2.38881E-3 2.61506E-3 2.27584E-3 5.36541E-4 1.40545E-3 1.52202E-3 3.92969E-3 1.18777E-3 5.20051E-4 1.06552E-3 7.71148E-4 7.05268E-4 8.13427E-4 2.46549E-3 4.5292E-3 8.13427E-4 1.79388E-3 8.43059E-4 7.08666E-4 8.07624E-4 8.07624E-4 1.00202E-3 1.09449E-3 1.04448E-3 9.5496E-4 6.44431E-4 6.73778E-4 1.52189E-3 2.78962E-3 1.29071E-3 9.5313E-4 7.16691E-4 8.74773E-4 8.49196E-3 1.4082E-3 1.35361E-3 2.3613E-3 2.0775E-3 1.05232E-3 8.45867E-4
3.22926E-5 6.71914E-5 9.51001E-5 1.04715E-4 7.13588E-5 6.09871E-5 4.13936E-5 3.75714E-5 3.05792E-5 2.1111E-4 2.85799E-4 2.5148E-4 3.50133E-4 5.32031E-4 2.3844E-3 2.61023E-3 8.37631E-4 5.53873E-4 4.07421E-4 5.1319E-4 5.12242E-4 1.36395E-3 2.85741E-3 3.92193E-3 4.29061E-3 1.43991E-3 3.43042E-3 1.15156E-3 3.09146E-3 4.11051E-3 5.87743E-4 9.73831E-4 9.73831E-4 1.72375E-3 6.20956E-4 1.10819E-3 2.97442E-3 2.14728E-3 2.56264E-3 2.48825E-3 5.52795E-4 5.41905E-4 5.6604E-4 7.37568E-4 8.39848E-4 7.68883E-4 9.5496E-4 2.20465E-3 1.18302E-3 9.93839E-4 7.34025E-4 2.34382E-3 1.28822E-3 9.98829E-4 1.13587E-3 1.4082E-3 8.74773E-4 9.15611E-4 7.36171E-4 7.37568E-4 8.44274E-4 1.25693E-3
2.82453E-5 3.9932E-5 1.21861E-4 6.46951E-5 5.34521E-5 1.96752E-5 3.99697E-5 9.31637E-5 1.37868E-4 6.64172E-4 7.66074E-4 3.83769E-4 5.82804E-4 6.98057E-4 2.17809E-3 3.27064E-3 1.3245E-3 1.05563E-3 2.3844E-3 3.27673E-3 1.3915E-3 3.27673E-3 3.94233E-3 3.92193E-3 3.12796E-3 3.42409E-3 1.31602E-3 3.78429E-3 4.14006E-3 3.43042E-3 6.73423E-4 6.79435E-4 7.4342E-4 1.21183E-3 6.918E-4 1.05431E-3 1.37369E-3 8.07624E-4 1.42899E-3 5.3423E-3 6.4683E-4 9.62862E-4 5.6604E-4 5.6604E-4 8.39848E-4 1.13805E-3 1.13805E-3 9.5496E-4 1.08432E-3 1.08432E-3 1.08432E-3 1.08432E-3 9.93839E-4 1.18074E-3 1.18302E-3 1.5334E-3 9.5313E-4 8.38248E-4 8.20745E-4 1.19321E-3 1.37109E-3 9.62862E-4
4.47013E-5 7.20134E-5 9.69493E-5 9.69493E-5 4.25838E-5 7.55773E-5 1.30589E-3 3.63788E-4 7.64667E-4 8.80751E-4 5.81733E-4 8.80751E-4 9.62453E-4 6.13083E-4 7.33475E-4 2.09026E-3 1.2694E-3 3.07632E-3 4.09504E-3 4.09504E-3 1.86546E-3 3.93497E-3 4.01392E-3 4.28265E-3 4.31047E-3 4.02143E-3 5.78914E-4 2.39539E-3 4.31047E-3 5.13494E-3 1.75855E-3 7.4342E-4 9.26723E-4 1.0134E-3 1.37628E-3 8.07624E-4 9.62862E-4 2.04025E-3 1.42629E-3 4.89355E-3 1.09771E-3 9.19099E-4 1.09449E-3 9.17278E-4 5.91093E-4 7.68883E-4 1.89472E-3 2.06436E-3 2.55704E-3 5.04203E-3 2.14836E-3 2.84004E-3 1.3406E-3 9.10908E-4 1.46178E-3 1.59392E-3 1.40548E-3 1.4082E-3 1.35361E-3 1.76087E-3 2.09831E-3 1.55491E-3
1.49769E-4 2.52497E-4 1.23736E-4 5.46761E-5 5.81608E-5 2.27584E-3 5.52862E-4 7.34833E-4 2.28695E-3 1.20828E-3 7.71921E-4 8.44612E-4 1.00928E-3 1.51583E-3 8.03005E-4 8.79123E-4 2.99504E-3 2.98947E-3 2.09026E-3 1.06232E-3 7.36163E-4 1.90817E-3 4.88625E-3 4.4867E-3 5.35729E-3 4.89539E-3 5.77838E-4 1.2593E-3 4.31047E-3 5.35729E-3 1.79582E-3 2.39539E-3 7.22908E-4 8.82666E-4 1.15009E-3 1.30828E-3 9.19099E-4 1.3588E-3 1.24472E-3 3.49237E-3 2.70151E-3 7.05249E-4 1.14022E-3 1.04448E-3 9.57312E-4 6.44431E-4 8.02846E-4 9.5496E-4 8.74773E-4 9.10908E-4 1.18302E-3 1.3406E-3 1.59083E-3 1.59083E-3 1.3406E-3 1.73461E-3 1.59083E-3 1.13587E-3 9.34009E-4 1.76087E-3 1.92221E-3 1.42357E-3
2.6614E-4 1.30977E-4 7.30295E-5 8.12079E-5 2.83456E-4 1.72444E-3 3.49494E-4 4.0474E-4 7.71921E-4 1.90691E-3 2.85961E-3 1.513E-3 1.06009E-3 4.67109E-3 1.65757E-3 9.24144E-4 2.28695E-3 9.70898E-4 6.43579E-4 8.07624E-4 1.8704E-3 5.09889E-3 4.18825E-3 6.64057E-3 7.27558E-3 5.35229E-3 1.67525E-3 1.15226E-3 7.9184E-3 4.90276E-3 1.2593E-3 5.35729E-3 2.4413E-3 7.38959E-4 1.09657E-3 1.3588E-3 1.61617E-3 1.13805E-3 1.29319E-3 3.26066E-3 2.81378E-3 8.02846E-4 8.74773E-4 1.4109E-3 1.04249E-3 1.00074E-3 8.74773E-4 1.0864E-3 1.29071E-3 1.46178E-3 1.59392E-3 1.46178E-3 1.73461E-3 3.43766E-3 1.46178E-3 1.28822E-3 1.89138E-3 1.40548E-3 1.13587E-3 1.61307E-3 1.92221E-3 1.69511E-3
6.01865E-4 3.26633E-4 9.39248E-5 2.96423E-4 7.05569E-4 2.50213E-3 9.24144E-4 5.59993E-4 6.44764E-4 9.69418E-4 2.18725E-3 4.26662E-3 4.27465E-3 4.67109E-3 1.65757E-3 1.10637E-3 8.80751E-4 5.88185E-4 7.08666E-4 6.03381E-4 6.18642E-4 9.19099E-4 3.20556E-3 7.5221E-3 8.262E-3 5.57734E-3 5.56837E-3 1.00392E-3 3.81931E-3 9.00402E-4 1.56083E-3 7.2515E-3 6.08096E-3 1.00392E-3 1.00392E-3 1.04448E-3 1.4109E-3 1.82873E-3 1.18529E-3 1.89872E-3 2.30185E-3 1.18529E-3 7.35426E-4 1.0864E-3 1.53637E-3 1.01575E-3 8.17418E-4 1.08432E-3 1.19032E-3 9.30996E-4 1.18302E-3 1.18302E-3 9.93839E-4 1.18302E-3 1.5334E-3 2.06231E-3 2.24866E-3 1.5334E-3 1.26488E-3 1.9185E-3 2.17247E-3 1.92221E-3
1.13717E-3 8.39172E-4 2.45334E-4 1.98962E-3 1.91046E-3 2.19134E-3 2.62012E-3 3.27572E-3 1.26528E-3 1.15707E-3 3.27572E-3 1.32712E-3 4.08463E-3 6.34509E-3 2.26115E-3 1.66066E-3 3.58487E-3 3.92193E-3 8.05028E-4 7.38959E-4 1.00392E-3 1.14022E-3 1.24472E-3 8.50821E-3 6.89238E-3 8.262E-3 1.19776E-3 3.49903E-3 6.89238E-3 1.09657E-3 1.61925E-3 4.16092E-3 6.89238E-3 1.14022E-3 1.61925E-3 9.56783E-4 9.5496E-4 1.18529E-3 1.59699E-3 1.59699E-3 1.46461E-3 1.29071E-3 8.36498E-4 9.93839E-4 1.34319E-3 1.46178E-3 1.23183E-3 1.24019E-3 1.29071E-3 1.29071E-3 1.18804E-3 1.41578E-3 1.13587E-3 1.4082E-3 1.67296E-3 1.89506E-3 2.24866E-3 2.67334E-3 1.43372E-3 1.99129E-3 2.17247E-3 1.92221E-3
3.40146E-4 1.24659E-3 2.09026E-3 2.28695E-3 8.85694E-4 3.27572E-3 3.91179E-3 3.57968E-3 4.87183E-3 5.32047E-3 4.87183E-3 5.32047E-3 3.57295E-3 4.85717E-3 2.47108E-3 1.65757E-3 5.11374E-3 5.57734E-3 5.57734E-3 2.1272E-3 2.46458E-3 2.25777E-3 8.76442E-4 1.74134E-3 9.26187E-3 9.3684E-3 1.35621E-3 9.27959E-3 3.65955E-3 1.3588E-3 1.99897E-3 1.01012E-2 5.78623E-3 1.35621E-3 1.99897E-3 5.78623E-3 9.56783E-4 9.95747E-4 1.0864E-3 1.12969E-3 1.59392E-3 1.96708E-3 1.46461E-3 8.51672E-4 1.12969E-3 1.73798E-3 1.59392E-3 1.35308E-3 1.35308E-3 1.59392E-3 1.28822E-3 1.41578E-3 1.53637E-3 2.17247E-3 2.67334E-3 2.45184E-3 2.67334E-3 3.1719E-3 1.99129E-3 2.17247E-3 3.1781E-3 2.37012E-3
4.68749E-4 1.3915E-3 1.65182E-3 2.62012E-3 2.86496E-3 2.62012E-3 9.69418E-4 3.27572E-3 2.74294E-3 4.46094E-3 3.74705E-3 3.58413E-3 4.87183E-3 5.30144E-3 7.88133E-3 6.34509E-3 6.35702E-3 6.92892E-3 5.20112E-3 2.46458E-3 1.14022E-3 1.67941E-3 3.6289E-3 1.4109E-3 1.12535E-2 7.15181E-3 2.0703E-3 8.81583E-3 2.98886E-3 1.67941E-3 2.25738E-3 8.50821E-3 2.63206E-3 1.29319E-3 2.0703E-3 9.6095E-3 2.79498E-3 9.12657E-4 1.18529E-3 1.46461E-3 1.34319E-3 1.3406E-3 1.80507E-3 1.34319E-3 9.10908E-4 1.3406E-3 1.96327E-3 1.73798E-3 1.82611E-3 1.3406E-3 1.59392E-3 1.91707E-3 1.68714E-3 1.82873E-3 1.61307E-3 1.99129E-3 2.17247E-3 2.17247E-3 2.91483E-3 3.1719E-3 2.91483E-3 3.45835E-3
4.10349E-4 1.07152E-3 3.91912E-3 1.06009E-3 8.86497E-4 3.57968E-3 1.58809E-3 9.69418E-4 3.27572E-3 3.27572E-3 3.91179E-3 3.27572E-3 7.70342E-4 5.78623E-3 6.5692E-3 7.8007E-3 8.50821E-3 8.58479E-3 1.06275E-2 7.15181E-3 6.55672E-3 1.10822E-3 1.34577E-3 1.74134E-3 5.49776E-3 9.47232E-3 1.97088E-3 9.6095E-3 1.89872E-3 2.33598E-3 1.18052E-2 8.81583E-3 1.29319E-3 1.89872E-3 2.54558E-3 1.03248E-2 7.15181E-3 1.0864E-3 1.0864E-3 1.46461E-3 1.46178E-3 1.6564E-3 1.51996E-3 1.80157E-3 1.3406E-3 1.65318E-3 1.80157E-3 1.96327E-3 1.96327E-3 1.59392E-3 1.59392E-3 1.89506E-3 1.68714E-3 1.48555E-3 1.76087E-3 1.93578E-3 2.11433E-3 2.09831E-3 3.35082E-3 3.07152E-3 3.1719E-3 3.77061E-3
1.59159E-3 1.14236E-3 3.65605E-3 1.06009E-3 2.99753E-3 4.08463E-3 7.22165E-3 1.73234E-3 5.33048E-3 4.27465E-3 2.26887E-3 2.21729E-3 2.2131E-3 6.02244E-3 2.15636E-3 1.59699E-3 1.18052E-2 1.22653E-2 1.20152E-2 9.7261E-3 3.38922E-3 4.47253E-3 3.10254E-3 1.46461E-3 1.96708E-3 5.68412E-3 4.53919E-3 4.2498E-3 2.33598E-3 5.57183E-3 1.26901E-2 9.47232E-3 1.23183E-3 2.33598E-3 5.68412E-3 1.16501E-2 3.38273E-3 1.74134E-3 1.18302E-3 1.46461E-3 1.96708E-3 1.80507E-3 1.80507E-3 1.6564E-3 2.13946E-3 1.3406E-3 1.80507E-3 1.46178E-3 1.36753E-3 1.59392E-3 2.33145E-3 2.25303E-3 2.95713E-3 2.71582E-3 2.58573E-3 2.91483E-3 2.37012E-3 2.58573E-3 2.37012E-3 2.09427E-3 2.58573E-3 2.81546E-3
3.00315E-3 9.77988E-4 1.07112E-3 6.06282E-3 4.08463E-3 5.08946E-3 5.78623E-3 5.32047E-3 5.91338E-3 6.35702E-3 2.22397E-3 1.04647E-3 3.26066E-3 6.70082E-3 3.13913E-3 1.34577E-3 2.14362E-3 1.38223E-2 1.26901E-2 1.29684E-2 1.10029E-2 3.88243E-3 1.80507E-3 2.14362E-3 2.03737E-3 2.03737E-3 5.68412E-3 3.90015E-3 2.21894E-3 2.96131E-3 1.42888E-2 1.26901E-2 1.80507E-3 1.80507E-3 6.18967E-3 9.13212E-3 1.59699E-3 2.33598E-3 1.46461E-3 1.34319E-3 1.46178E-3 1.59392E-3 1.80507E-3 1.46178E-3 2.33145E-3 1.46178E-3 1.34319E-3 1.89506E-3 1.73798E-3 1.73798E-3 2.06231E-3 2.54064E-3 2.67334E-3 2.67334E-3 3.1781E-3 3.1781E-3 3.1781E-3 3.07152E-3 2.58573E-3 3.35082E-3 2.28611E-3 2.81546E-3
1.36834E-3 3.20386E-3 3.13488E-3 5.06132E-3 3.74001E-3 3.91386E-3 1.62193E-3 8.1919E-3 6.5692E-3 7.88133E-3 3.07725E-3 1.41359E-3 3.69525E-3 4.38413E-3 1.22653E-2 3.68818E-3 1.6564E-3 2.41667E-3 1.90459E-2 1.55537E-2 1.43164E-2 9.31484E-3 5.57183E-3 1.22041E-2 3.96177E-3 2.21894E-3 1.12101E-2 9.4572E-3 1.71755E-3 2.03737E-3 3.22325E-3 1.74756E-2 1.6564E-3 2.03737E-3 6.05562E-3 5.21975E-3 1.96708E-3 2.54558E-3 1.34319E-3 1.59699E-3 2.14362E-3 1.46178E-3 1.46178E-3 1.96708E-3 1.73798E-3 1.73798E-3 2.33598E-3 2.54064E-3 2.54064E-3 2.76858E-3 3.01694E-3 2.76858E-3 2.67334E-3 2.67334E-3 3.1781E-3 3.1781E-3 3.77797E-3 3.77797E-3 3.77797E-3 3.65548E-3 3.07152E-3 4.48208E-3
5.39237E-4 4.62659E-4 6.17092E-4 4.25325E-3 3.64568E-3 6.31273E-3 4.26396E-3 2.66755E-3 8.83269E-3 1.15898E-2 7.20801E-3 1.41359E-3 1.60006E-3 2.14776E-3 3.90767E-3 2.42136E-3 2.632E-3 2.21894E-3 2.30078E-3 8.51266E-3 1.74756E-2 5.75917E-3 1.67842E-2 1.49295E-2 1.37228E-2 1.49295E-2 6.9586E-3 6.9586E-3 1.37228E-2 2.11373E-3 2.72063E-3 1.37228E-2 2.03737E-3 2.96131E-3 2.49949E-3 1.6564E-3 2.21894E-3 2.41667E-3 1.80507E-3 2.632E-3 2.33145E-3 1.80507E-3 1.59699E-3 1.96708E-3 1.73798E-3 2.06631E-3 1.89506E-3 2.54064E-3 3.01694E-3 2.76858E-3 2.06631E-3 2.25303E-3 2.92049E-3 2.17247E-3 3.07748E-3 3.77797E-3 2.82093E-3 3.65548E-3 2.72406E-3 2.50033E-3 3.35082E-3 4.48208E-3
2.99753E-3 1.22334E-3 3.58567E-3 3.28494E-3 7.69214E-4 1.13186E-3 5.73738E-3 6.25477E-3 9.47232E-3 1.22653E-2 1.06073E-2 1.46742E-3 1.74134E-3 2.14776E-3 2.63711E-3 2.632E-3 4.80252E-3 1.72089E-3 2.49949E-3 1.94187E-3 2.58953E-3 3.05846E-3 3.32708E-3 7.65756E-3 3.05846E-3 2.8115E-3 3.05846E-3 3.7327E-3 1.67515E-2 1.57882E-2 1.93808E-3 3.61925E-3 2.72063E-3 6.94498E-3 1.87064E-3 2.03737E-3 2.632E-3 2.21894E-3 2.41667E-3 2.41667E-3 1.96708E-3 2.632E-3 2.13946E-3 2.33145E-3 1.96708E-3 2.33598E-3 3.01694E-3 3.01694E-3 2.06631E-3 2.67853E-3 1.99129E-3 2.92049E-3 3.07748E-3 2.3747E-3 3.35733E-3 2.72932E-3 2.02614E-3 2.4171E-3 2.41248E-3 3.24578E-3 3.65548E-3 2.72406E-3
3.91386E-3 4.25325E-3 4.66291E-3 5.07984E-3 4.45845E-3 1.66055E-3 9.51941E-4 3.51521E-3 9.83651E-3 1.38488E-2 1.35639E-2 1.42711E-2 1.6322E-3 2.63711E-3 2.14362E-3 5.22987E-3 3.90767E-3 1.87428E-3 2.03737E-3 2.30078E-3 2.8115E-3 3.32708E-3 3.44013E-3 5.59254E-3 1.78049E-3 2.18812E-3 2.37572E-3 3.15796E-3 3.15796E-3 4.4118E-3 5.03989E-3 2.58445E-3 3.61925E-3 1.47671E-2 1.71755E-3 2.72063E-3 2.72063E-3 2.96131E-3 2.72063E-3 1.87064E-3 2.632E-3 2.8609E-3 2.8609E-3 3.11574E-3 2.86648E-3 2.14362E-3 2.4566E-3 3.02279E-3 2.67853E-3 2.3747E-3 3.47182E-3 2.82093E-3 3.08342E-3 2.06683E-3 2.02614E-3 3.01459E-3 2.63999E-3 3.54976E-3 4.22113E-3 4.74553E-3 4.35022E-3 4.83398E-3
3.57397E-3 4.45845E-3 4.42757E-3 5.73738E-3 7.16349E-3 6.57117E-3 2.19939E-3 1.28232E-3 1.87428E-3 1.33113E-2 1.46021E-2 1.69622E-2 1.88321E-2 9.96759E-3 4.17382E-3 1.97088E-3 2.63711E-3 3.22954E-3 3.33361E-3 3.32708E-3 8.60086E-3 4.10444E-3 6.47309E-3 4.65781E-3 1.6389E-3 2.38039E-3 2.8115E-3 2.37572E-3 2.90463E-3 2.37572E-3 4.0581E-3 3.43334E-3 3.05846E-3 3.32708E-3 2.72063E-3 2.49949E-3 3.32708E-3 2.49949E-3 2.21894E-3 2.41196E-3 3.50144E-3 3.81106E-3 3.50144E-3 3.11574E-3 2.86648E-3 2.33598E-3 2.25738E-3 2.92049E-3 2.59072E-3 3.08342E-3 3.08342E-3 2.29492E-3 3.00885E-3 3.28621E-3 3.54976E-3 3.04489E-3 3.91985E-3 3.43291E-3 3.54976E-3 3.86721E-3 4.35022E-3 4.88655E-3
3.0094E-3 3.74646E-3 3.41627E-3 5.88202E-3 7.1224E-3 8.85998E-3 1.12818E-2 3.47227E-3 1.28232E-3 1.87428E-3 1.49584E-2 2.07157E-2 2.07555E-2 2.31096E-2 1.97088E-3 3.22954E-3 3.22954E-3 3.33361E-3 3.32708E-3 3.74007E-3 1.67515E-2 2.11373E-3 8.60086E-3 1.37228E-2 1.78397E-3 2.10961E-3 2.38039E-3 3.1642E-3 2.67688E-3 2.37572E-3 2.8115E-3 3.43334E-3 3.43334E-3 3.7327E-3 3.32708E-3 2.8115E-3 3.61925E-3 3.05846E-3 3.05846E-3 3.92926E-3 3.92926E-3 3.21693E-3 3.22325E-3 3.12183E-3 2.76858E-3 2.92049E-3 2.3747E-3 2.18085E-3 3.12195E-3 2.29492E-3 2.50513E-3 3.40778E-3 3.87467E-3 3.99552E-3 4.35866E-3 3.66257E-3 3.54976E-3 4.22113E-3 3.03906E-3 3.54292E-3 3.86721E-3 3.24578E-3
4.45845E-3 5.08116E-3 4.06101E-3 5.39845E-3 6.40877E-3 7.91173E-3 1.47957E-2 1.12818E-2 1.98214E-3 1.78744E-3 7.05434E-3 2.8254E-2 2.7414E-2 2.11964E-2 2.04133E-3 2.72594E-3 2.50437E-3 2.81702E-3 3.33361E-3 1.54375E-2 2.30078E-3 2.38504E-3 2.30078E-3 2.30078E-3 3.06447E-3 2.8115E-3 3.1642E-3 3.1642E-3 2.18812E-3 3.1642E-3 3.1642E-3 3.43334E-3 3.43334E-3 4.0581E-3 4.4118E-3 3.15796E-3 3.43334E-3 4.0581E-3 4.4118E-3 3.7327E-3 3.32708E-3 3.22325E-3 2.632E-3 2.54064E-3 2.4566E-3 2.3747E-3 2.37926E-3 3.3638E-3 3.3638E-3 3.3638E-3 3.71972E-3 3.03906E-3 3.66964E-3 4.25547E-3 4.25547E-3 4.35022E-3 4.41471E-3 4.69715E-3 4.82789E-3 3.54976E-3 3.43291E-3 3.5891E-3
8.5124E-3 4.66062E-3 5.77154E-3 5.05388E-3 6.12796E-3 8.93438E-3 1.05584E-2 1.70541E-2 3.86167E-3 2.18812E-3 1.59588E-2 2.81993E-2 3.43543E-2 2.11964E-2 6.98631E-3 2.30525E-3 3.07045E-3 2.59459E-3 1.8841E-2 1.53167E-2 5.06943E-3 2.30078E-3 2.50437E-3 2.58953E-3 2.8115E-3 3.1642E-3 2.91037E-3 1.84887E-3 2.58953E-3 2.58953E-3 2.58445E-3 2.8115E-3 2.37572E-3 3.1642E-3 3.7327E-3 4.0581E-3 3.7327E-3 4.40306E-3 3.7327E-3 2.7153E-3 2.21894E-3 3.22325E-3 4.15615E-3 3.01694E-3 2.67853E-3 2.59072E-3 3.47852E-3 3.08342E-3 4.49953E-3 4.49953E-3 4.57775E-3 4.90558E-3 4.98407E-3 3.35733E-3 4.89608E-3 4.63051E-3 4.98407E-3 4.35866E-3 4.35866E-3 4.22113E-3 4.22113E-3 4.27281E-3
1.03567E-2 5.29703E-3 6.67286E-3 6.66003E-3 9.7033E-3 1.2174E-2 6.99567E-3 1.30576E-2 1.40596E-2 6.32192E-3 8.86249E-3 2.59636E-2 2.46416E-2 2.00732E-2 1.68167E-2 3.33361E-3 3.62636E-3 7.82702E-3 5.60345E-3 3.74741E-3 7.05434E-3 3.44688E-3 4.06611E-3 7.1964E-3 2.18812E-3 2.01136E-3 2.58445E-3 2.8115E-3 2.18812E-3 2.18812E-3 2.58445E-3 3.1642E-3 3.43334E-3 3.85632E-3 3.43334E-3 3.7327E-3 3.7327E-3 4.0581E-3 4.0581E-3 3.93702E-3 3.22325E-3 4.65852E-3 4.65852E-3 4.92332E-3 3.58931E-3 2.42238E-3 3.7926E-3 3.7853E-3 3.19041E-3 4.49082E-3 4.98323E-3 4.98323E-3 5.1539E-3 3.73606E-3 3.66257E-3 4.63954E-3 4.63051E-3 4.63051E-3 4.63051E-3 4.74553E-3 3.99552E-3 4.22113E-3
9.8981E-3 6.19372E-3 6.93268E-3 8.21024E-3 8.06832E-3 7.2719E-3 4.90116E-3 1.14198E-2 1.92283E-2 1.63377E-2 1.51277E-2 2.46103E-2 2.46584E-2 2.39029E-2 1.96435E-2 2.38504E-3 2.58953E-3 3.44688E-3 4.06611E-3 3.17041E-3 3.44013E-3 3.86394E-3 3.86394E-3 8.77393E-3 2.67688E-3 2.91037E-3 2.67688E-3 3.44013E-3 3.1642E-3 2.67688E-3 3.26631E-3 3.5491E-3 4.54365E-3 4.54365E-3 4.18178E-3 4.4118E-3 4.54365E-3 3.43334E-3 5.82764E-3 4.4118E-3 4.78676E-3 5.21414E-3 4.65852E-3 3.69543E-3 2.97911E-3 3.18426E-3 3.91115E-3 4.25353E-3 4.25353E-3 3.47182E-3 4.98323E-3 4.89882E-3 4.63478E-3 4.98407E-3 4.98407E-3 3.66257E-3 3.66257E-3 4.35866E-3 4.63954E-3 4.63051E-3 4.12928E-3 4.12928E-3
