day_2/Results/Podomys_floridanus/projections/2000/RUN_2.asc
ncols         385
nrows         252
xllcorner     -91.50013924285
yllcorner     25.49986064915003
cellsize      0.041666666500000005
NODATA_value  -9999
[rows 0 to 27 of 252, columns 248 to 309 of 385]
3.86408E-4 4.5578E-4 4.39603E-4 5.4329E-4 4.05992E-4 4.82464E-4 7.14106E-4 7.31997E-4 4.60778E-4 6.42205E-4 9.23598E-4 4.70476E-4 6.7103E-4 1.08782E-3 1.23251E-3 1.00352E-3 5.99021E-4 1.16463E-3 1.00781E-3 1.00996E-3 8.0656E-4 6.90122E-4 6.8324E-4 9.73162E-4 8.42506E-4 1.05171E-3 9.16681E-4 7.16703E-4 9.79427E-4 1.22808E-3 1.01276E-3 8.08176E-4 6.78918E-4 6.67816E-4 9.28859E-4 9.29136E-4 8.62194E-4 6.35016E-4 8.17996E-4 8.33254E-4 6.01673E-4 5.063E-4 5.45957E-4 7.08759E-4 3.04497E-4 4.05882E-4 3.6547E-4 2.4729E-4 3.27529E-4 3.50978E-4 3.6447E-4 5.35988E-4 7.34261E-4 6.42999E-4 6.82699E-4 6.29691E-4 9.46215E-4 8.09666E-4 6.37934E-4 6.26607E-4 8.68952E-4 5.83677E-4
6.20403E-4 5.86023E-4 3.86149E-4 3.82075E-4 5.55317E-4 5.838E-4 7.06803E-4 7.69432E-4 6.59176E-4 5.28147E-4 6.12545E-4 9.30989E-4 7.55613E-4 7.58014E-4 1.0852E-3 1.18939E-3 8.11219E-4 7.59897E-4 1.01212E-3 1.08821E-3 6.99982E-4 6.98197E-4 6.8065E-4 1.24174E-3 1.15844E-3 1.00674E-3 7.48456E-4 6.27496E-4 9.80391E-4 1.15844E-3 1.15844E-3 8.09145E-4 7.55524E-4 6.41677E-4 8.02271E-4 8.00981E-4 6.82768E-4 8.20661E-4 8.10417E-4 5.97392E-4 4.2619E-4 4.52275E-4 3.35848E-4 4.55319E-4 5.39286E-4 3.48044E-4 2.90693E-4 2.86404E-4 4.1977E-4 4.64792E-4 3.67093E-4 6.54136E-4 6.91983E-4 6.64816E-4 6.67852E-4 5.5659E-4 6.02708E-4 5.53179E-4 4.83377E-4 6.60319E-4 5.96453E-4 6.9183E-4
5.29431E-4 5.88624E-4 6.08192E-4 6.83483E-4 8.97575E-4 7.87369E-4 7.38338E-4 7.43776E-4 7.99675E-4 9.34821E-4 6.42597E-4 7.58014E-4 1.11457E-3 8.20441E-4 7.62332E-4 1.29084E-3 9.70551E-4 8.20525E-4 1.11598E-3 9.02503E-4 7.54245E-4 6.97746E-4 9.43836E-4 1.24754E-3 1.0107E-3 7.50234E-4 5.5151E-4 1.09635E-3 9.47871E-4 9.31835E-4 8.76768E-4 1.00528E-3 6.48825E-4 8.10003E-4 5.46091E-4 5.81799E-4 8.17996E-4 5.90467E-4 5.04678E-4 3.73793E-4 4.92189E-4 6.64717E-4 5.89306E-4 5.13106E-4 5.17434E-4 6.04612E-4 3.36525E-4 5.0379E-4 3.81614E-4 5.36181E-4 4.47694E-4 6.6127E-4 7.05454E-4 6.44232E-4 8.76941E-4 6.2314E-4 7.10216E-4 6.02708E-4 5.28186E-4 4.95194E-4 4.329E-4 4.80824E-4
6.29883E-4 5.52937E-4 4.59355E-4 4.24513E-4 6.17258E-4 6.74557E-4 5.92892E-4 6.90079E-4 7.50834E-4 8.80977E-4 9.49894E-4 1.04584E-3 1.12804E-3 1.05035E-3 7.29025E-4 1.04472E-3 1.22487E-3 8.39119E-4 1.12259E-3 7.16587E-4 7.55644E-4 8.76216E-4 1.18811E-3 1.20014E-3 7.80926E-4 6.95517E-4 5.08231E-4 1.08984E-3 1.27043E-3 8.51487E-4 6.51912E-4 9.01891E-4 7.75055E-4 6.65861E-4 4.32158E-4 5.10876E-4 7.84842E-4 4.77761E-4 5.28607E-4 4.634E-4 3.7713E-4 3.34266E-4 3.58393E-4 3.66514E-4 2.98479E-4 3.73896E-4 4.09236E-4 4.1253E-4 3.8304E-4 2.18229E-4 3.53996E-4 7.38473E-4 6.63732E-4 7.8594E-4 7.04024E-4 6.81683E-4 1.01093E-3 7.41914E-4 1.05499E-3 9.8374E-4 7.29789E-4 5.38318E-4
7.12976E-4 4.38868E-4 7.62096E-4 4.4006E-4 5.21293E-4 5.87324E-4 8.73457E-4 7.5115E-4 6.99675E-4 5.53262E-4 7.63146E-4 8.25707E-4 1.1493E-3 1.2463E-3 1.08172E-3 9.47624E-4 1.14615E-3 7.19215E-4 6.66005E-4 8.36416E-4 1.03861E-3 8.42736E-4 1.06773E-3 6.66005E-4 5.96247E-4 6.98491E-4 1.11838E-3 1.32166E-3 1.26969E-3 6.98248E-4 8.11568E-4 5.29253E-4 7.18202E-4 6.89899E-4 5.22975E-4 6.44591E-4 5.99084E-4 5.56712E-4 3.60639E-4 4.19797E-4 4.66304E-4 3.16181E-4 2.28079E-4 2.80977E-4 2.8969E-4 3.18247E-4 3.28933E-4 4.43347E-4 5.20882E-4 4.36313E-4 4.9903E-4 7.67569E-4 6.71716E-4 6.031E-4 5.99342E-4 7.62385E-4 8.19352E-4 5.54707E-4 8.45058E-4 7.88091E-4 1.04943E-3 9.90987E-4
4.78596E-4 6.79311E-4 4.52763E-4 7.19029E-4 4.62844E-4 7.52424E-4 6.46416E-4 7.53537E-4 9.06424E-4 8.35856E-4 1.05943E-3 1.08026E-3 1.08878E-3 1.02078E-3 1.24145E-3 1.19896E-3 1.18722E-3 7.42948E-4 8.68232E-4 1.07237E-3 1.18722E-3 7.5105E-4 9.92957E-4 5.263E-4 5.52535E-4 1.21399E-3 1.40908E-3 1.55596E-3 1.14647E-3 8.35762E-4 5.93581E-4 8.31696E-4 5.46222E-4 7.35664E-4 8.1986E-4 5.2587E-4 5.00705E-4 6.00315E-4 4.20712E-4 5.06959E-4 3.0846E-4 4.13124E-4 3.3424E-4 2.66755E-4 2.3722E-4 2.94145E-4 2.54696E-4 3.09157E-4 5.27114E-4 6.36923E-4 4.76982E-4 7.43428E-4 5.81077E-4 6.81857E-4 6.55004E-4 5.89759E-4 6.28526E-4 5.68384E-4 7.33414E-4 7.78212E-4 8.58379E-4 7.63512E-4
7.47665E-4 7.35431E-4 7.14128E-4 5.40195E-4 5.04161E-4 4.6828E-4 6.00289E-4 8.98724E-4 9.83157E-4 1.08561E-3 1.09707E-3 1.08996E-3 8.82472E-4 1.18595E-3 9.61621E-4 8.11077E-4 1.00214E-3 1.17688E-3 1.12114E-3 1.27812E-3 1.02832E-3 7.69348E-4 5.91365E-4 6.91622E-4 5.74464E-4 9.32334E-4 8.09319E-4 9.42498E-4 1.34515E-3 1.09885E-3 6.85699E-4 5.21039E-4 6.43152E-4 5.63483E-4 6.21628E-4 7.65491E-4 7.1723E-4 4.13066E-4 3.8534E-4 3.7694E-4 5.31469E-4 3.46727E-4 3.4316E-4 3.51309E-4 3.30752E-4 2.81322E-4 3.17449E-4 3.04771E-4 3.68409E-4 5.37391E-4 5.34687E-4 6.77949E-4 7.19491E-4 8.12389E-4 6.89791E-4 7.61264E-4 8.04558E-4 1.0344E-3 7.74464E-4 6.96165E-4 6.52866E-4 6.33877E-4
7.43722E-4 5.96492E-4 6.93339E-4 8.44457E-4 7.73641E-4 6.66029E-4 6.17913E-4 5.28701E-4 7.76948E-4 9.23117E-4 1.08996E-3 1.28204E-3 1.29048E-3 9.75724E-4 7.60063E-4 1.19373E-3 1.18463E-3 1.11503E-3 1.11381E-3 1.11554E-3 9.78221E-4 7.8209E-4 7.76934E-4 7.72721E-4 6.96281E-4 8.2862E-4 7.02077E-4 1.34823E-3 1.38214E-3 1.13707E-3 6.56595E-4 4.57594E-4 6.85727E-4 4.04371E-4 5.30424E-4 4.52036E-4 5.6046E-4 5.59591E-4 3.23788E-4 5.66412E-4 3.75152E-4 2.23486E-4 3.04528E-4 3.4237E-4 4.15345E-4 4.28553E-4 2.89305E-4 4.44076E-4 3.10732E-4 5.79199E-4 6.40673E-4 5.38627E-4 7.72699E-4 6.45001E-4 7.47904E-4 9.55245E-4 6.76052E-4 8.50005E-4 9.20686E-4 1.02556E-3 1.07188E-3 6.44339E-4
7.93524E-4 7.65881E-4 6.99675E-4 6.39885E-4 9.74735E-4 9.99964E-4 6.98134E-4 5.79428E-4 7.32168E-4 9.42584E-4 1.08642E-3 1.11625E-3 1.11747E-3 8.35004E-4 1.12852E-3 1.04254E-3 9.02173E-4 8.32253E-4 1.03572E-3 1.05856E-3 1.1503E-3 9.93978E-4 6.91741E-4 7.81229E-4 8.46893E-4 6.74602E-4 1.08335E-3 1.45619E-3 1.46735E-3 7.3413E-4 6.28826E-4 6.06423E-4 4.17318E-4 5.16904E-4 6.38954E-4 3.97917E-4 4.88198E-4 3.80956E-4 3.59652E-4 6.96003E-4 5.89396E-4 3.3633E-4 3.51071E-4 2.68815E-4 3.24299E-4 3.9648E-4 4.10755E-4 4.60951E-4 4.41141E-4 5.57283E-4 6.68489E-4 7.76389E-4 7.31518E-4 9.98358E-4 9.83306E-4 9.0054E-4 8.50624E-4 1.00253E-3 1.16861E-3 7.47672E-4 6.2705E-4 9.37387E-4
6.14346E-4 6.96667E-4 9.06424E-4 1.1424E-3 8.69205E-4 1.01766E-3 7.76861E-4 5.49943E-4 5.35436E-4 8.05758E-4 9.36387E-4 7.5105E-4 7.49422E-4 1.03614E-3 1.03799E-3 6.90123E-4 8.30962E-4 6.93876E-4 1.02446E-3 1.07265E-3 1.0684E-3 9.29809E-4 7.48588E-4 8.66808E-4 7.5276E-4 6.95566E-4 1.07914E-3 1.23587E-3 1.22707E-3 5.19056E-4 5.18128E-4 5.62368E-4 3.8875E-4 4.94724E-4 5.53065E-4 5.24713E-4 5.03316E-4 5.26931E-4 4.48607E-4 7.84789E-4 6.08526E-4 3.95836E-4 4.34238E-4 3.66752E-4 4.20103E-4 4.73667E-4 4.86118E-4 4.87438E-4 5.01548E-4 6.75632E-4 9.5871E-4 9.1136E-4 8.83635E-4 1.02447E-3 7.20514E-4 1.03401E-3 7.37098E-4 9.50835E-4 1.18077E-3 1.12352E-3 9.11191E-4 7.16603E-4
8.22853E-4 6.15225E-4 8.99108E-4 1.09638E-3 1.19112E-3 7.71033E-4 7.71325E-4 7.20333E-4 7.07555E-4 9.73592E-4 8.35901E-4 5.53503E-4 7.58417E-4 8.94478E-4 8.29527E-4 6.45864E-4 5.50351E-4 9.74657E-4 1.07977E-3 9.28127E-4 7.97458E-4 8.70671E-4 1.19108E-3 6.67599E-4 5.99805E-4 9.17615E-4 4.90293E-4 6.85682E-4 1.16579E-3 6.69672E-4 6.15779E-4 5.66139E-4 5.82326E-4 3.95144E-4 6.73631E-4 5.49897E-4 4.35921E-4 5.22962E-4 5.00104E-4 7.82731E-4 7.39351E-4 4.66645E-4 4.9667E-4 5.96897E-4 6.22697E-4 7.28115E-4 9.24224E-4 6.39894E-4 7.27226E-4 7.58742E-4 8.26632E-4 9.7196E-4 7.60453E-4 1.08427E-3 1.03641E-3 9.90177E-4 1.06617E-3 9.98962E-4 1.07104E-3 1.07706E-3 1.01185E-3 1.01601E-3
5.78497E-4 7.34894E-4 8.91573E-4 7.09478E-4 1.07083E-3 9.9059E-4 9.9429E-4 7.47975E-4 9.91033E-4 9.36523E-4 9.96728E-4 6.25554E-4 1.00477E-3 8.44169E-4 9.29151E-4 8.68055E-4 7.28437E-4 8.67025E-4 8.05411E-4 6.93268E-4 8.10757E-4 9.61002E-4 9.7352E-4 6.67406E-4 6.71321E-4 9.22389E-4 1.16135E-3 8.90084E-4 9.3934E-4 6.72265E-4 9.19641E-4 6.81331E-4 5.50383E-4 4.37504E-4 5.82019E-4 6.00771E-4 5.23345E-4 5.28218E-4 4.86692E-4 5.96693E-4 3.97681E-4 4.7256E-4 4.41497E-4 6.74095E-4 5.24533E-4 6.07888E-4 6.57666E-4 5.88598E-4 6.54812E-4 7.55672E-4 7.78866E-4 8.90022E-4 1.06783E-3 7.1302E-4 8.91505E-4 1.04594E-3 1.04348E-3 1.20814E-3 1.04471E-3 1.01963E-3 1.21645E-3 9.98439E-4
8.78139E-4 8.47904E-4 9.87345E-4 8.46874E-4 8.64266E-4 9.4557E-4 7.43168E-4 8.0751E-4 1.27493E-3 8.77604E-4 1.18811E-3 7.48101E-4 8.85029E-4 9.60279E-4 8.96225E-4 8.4508E-4 8.42805E-4 6.97101E-4 7.63718E-4 7.20906E-4 7.87974E-4 9.36706E-4 8.06247E-4 6.23651E-4 1.09292E-3 1.20555E-3 7.91855E-4 1.3175E-3 9.51475E-4 1.01941E-3 5.54526E-4 9.07595E-4 5.97203E-4 5.52876E-4 5.99201E-4 4.36969E-4 4.89609E-4 4.15944E-4 5.56448E-4 6.44968E-4 7.71044E-4 6.03031E-4 7.16129E-4 6.6865E-4 8.9211E-4 5.87907E-4 8.60326E-4 5.82969E-4 6.78684E-4 9.26302E-4 9.17652E-4 6.39474E-4 9.77434E-4 1.44498E-3 1.14296E-3 1.15247E-3 1.16068E-3 9.98466E-4 1.00797E-3 9.97285E-4 1.00681E-3 1.45951E-3
6.18106E-4 8.51136E-4 1.01844E-3 9.44958E-4 8.24796E-4 8.24664E-4 9.56739E-4 7.72333E-4 1.19739E-3 1.29014E-3 1.14375E-3 1.15146E-3 9.98276E-4 1.01066E-3 1.13991E-3 7.46232E-4 7.88515E-4 8.64212E-4 9.43026E-4 7.56335E-4 8.20834E-4 8.7474E-4 7.1025E-4 1.22123E-3 7.01548E-4 1.13405E-3 6.59039E-4 1.56314E-3 1.45463E-3 6.14643E-4 1.00026E-3 9.39528E-4 8.47765E-4 5.50434E-4 5.17712E-4 5.79566E-4 6.03065E-4 6.64815E-4 4.67461E-4 4.07853E-4 4.8642E-4 7.73196E-4 6.07611E-4 7.24623E-4 8.91951E-4 5.78665E-4 8.00825E-4 4.21087E-4 5.58745E-4 7.2672E-4 7.80599E-4 1.00349E-3 5.8661E-4 8.7056E-4 9.97285E-4 1.36427E-3 1.28825E-3 1.22483E-3 1.14268E-3 9.71955E-4 1.02978E-3 8.11647E-4
5.43714E-4 5.80704E-4 1.12437E-3 7.8067E-4 1.05384E-3 9.10227E-4 9.17337E-4 7.13729E-4 1.03726E-3 1.22239E-3 1.42726E-3 1.1476E-3 9.94926E-4 8.68095E-4 1.09692E-3 6.86767E-4 8.1442E-4 1.11819E-3 7.78462E-4 8.40661E-4 6.04426E-4 9.81515E-4 9.8536E-4 1.03363E-3 8.1519E-4 9.60542E-4 1.12553E-3 1.15585E-3 9.05004E-4 6.99573E-4 1.21935E-3 1.04921E-3 8.92097E-4 9.96944E-4 7.35944E-4 7.00287E-4 6.60363E-4 6.73259E-4 4.56551E-4 5.20294E-4 8.01239E-4 7.48075E-4 7.30858E-4 6.90755E-4 1.10836E-3 9.84913E-4 1.02159E-3 5.49351E-4 8.82966E-4 9.89055E-4 1.06575E-3 1.16108E-3 9.46548E-4 1.04029E-3 1.13724E-3 1.06857E-3 1.41492E-3 1.43124E-3 1.41007E-3 1.21633E-3 1.07257E-3 1.18317E-3
8.91205E-4 5.08876E-4 1.04384E-3 1.0782E-3 9.3531E-4 1.0133E-3 7.89397E-4 7.11352E-4 7.63864E-4 1.10218E-3 1.32325E-3 1.44097E-3 1.47423E-3 9.57173E-4 1.03693E-3 8.9453E-4 6.54268E-4 1.06725E-3 6.80324E-4 1.07212E-3 6.29816E-4 6.8642E-4 1.02524E-3 9.09085E-4 7.80929E-4 1.15794E-3 1.4507E-3 1.17609E-3 8.86932E-4 8.48162E-4 7.76111E-4 1.20883E-3 7.13603E-4 1.04325E-3 7.34557E-4 7.55082E-4 6.66184E-4 1.04936E-3 6.07698E-4 9.25162E-4 7.18234E-4 6.90793E-4 8.78498E-4 7.90364E-4 5.79367E-4 7.82282E-4 7.89327E-4 6.60552E-4 8.85238E-4 9.94927E-4 1.18885E-3 1.19596E-3 1.2744E-3 1.23505E-3 1.54538E-3 1.33768E-3 1.3705E-3 1.28858E-3 1.6467E-3 1.49533E-3 1.34532E-3 1.24227E-3
9.20692E-4 7.23617E-4 9.19031E-4 1.2682E-3 9.46421E-4 8.04749E-4 6.75288E-4 6.50746E-4 8.23748E-4 1.41544E-3 1.43447E-3 1.25245E-3 1.47423E-3 1.38217E-3 9.84464E-4 9.87832E-4 1.24583E-3 6.21574E-4 1.07607E-3 7.33721E-4 1.19425E-3 1.07606E-3 1.08035E-3 1.37372E-3 1.02689E-3 1.27635E-3 1.15868E-3 1.42448E-3 1.63314E-3 1.23152E-3 1.18367E-3 1.08035E-3 1.26033E-3 8.41173E-4 9.80523E-4 9.99475E-4 4.9268E-4 7.24756E-4 7.75323E-4 8.31614E-4 1.13223E-3 6.85716E-4 1.308E-3 6.97237E-4 8.64177E-4 1.09129E-3 9.48792E-4 8.17064E-4 5.4518E-4 1.03244E-3 8.80327E-4 1.29099E-3 8.08248E-4 1.2306E-3 1.16505E-3 9.35282E-4 1.20393E-3 1.41765E-3 1.5576E-3 1.64653E-3 1.51924E-3 1.49533E-3
6.15873E-4 9.34262E-4 9.01355E-4 1.19328E-3 6.96004E-4 6.40077E-4 6.67822E-4 1.05549E-3 9.86047E-4 9.92698E-4 9.09808E-4 1.16661E-3 1.33665E-3 1.20643E-3 8.97794E-4 1.21617E-3 1.17644E-3 9.10504E-4 1.17565E-3 7.88843E-4 1.35786E-3 1.26745E-3 8.40147E-4 1.32375E-3 1.29282E-3 1.64663E-3 1.83957E-3 1.30354E-3 1.79248E-3 1.23837E-3 1.06668E-3 1.57322E-3 1.28811E-3 1.18221E-3 1.41004E-3 1.1248E-3 1.26611E-3 7.43371E-4 5.93825E-4 7.26203E-4 9.59943E-4 1.15889E-3 1.33379E-3 1.35394E-3 1.08407E-3 1.0968E-3 1.13183E-3 1.06857E-3 1.50241E-3 1.22424E-3 9.04312E-4 1.33435E-3 1.18225E-3 1.16505E-3 1.50086E-3 1.55679E-3 1.44207E-3 1.56527E-3 1.57492E-3 1.64614E-3 1.6708E-3 1.65766E-3
8.75916E-4 8.98305E-4 1.11808E-3 1.04679E-3 8.37493E-4 6.9562E-4 8.75916E-4 1.08093E-3 1.00465E-3 9.40565E-4 8.42222E-4 9.98648E-4 1.01901E-3 9.44285E-4 1.3166E-3 1.45705E-3 9.66314E-4 6.55798E-4 9.23377E-4 8.68756E-4 1.12356E-3 1.3172E-3 1.37912E-3 9.85246E-4 1.18615E-3 1.37697E-3 1.43521E-3 1.23211E-3 1.96526E-3 1.48223E-3 1.3276E-3 1.20203E-3 2.324E-3 1.68828E-3 1.50204E-3 1.1617E-3 1.17838E-3 1.12311E-3 1.66477E-3 9.76328E-4 1.29217E-3 1.1476E-3 9.61644E-4 1.05705E-3 9.91338E-4 1.13116E-3 1.33435E-3 1.24548E-3 9.89768E-4 1.08786E-3 9.86419E-4 1.16673E-3 1.41091E-3 1.40859E-3 1.42459E-3 9.83047E-4 1.349E-3 1.61752E-3 1.65689E-3 1.59114E-3 1.6711E-3 1.6624E-3
6.45421E-4 1.04573E-3 1.14574E-3 1.08695E-3 6.68131E-4 9.81107E-4 9.0083E-4 1.04508E-3 9.6085E-4 8.08984E-4 1.07849E-3 8.83483E-4 8.79851E-4 1.21332E-3 1.55353E-3 1.49523E-3 9.04154E-4 1.19024E-3 1.2883E-3 1.23194E-3 1.23393E-3 9.97159E-4 1.09042E-3 1.31769E-3 1.40329E-3 1.54975E-3 1.35315E-3 1.72105E-3 1.45062E-3 1.91401E-3 1.60979E-3 1.46452E-3 2.21499E-3 1.11239E-3 1.72351E-3 1.20875E-3 1.64517E-3 1.3491E-3 1.24616E-3 1.08068E-3 1.88419E-3 1.10272E-3 1.32073E-3 7.70946E-4 8.56055E-4 8.0414E-4 8.80938E-4 1.17805E-3 1.3705E-3 1.4092E-3 1.51818E-3 1.4881E-3 1.42898E-3 1.04998E-3 1.13927E-3 1.59514E-3 1.90541E-3 1.82519E-3 1.70262E-3 1.38871E-3 1.67859E-3 1.74856E-3
9.27324E-4 9.40082E-4 1.1862E-3 9.38421E-4 9.38421E-4 1.08073E-3 9.39499E-4 1.00157E-3 1.05878E-3 1.24944E-3 1.11935E-3 7.66247E-4 1.10438E-3 1.42698E-3 1.4895E-3 1.07496E-3 9.78688E-4 1.09181E-3 9.55831E-4 9.6254E-4 9.69297E-4 1.29144E-3 1.35345E-3 1.63104E-3 1.13773E-3 1.53138E-3 1.18708E-3 1.26561E-3 1.62144E-3 1.71637E-3 1.60207E-3 1.76974E-3 1.96065E-3 1.95784E-3 1.94428E-3 1.3408E-3 1.37449E-3 1.70199E-3 1.39116E-3 1.30036E-3 1.20705E-3 1.51512E-3 1.55632E-3 9.10958E-4 9.72631E-4 1.22113E-3 9.29475E-4 6.0746E-4 9.42735E-4 7.36667E-4 9.51273E-4 1.0177E-3 1.0596E-3 1.23195E-3 1.28296E-3 2.00861E-3 2.11002E-3 1.88859E-3 1.64581E-3 1.51507E-3 1.86399E-3 1.64076E-3
9.32618E-4 1.02972E-3 1.09818E-3 7.52492E-4 1.10904E-3 1.12206E-3 1.36903E-3 1.29816E-3 1.28918E-3 1.01347E-3 7.82113E-4 7.63654E-4 1.22164E-3 1.36687E-3 1.11845E-3 8.38388E-4 8.48895E-4 8.84635E-4 1.04263E-3 1.14912E-3 1.07137E-3 8.63047E-4 9.70318E-4 1.26516E-3 9.88743E-4 1.4464E-3 1.70752E-3 1.645E-3 1.75244E-3 1.75882E-3 1.22633E-3 2.06374E-3 1.34819E-3 1.85182E-3 2.01481E-3 1.53342E-3 1.60213E-3 1.75259E-3 1.54592E-3 1.64108E-3 1.34269E-3 1.35887E-3 1.78055E-3 8.17118E-4 1.41015E-3 1.28039E-3 9.17861E-4 7.84876E-4 1.00805E-3 1.19081E-3 1.34097E-3 1.36341E-3 1.41808E-3 1.58544E-3 1.6421E-3 1.90168E-3 2.04389E-3 1.80465E-3 1.8136E-3 1.78245E-3 1.90039E-3 1.80019E-3
9.60418E-4 9.7039E-4 1.22798E-3 6.69614E-4 8.21245E-4 1.11947E-3 1.31117E-3 1.20136E-3 9.65196E-4 8.16545E-4 7.3452E-4 1.00485E-3 1.20513E-3 1.03938E-3 9.81592E-4 1.01442E-3 1.19782E-3 1.1365E-3 9.83023E-4 8.5213E-4 7.10388E-4 8.60114E-4 9.14227E-4 9.8025E-4 1.41009E-3 1.70137E-3 1.60401E-3 1.50859E-3 1.42055E-3 1.61951E-3 1.62643E-3 1.98964E-3 1.91625E-3 2.21531E-3 1.79646E-3 1.95538E-3 1.50969E-3 1.56702E-3 1.80242E-3 1.76511E-3 1.84001E-3 1.40189E-3 1.36395E-3 1.71269E-3 8.86445E-4 1.49782E-3 1.29742E-3 1.66455E-3 1.14981E-3 1.54733E-3 1.57206E-3 1.75802E-3 1.9482E-3 1.58529E-3 1.78941E-3 2.27211E-3 2.08766E-3 1.71721E-3 1.79855E-3 1.82977E-3 1.85503E-3 1.85503E-3
8.38238E-4 9.64202E-4 1.13548E-3 1.15535E-3 8.51501E-4 9.77555E-4 1.24081E-3 7.89612E-4 1.04553E-3 7.58562E-4 1.02634E-3 1.2409E-3 9.80253E-4 9.05535E-4 1.16572E-3 1.19582E-3 1.12726E-3 8.27935E-4 8.26006E-4 7.65141E-4 9.05297E-4 1.17368E-3 1.38375E-3 1.24265E-3 1.63552E-3 1.50497E-3 1.27036E-3 1.17862E-3 1.10727E-3 1.26561E-3 2.12353E-3 1.55657E-3 1.79439E-3 1.55099E-3 2.01529E-3 2.16653E-3 1.98904E-3 1.7408E-3 1.30721E-3 1.69977E-3 1.69087E-3 1.93249E-3 1.53459E-3 1.3386E-3 1.48814E-3 1.16528E-3 1.60616E-3 1.36964E-3 1.43714E-3 1.50226E-3 1.5758E-3 1.77464E-3 1.93027E-3 1.72E-3 1.58451E-3 2.11122E-3 2.26508E-3 1.89949E-3 1.85272E-3 1.99165E-3 2.01681E-3 1.88719E-3
7.21434E-4 7.8053E-4 7.80283E-4 1.15275E-3 1.28301E-3 9.49237E-4 1.34178E-3 9.48131E-4 8.5644E-4 1.15766E-3 1.36385E-3 1.24839E-3 8.47914E-4 8.53387E-4 1.10963E-3 1.25192E-3 1.15076E-3 7.67315E-4 8.33318E-4 9.81806E-4 1.26326E-3 1.25319E-3 1.60817E-3 1.56591E-3 1.24642E-3 1.09082E-3 1.38491E-3 1.16394E-3 1.91477E-3 1.23354E-3 1.94318E-3 2.07131E-3 1.34938E-3 1.95266E-3 2.17487E-3 1.9063E-3 1.77411E-3 1.32515E-3 1.41803E-3 1.30721E-3 1.39855E-3 1.58968E-3 1.85749E-3 1.45526E-3 1.23898E-3 1.2652E-3 1.42168E-3 1.5529E-3 1.60273E-3 1.62854E-3 1.64558E-3 1.84107E-3 1.94452E-3 2.19181E-3 1.76708E-3 1.8582E-3 2.44348E-3 2.28928E-3 1.95615E-3 1.89926E-3 2.02007E-3 1.95615E-3
9.45923E-4 8.70505E-4 8.77639E-4 7.5912E-4 1.09361E-3 1.11205E-3 1.31006E-3 1.21787E-3 1.26122E-3 1.19377E-3 8.43657E-4 1.0037E-3 8.57498E-4 2.78841E-3 3.84217E-3 3.53928E-3 5.72085E-3 5.19677E-3 1.08452E-3 1.26623E-3 1.14577E-3 1.48297E-3 1.17581E-3 1.08894E-3 1.6007E-3 9.81227E-4 1.16437E-3 1.55115E-3 1.66381E-3 2.43558E-3 1.46578E-3 1.95308E-3 2.12761E-3 2.27243E-3 1.80303E-3 1.45275E-3 1.4204E-3 1.70476E-3 2.04607E-3 1.78267E-3 1.89839E-3 1.36951E-3 1.72452E-3 1.81188E-3 1.61378E-3 1.58351E-3 1.57965E-3 1.37056E-3 1.30435E-3 1.27971E-3 1.53623E-3 1.56115E-3 1.50895E-3 1.64306E-3 1.88386E-3 2.06921E-3 2.29493E-3 2.43697E-3 2.00339E-3 1.96602E-3 1.82884E-3 1.95267E-3
9.69353E-4 1.32181E-3 9.89279E-4 9.78927E-4 7.64275E-4 8.85223E-4 1.48661E-3 1.30262E-3 8.81741E-4 6.30935E-4 7.988E-4 8.64403E-4 6.68212E-4 8.1823E-4 2.88468E-3 4.5175E-3 9.04873E-4 1.05924E-3 1.2603E-3 1.18198E-3 1.02478E-3 1.33903E-3 1.09938E-3 1.74778E-3 1.48997E-3 1.07001E-3 1.16989E-3 1.93213E-3 2.15344E-3 1.83636E-3 2.21973E-3 2.57543E-3 1.75554E-3 1.52043E-3 1.56901E-3 1.58088E-3 1.55737E-3 1.79976E-3 2.36535E-3 1.97373E-3 2.0903E-3 1.96622E-3 1.9824E-3 1.82518E-3 1.62063E-3 1.51364E-3 1.50829E-3 1.512E-3 1.54863E-3 1.44747E-3 1.43676E-3 1.6057E-3 1.63693E-3 1.78027E-3 1.59272E-3 1.7437E-3 2.27038E-3 2.25478E-3 2.02049E-3 2.0103E-3 1.90341E-3 1.9037E-3
1.15217E-3 1.25385E-3 1.0819E-3 7.21768E-4 7.09024E-4 8.36382E-4 1.51804E-3 1.20648E-3 9.69367E-4 1.12508E-3 1.04719E-3 1.04963E-3 8.79533E-4 8.0491E-4 8.84635E-4 8.29883E-4 1.06295E-3 1.16073E-3 1.13625E-3 1.34091E-3 1.37748E-3 1.3451E-3 1.5764E-3 1.11523E-3 2.31068E-3 1.50885E-3 1.61773E-3 1.54445E-3 2.07461E-3 2.44003E-3 2.15703E-3 1.51439E-3 2.00022E-3 1.77592E-3 1.86977E-3 1.49931E-3 2.09331E-3 1.99758E-3 2.26567E-3 2.29073E-3 2.02639E-3 2.14794E-3 1.90893E-3 1.89736E-3 1.67825E-3 1.65776E-3 1.51572E-3 1.56696E-3 1.55729E-3 1.60769E-3 1.62271E-3 1.50895E-3 1.65547E-3 1.82792E-3 1.71653E-3 1.74876E-3 2.32384E-3 2.14354E-3 2.07078E-3 1.94041E-3 1.95875E-3 1.99653E-3
