day_2/Results/Podomys_floridanus/projections/2000/RUN_2.asc
ncols         385
nrows         252
xllcorner     -91.50013924285
yllcorner     25.49986064915003
cellsize      0.041666666500000005
NODATA_value  -9999
[rows 140 to 167 of 252, columns 0 to 61 of 385]
1.25756E-3 1.31863E-3 1.48358E-3 1.79793E-3 1.81179E-3 1.92551E-3 1.759E-3 2.33418E-3 2.42901E-3 5.06967E-3 3.80727E-3 4.63047E-3 2.0196E-3 3.31597E-3 3.89108E-3 3.42645E-3 5.34601E-3 5.49996E-3 5.53449E-3 9.38804E-3 7.35978E-3 1.19151E-2 1.0222E-2 9.37038E-3 1.6085E-2 1.27746E-2 -9999 -9999 -9999 -9999 -9999 -9999 -9999 -9999 -9999 -9999 -9999 -9999 2.04773E-1 1.77527E-1 -9999 3.06481E-1 2.86021E-1 3.43779E-1 3.61219E-1 3.8377E-1 4.06828E-1 -9999 4.14755E-1 4.46596E-1 4.26223E-1 -9999 -9999 -9999 4.04767E-1 4.03712E-1 -9999 -9999 -9999 -9999 -9999 -9999
1.39856E-3 1.54894E-3 1.71077E-3 2.10228E-3 2.15488E-3 2.15488E-3 2.23476E-3 2.21059E-3 2.28014E-3 2.35892E-3 2.66457E-3 2.27783E-3 2.1711E-3 2.19022E-3 2.30664E-3 2.66832E-3 2.52311E-3 4.22855E-3 5.22439E-3 6.58901E-3 7.49451E-3 8.59505E-3 9.01038E-3 1.07848E-2 1.13315E-2 1.08279E-2 5.76737E-2 -9999 -9999 -9999 -9999 -9999 -9999 -9999 -9999 -9999 -9999 2.17156E-1 2.32653E-1 2.55459E-1 2.87006E-1 3.15677E-1 3.36485E-1 3.49072E-1 3.62121E-1 -9999 -9999 -9999 4.2152E-1 -9999 -9999 -9999 4.51207E-1 4.25805E-1 4.22529E-1 4.02949E-1 -9999 -9999 -9999 -9999 -9999 -9999
1.62955E-3 1.70106E-3 2.22437E-3 2.25219E-3 2.28389E-3 2.3445E-3 2.60105E-3 2.46318E-3 2.4825E-3 2.37545E-3 2.55373E-3 2.4678E-3 2.47528E-3 2.19146E-3 2.71531E-3 4.1094E-3 4.02997E-3 5.07772E-3 5.34747E-3 6.58214E-3 7.52096E-3 8.99644E-3 1.13683E-2 1.15164E-2 1.27644E-2 5.61839E-2 6.18628E-2 1.79957E-1 1.9568E-1 2.13502E-1 2.34084E-1 -9999 -9999 -9999 -9999 2.33788E-1 2.52101E-1 2.64721E-1 2.48705E-1 2.72154E-1 2.94326E-1 3.11962E-1 3.23792E-1 3.41834E-1 -9999 -9999 -9999 -9999 4.25805E-1 4.04265E-1 4.10526E-1 4.14991E-1 4.11064E-1 4.07841E-1 3.90473E-1 3.99442E-1 -9999 -9999 -9999 -9999 -9999 -9999
2.00075E-3 2.18741E-3 2.38859E-3 2.68546E-3 2.72348E-3 2.72554E-3 2.86468E-3 2.62286E-3 2.70427E-3 2.75994E-3 2.5976E-3 2.56326E-3 4.35165E-3 3.5247E-3 3.27581E-3 4.89927E-3 4.43072E-3 5.48466E-3 6.26704E-3 7.57719E-3 7.87308E-3 9.76924E-3 1.09513E-2 6.01991E-2 6.23549E-2 6.96862E-2 1.59392E-1 1.85183E-1 2.16028E-1 2.33923E-1 2.55692E-1 2.58605E-1 2.17525E-1 2.10578E-1 2.23221E-1 2.2972E-1 2.3623E-1 2.4493E-1 2.59842E-1 2.82826E-1 2.98439E-1 3.2334E-1 3.34838E-1 -9999 -9999 -9999 3.78962E-1 3.93607E-1 3.96232E-1 3.98487E-1 4.20228E-1 4.1968E-1 4.0787E-1 4.06793E-1 4.05182E-1 3.92554E-1 -9999 -9999 -9999 -9999 -9999 -9999
2.84933E-3 2.90355E-3 2.64354E-3 2.95516E-3 2.93665E-3 3.27084E-3 2.79064E-3 2.85886E-3 2.64732E-3 4.34474E-3 4.40028E-3 4.19044E-3 4.41758E-3 3.50818E-3 3.87741E-3 4.88242E-3 5.18E-3 5.97973E-3 7.22311E-3 7.80553E-3 8.28505E-3 4.56806E-2 5.8037E-2 6.5395E-2 1.61323E-1 1.66881E-1 1.81763E-1 1.98706E-1 2.17666E-1 2.47113E-1 2.09775E-1 2.00904E-1 2.24885E-1 2.27562E-1 2.2226E-1 2.40635E-1 2.49068E-1 2.49068E-1 2.52977E-1 2.77213E-1 -9999 -9999 -9999 -9999 -9999 -9999 3.86725E-1 3.95623E-1 3.97861E-1 3.95533E-1 4.11981E-1 4.11436E-1 4.16677E-1 3.98623E-1 4.01903E-1 3.90167E-1 -9999 -9999 -9999 -9999 -9999 -9999
3.71833E-3 3.72174E-3 3.46119E-3 3.46436E-3 5.27217E-3 5.29733E-3 4.47781E-3 4.56439E-3 4.58618E-3 4.05234E-3 5.39269E-3 5.11333E-3 5.35419E-3 3.90654E-3 4.35751E-3 4.73321E-3 5.33916E-3 6.02993E-3 6.71533E-3 3.82678E-2 3.98703E-2 1.17781E-1 1.5235E-1 1.57254E-1 1.75478E-1 1.90266E-1 1.95692E-1 2.13478E-1 1.79503E-1 2.03872E-1 2.04185E-1 2.19477E-1 2.27292E-1 2.3118E-1 2.29194E-1 2.25789E-1 2.3322E-1 2.34623E-1 2.54532E-1 2.79468E-1 2.63558E-1 2.8727E-1 2.97132E-1 -9999 -9999 3.74019E-1 3.78644E-1 3.79677E-1 3.90744E-1 3.89157E-1 4.12064E-1 4.10969E-1 4.01648E-1 3.90533E-1 3.93224E-1 3.93224E-1 -9999 -9999 -9999 -9999 -9999 -9999
6.54156E-3 6.08302E-3 5.93997E-3 6.26111E-3 5.73501E-3 5.70762E-3 5.4359E-3 4.97684E-3 5.65189E-3 4.85896E-3 5.46376E-3 6.08387E-3 5.88402E-3 5.61799E-3 4.64267E-3 5.76071E-3 5.40421E-3 3.06605E-2 3.46152E-2 9.00917E-2 1.01397E-1 1.27653E-1 1.52193E-1 1.69606E-1 1.8697E-1 2.02235E-1 1.63065E-1 1.57013E-1 1.78451E-1 2.1015E-1 2.17653E-1 2.11891E-1 2.24436E-1 2.25789E-1 2.3357E-1 2.37899E-1 2.31961E-1 2.30539E-1 2.24665E-1 2.53103E-1 2.55381E-1 2.74251E-1 2.9591E-1 2.96768E-1 -9999 3.72785E-1 3.64617E-1 3.73212E-1 3.7893E-1 3.80024E-1 3.95902E-1 4.017E-1 4.00077E-1 3.94265E-1 3.92653E-1 3.68422E-1 -9999 -9999 -9999 -9999 -9999 -9999
7.76324E-3 7.80067E-3 7.45558E-3 6.86487E-3 6.26282E-3 6.34529E-3 6.39639E-3 5.53352E-3 6.1255E-3 5.75258E-3 5.56904E-3 6.1198E-3 6.02481E-3 3.15291E-2 3.00249E-2 3.18311E-2 3.34299E-2 8.0396E-2 8.97019E-2 9.99523E-2 1.11214E-1 1.32028E-1 1.46332E-1 1.79503E-1 1.52832E-1 1.38653E-1 1.59176E-1 1.83588E-1 1.87647E-1 2.01654E-1 2.09243E-1 2.16305E-1 2.21119E-1 2.0215E-1 1.8776E-1 2.0525E-1 1.98522E-1 2.14474E-1 2.38928E-1 2.36762E-1 2.5628E-1 2.7793E-1 2.91239E-1 3.06879E-1 3.29739E-1 3.46601E-1 3.65758E-1 3.73542E-1 3.76131E-1 3.83037E-1 3.88353E-1 3.93601E-1 3.93064E-1 3.77246E-1 3.79333E-1 -9999 -9999 -9999 -9999 -9999 -9999 3.1732E-1
8.7943E-3 8.66769E-3 8.68166E-3 7.36949E-3 6.94823E-3 7.00202E-3 7.1165E-3 6.77165E-3 6.3447E-3 6.54152E-3 2.84232E-2 2.9605E-2 3.00853E-2 3.21564E-2 7.77744E-2 8.0419E-2 9.02227E-2 1.0453E-1 1.00794E-1 1.08524E-1 1.38626E-1 1.54131E-1 1.19625E-1 1.38464E-1 1.50039E-1 1.6268E-1 1.67474E-1 1.68697E-1 1.83743E-1 1.88808E-1 1.85422E-1 1.86656E-1 1.99481E-1 1.69319E-1 1.90789E-1 1.80582E-1 1.75544E-1 2.09424E-1 2.2972E-1 2.45087E-1 2.57176E-1 2.82374E-1 2.98712E-1 3.06704E-1 3.2419E-1 3.42271E-1 3.56854E-1 3.62026E-1 3.81975E-1 3.7077E-1 3.73435E-1 3.8618E-1 3.90927E-1 3.82393E-1 3.6928E-1 -9999 -9999 -9999 -9999 -9999 3.18955E-1 -9999
4.66547E-2 4.68565E-2 4.23769E-2 4.11014E-2 3.81345E-2 3.5299E-2 3.6486E-2 3.65606E-2 3.24545E-2 3.56876E-2 3.38421E-2 8.18475E-2 7.77825E-2 8.11746E-2 9.25708E-2 1.04836E-1 9.96271E-2 1.20838E-1 1.34368E-1 1.06876E-1 1.02281E-1 1.31528E-1 1.35214E-1 1.36765E-1 1.4791E-1 1.61352E-1 1.65113E-1 1.69597E-1 1.56667E-1 1.7249E-1 1.73623E-1 1.8555E-1 1.84547E-1 1.78599E-1 1.76683E-1 1.78084E-1 1.7334E-1 1.9278E-1 2.26578E-1 2.39412E-1 2.53572E-1 2.7437E-1 2.79497E-1 3.13877E-1 3.34327E-1 3.42869E-1 3.58095E-1 3.55567E-1 3.57723E-1 3.72935E-1 3.7556E-1 3.80298E-1 3.76594E-1 3.74489E-1 -9999 -9999 -9999 -9999 -9999 -9999 3.33152E-1 -9999
1.25784E-1 1.24437E-1 1.09514E-1 4.1232E-2 9.37659E-2 8.79375E-2 9.81929E-2 1.09002E-1 1.16633E-1 9.52556E-2 9.47887E-2 9.54833E-2 9.38199E-2 1.07707E-1 1.09421E-1 1.23213E-1 1.06367E-1 1.00017E-1 1.17856E-1 1.28608E-1 1.42932E-1 1.44374E-1 1.48062E-1 1.45646E-1 1.48619E-1 1.59392E-1 1.50156E-1 1.53451E-1 1.5764E-1 1.56685E-1 1.7224E-1 1.71151E-1 1.65929E-1 1.68659E-1 1.70588E-1 1.77583E-1 1.79577E-1 1.90796E-1 2.21753E-1 2.34443E-1 2.53886E-1 2.74002E-1 2.80011E-1 2.89064E-1 3.11501E-1 3.26231E-1 3.47774E-1 3.47275E-1 3.57479E-1 3.55947E-1 3.69657E-1 3.61937E-1 -9999 3.6505E-1 -9999 -9999 -9999 -9999 -9999 -9999 -9999 -9999
1.31287E-1 1.16865E-1 1.08076E-1 1.19177E-1 1.08582E-1 1.15312E-1 1.12516E-1 1.12153E-1 1.13981E-1 1.24334E-1 1.10431E-1 1.14273E-1 1.19392E-1 9.5339E-2 9.50817E-2 1.10159E-1 1.35853E-1 1.32463E-1 1.46428E-1 1.45283E-1 1.573E-1 1.68753E-1 1.66814E-1 1.67284E-1 1.36145E-1 1.45231E-1 1.36631E-1 1.38162E-1 1.53239E-1 1.55595E-1 1.56962E-1 1.58484E-1 1.63006E-1 1.68934E-1 1.67061E-1 1.81589E-1 1.86836E-1 2.05013E-1 2.16245E-1 2.30633E-1 2.4396E-1 2.6667E-1 2.88832E-1 3.04151E-1 3.05056E-1 3.2203E-1 3.34959E-1 3.40573E-1 3.58104E-1 3.58619E-1 3.62298E-1 -9999 -9999 -9999 -9999 -9999 -9999 -9999 -9999 -9999 -9999 2.91293E-1
1.35057E-1 1.26651E-1 1.17671E-1 1.35782E-1 1.42447E-1 1.37414E-1 1.28952E-1 1.00489E-1 1.16365E-1 1.09749E-1 9.40863E-2 9.51972E-2 1.0549E-1 1.20012E-1 1.39158E-1 1.5309E-1 1.62919E-1 1.76464E-1 1.82156E-1 1.87883E-1 1.89738E-1 1.74604E-1 1.66311E-1 1.62471E-1 1.52268E-1 1.43234E-1 1.36876E-1 1.4122E-1 1.40911E-1 1.52977E-1 1.58941E-1 1.58684E-1 1.59051E-1 1.64357E-1 1.81119E-1 1.77371E-1 1.93362E-1 2.01115E-1 2.1291E-1 2.30802E-1 2.45366E-1 2.61884E-1 2.76538E-1 2.98223E-1 3.15555E-1 3.20625E-1 3.36068E-1 3.34595E-1 3.46895E-1 3.49313E-1 -9999 -9999 -9999 -9999 -9999 -9999 -9999 -9999 -9999 -9999 2.27326E-1 2.25307E-1
1.10382E-1 1.04251E-1 1.07385E-1 1.01917E-1 1.02419E-1 9.92218E-2 9.82232E-2 9.35177E-2 1.13228E-1 1.05555E-1 1.1575E-1 1.10318E-1 1.3868E-1 1.50772E-1 1.67184E-1 1.82322E-1 1.97129E-1 1.94209E-1 1.96755E-1 2.01916E-1 1.864E-1 1.82004E-1 1.84109E-1 1.78341E-1 1.61423E-1 1.43027E-1 1.3313E-1 1.45095E-1 1.44514E-1 1.50706E-1 1.543E-1 1.543E-1 1.54673E-1 1.70974E-1 1.73229E-1 1.75766E-1 1.91431E-1 2.02913E-1 2.26608E-1 2.2346E-1 2.40389E-1 2.62321E-1 2.74984E-1 2.84014E-1 3.04548E-1 3.22409E-1 3.27511E-1 -9999 3.40481E-1 -9999 -9999 -9999 -9999 -9999 -9999 -9999 -9999 -9999 -9999 -9999 2.26203E-1 -9999
1.11409E-1 1.14166E-1 1.15846E-1 1.08542E-1 1.09255E-1 1.10334E-1 1.14454E-1 1.1558E-1 1.16717E-1 1.13021E-1 1.24036E-1 1.3563E-1 1.30839E-1 1.57258E-1 1.68413E-1 1.95178E-1 2.04132E-1 2.28201E-1 2.17688E-1 2.18785E-1 2.10906E-1 1.99655E-1 1.8324E-1 1.71919E-1 1.67257E-1 1.56365E-1 1.42077E-1 1.34305E-1 1.44643E-1 1.46971E-1 1.51006E-1 1.50018E-1 1.66617E-1 1.69941E-1 1.68047E-1 1.84178E-1 2.00006E-1 2.03239E-1 2.21477E-1 2.27106E-1 2.46363E-1 2.52573E-1 2.7059E-1 2.82511E-1 2.97242E-1 2.42832E-1 2.3724E-1 2.50762E-1 -9999 -9999 -9999 -9999 -9999 -9999 -9999 -9999 -9999 -9999 1.35369E-1 -9999 -9999 -9999
1.08296E-1 1.09913E-1 1.22316E-1 1.14904E-1 1.16231E-1 1.24549E-1 1.18733E-1 1.22877E-1 1.2348E-1 1.15898E-1 1.29864E-1 1.38714E-1 1.50443E-1 1.60717E-1 1.87455E-1 2.07345E-1 2.19889E-1 2.29928E-1 2.24042E-1 2.30366E-1 2.23682E-1 2.1802E-1 1.97347E-1 1.62805E-1 1.73957E-1 1.67576E-1 1.62164E-1 1.39235E-1 1.33467E-1 1.4521E-1 1.45838E-1 1.57326E-1 1.61051E-1 1.76474E-1 1.78498E-1 1.91337E-1 1.90098E-1 2.11882E-1 2.24061E-1 2.43337E-1 2.54802E-1 2.09235E-1 2.09575E-1 2.19598E-1 2.28499E-1 2.30244E-1 2.41923E-1 2.44837E-1 -9999 -9999 -9999 -9999 -9999 -9999 -9999 1.23535E-1 1.23535E-1 1.20267E-1 1.20475E-1 -9999 -9999 -9999
-9999 -9999 -9999 1.246E-1 1.26031E-1 1.39288E-1 1.42245E-1 1.43397E-1 1.39904E-1 1.40816E-1 1.41964E-1 1.54842E-1 1.64421E-1 1.72246E-1 1.84322E-1 2.11144E-1 2.30052E-1 2.31832E-1 2.24433E-1 2.22025E-1 2.39342E-1 2.34081E-1 2.0223E-1 1.87332E-1 1.72642E-1 1.6254E-1 1.66889E-1 1.56282E-1 1.50518E-1 1.43728E-1 1.55265E-1 1.52757E-1 1.67636E-1 1.73508E-1 1.85252E-1 1.89744E-1 1.97385E-1 1.52202E-1 1.6137E-1 1.71983E-1 1.85018E-1 1.98061E-1 2.13864E-1 2.14211E-1 2.25966E-1 1.37507E-1 1.28729E-1 1.28066E-1 -9999 -9999 -9999 -9999 -9999 -9999 8.03726E-2 7.35609E-2 1.24689E-1 -9999 -9999 -9999 -9999 -9999
-9999 -9999 -9999 -9999 -9999 1.52975E-1 1.58238E-1 1.60542E-1 1.62615E-1 1.56166E-1 1.56922E-1 1.62337E-1 1.7327E-1 1.8558E-1 2.05218E-1 2.09459E-1 2.2344E-1 2.24137E-1 2.32277E-1 2.22138E-1 2.20404E-1 2.15651E-1 1.95553E-1 1.83693E-1 1.80394E-1 1.68875E-1 1.72503E-1 1.65384E-1 1.57077E-1 1.47913E-1 1.55079E-1 1.62254E-1 1.66637E-1 1.30373E-1 1.33455E-1 1.33002E-1 1.43938E-1 1.55576E-1 1.69041E-1 1.75077E-1 1.17155E-1 1.17155E-1 1.10746E-1 1.18968E-1 1.25611E-1 1.26044E-1 1.34398E-1 1.34307E-1 1.31536E-1 1.32011E-1 -9999 -9999 -9999 -9999 -9999 8.1858E-2 -9999 -9999 -9999 -9999 -9999 -9999
-9999 -9999 -9999 -9999 -9999 -9999 1.82758E-1 1.89664E-1 1.80218E-1 1.8166E-1 1.7593E-1 1.67056E-1 1.81615E-1 1.84978E-1 1.96253E-1 2.2509E-1 2.06906E-1 2.24207E-1 2.25267E-1 2.19806E-1 2.33428E-1 2.14039E-1 2.0401E-1 1.92885E-1 1.85935E-1 1.7909E-1 1.6736E-1 1.62794E-1 1.72082E-1 1.58548E-1 1.17331E-1 1.24476E-1 1.26152E-1 1.27856E-1 1.3113E-1 1.363E-1 1.36766E-1 -9999 8.79357E-2 9.3635E-2 9.97439E-2 1.08224E-1 1.16264E-1 1.20219E-1 1.26003E-1 1.28118E-1 1.27235E-1 1.25268E-1 1.3368E-1 1.28005E-1 8.12547E-2 8.06357E-2 7.89469E-2 -9999 -9999 -9999 -9999 -9999 -9999 -9999 -9999 -9999
-9999 -9999 -9999 2.12809E-1 -9999 2.11367E-1 2.00913E-1 1.90706E-1 1.9283E-1 2.00336E-1 2.00336E-1 1.97116E-1 1.98055E-1 1.86986E-1 2.05678E-1 2.06991E-1 2.17384E-1 2.18075E-1 2.11381E-1 2.11719E-1 2.14803E-1 2.03788E-1 1.97614E-1 1.93663E-1 1.94294E-1 1.84016E-1 1.28391E-1 1.24689E-1 1.24689E-1 1.18755E-1 1.16774E-1 1.188E-1 1.27234E-1 7.09024E-2 7.07765E-2 7.72449E-2 7.69717E-2 -9999 8.88863E-2 9.44418E-2 9.67381E-2 1.02064E-1 1.08298E-1 1.18533E-1 1.24938E-1 1.23639E-1 1.24691E-1 1.25668E-1 6.88829E-2 7.44594E-2 7.95024E-2 7.96601E-2 7.40212E-2 7.29782E-2 -9999 7.28479E-2 -9999 -9999 -9999 -9999 -9999 -9999
-9999 -9999 -9999 2.2347E-1 2.24308E-1 2.28531E-1 2.18759E-1 2.23804E-1 2.24852E-1 2.15732E-1 2.21119E-1 2.10648E-1 2.1131E-1 2.09667E-1 1.99811E-1 2.07029E-1 2.20759E-1 2.10379E-1 2.17816E-1 2.12176E-1 1.97732E-1 1.98698E-1 1.43169E-1 1.47663E-1 1.39053E-1 1.30537E-1 1.24691E-1 1.26582E-1 1.19827E-1 7.35764E-2 6.56161E-2 6.70122E-2 6.57624E-2 7.26029E-2 6.79674E-2 7.4498E-2 7.95806E-2 8.0341E-2 9.01572E-2 9.34387E-2 9.9365E-2 5.19032E-2 5.50079E-2 5.87033E-2 5.82641E-2 6.52574E-2 6.744E-2 7.21027E-2 8.2608E-2 8.27648E-2 8.14396E-2 7.60145E-2 7.46415E-2 7.83729E-2 7.68036E-2 7.61843E-2 7.24174E-2 -9999 -9999 -9999 -9999 -9999
-9999 -9999 -9999 -9999 2.45618E-1 2.36727E-1 2.43871E-1 2.38284E-1 2.45663E-1 2.37436E-1 2.39653E-1 2.28486E-1 2.34821E-1 2.22285E-1 2.21952E-1 2.23705E-1 2.11993E-1 1.54846E-1 1.57199E-1 1.60633E-1 1.5398E-1 1.47391E-1 1.46242E-1 1.37996E-1 1.42132E-1 7.34504E-2 6.94055E-2 6.92821E-2 6.47156E-2 6.58481E-2 6.79674E-2 6.80891E-2 6.49083E-2 7.01067E-2 7.1573E-2 7.49713E-2 7.81576E-2 4.67299E-2 5.01763E-2 -9999 -9999 -9999 -9999 7.40517E-2 7.77769E-2 8.14227E-2 8.04423E-2 7.75665E-2 7.82088E-2 7.69534E-2 7.55642E-2 7.46514E-2 7.34508E-2 7.64758E-2 7.73877E-2 7.67639E-2 7.55308E-2 7.65804E-2 -9999 -9999 -9999 -9999
-9999 -9999 -9999 -9999 -9999 2.51536E-1 2.60921E-1 2.63719E-1 2.58937E-1 2.53819E-1 2.54598E-1 2.55379E-1 2.49435E-1 2.37383E-1 2.46769E-1 2.43578E-1 1.77212E-1 1.66934E-1 1.59221E-1 1.54493E-1 1.45048E-1 8.13684E-2 7.64036E-2 7.03139E-2 7.36447E-2 6.90001E-2 7.11911E-2 6.75773E-2 6.68815E-2 6.89825E-2 6.98658E-2 6.98658E-2 6.60819E-2 6.25565E-2 6.91663E-2 7.64921E-2 4.95014E-2 5.88209E-2 -9999 -9999 -9999 -9999 -9999 -9999 -9999 7.69653E-2 8.05409E-2 8.10306E-2 7.85315E-2 7.75844E-2 7.69591E-2 7.52643E-2 7.55691E-2 7.87799E-2 7.75158E-2 7.73591E-2 7.61168E-2 7.16495E-2 1.06212E-1 1.00367E-1 9.61111E-2 -9999
-9999 -9999 -9999 -9999 -9999 -9999 -9999 -9999 -9999 2.77252E-1 2.65552E-1 2.63441E-1 2.66683E-1 2.5438E-1 2.47711E-1 2.36089E-1 1.86343E-1 1.00269E-1 9.29035E-2 9.01644E-2 8.63513E-2 8.16547E-2 7.7251E-2 7.5315E-2 7.13753E-2 7.15149E-2 6.69724E-2 6.87453E-2 6.70299E-2 6.69088E-2 6.28507E-2 6.46478E-2 6.44142E-2 6.29847E-2 3.669E-2 4.24615E-2 -9999 -9999 -9999 -9999 -9999 -9999 -9999 -9999 -9999 -9999 -9999 -9999 7.82797E-2 7.70179E-2 7.57756E-2 7.638E-2 7.94281E-2 7.74779E-2 7.6543E-2 7.53133E-2 7.53133E-2 8.53655E-2 9.96438E-2 1.08505E-1 1.02577E-1 -9999
-9999 -9999 -9999 -9999 -9999 -9999 -9999 -9999 -9999 -9999 -9999 -9999 -9999 1.62896E-1 1.66927E-1 1.58982E-1 1.64067E-1 1.0783E-1 1.03687E-1 9.84706E-2 9.44509E-2 -9999 -9999 -9999 7.48566E-2 7.01173E-2 -9999 6.63037E-2 6.78225E-2 6.74541E-2 6.95997E-2 6.43489E-2 6.40225E-2 3.09712E-2 4.83989E-2 -9999 -9999 -9999 -9999 -9999 -9999 -9999 -9999 -9999 -9999 -9999 -9999 -9999 -9999 7.92029E-2 7.80852E-2 7.68264E-2 7.98628E-2 7.93781E-2 7.77827E-2 7.69966E-2 8.54307E-2 1.10089E-1 1.10835E-1 1.10835E-1 1.10835E-1 -9999
-9999 -9999 -9999 -9999 -9999 -9999 -9999 -9999 -9999 -9999 -9999 -9999 -9999 -9999 1.65278E-1 1.69335E-1 1.61664E-1 1.56075E-1 1.06424E-1 1.02478E-1 9.32631E-2 8.94536E-2 9.19336E-2 8.44573E-2 8.0068E-2 7.73111E-2 7.28711E-2 7.32679E-2 -9999 6.91342E-2 7.16057E-2 7.16299E-2 6.19926E-2 -9999 -9999 -9999 -9999 -9999 -9999 -9999 -9999 -9999 -9999 -9999 -9999 -9999 -9999 -9999 -9999 -9999 7.69594E-2 7.5718E-2 7.46475E-2 7.38918E-2 7.7102E-2 7.82023E-2 9.91393E-2 1.10753E-1 1.16907E-1 1.10753E-1 -9999 -9999
-9999 -9999 -9999 -9999 -9999 -9999 -9999 -9999 -9999 -9999 -9999 -9999 1.97644E-1 1.883E-1 1.78191E-1 1.75728E-1 1.67828E-1 1.68314E-1 1.61659E-1 1.15992E-1 1.05269E-1 -9999 -9999 9.27605E-2 8.87932E-2 9.06242E-2 8.51028E-2 8.02434E-2 7.54255E-2 7.57E-2 -9999 -9999 -9999 -9999 -9999 -9999 -9999 -9999 -9999 -9999 -9999 -9999 -9999 -9999 -9999 -9999 -9999 -9999 -9999 -9999 7.73962E-2 7.6303E-2 7.11568E-2 7.47669E-2 7.50329E-2 7.53387E-2 1.04341E-1 1.12572E-1 1.17983E-1 -9999 -9999 -9999
-9999 -9999 -9999 -9999 -9999 -9999 -9999 -9999 -9999 -9999 -9999 -9999 -9999 -9999 1.81771E-1 1.74449E-1 1.75597E-1 1.62394E-1 1.63201E-1 -9999 -9999 -9999 -9999 -9999 -9999 -9999 -9999 -9999 -9999 -9999 -9999 -9999 -9999 -9999 -9999 -9999 -9999 -9999 -9999 -9999 -9999 -9999 -9999 -9999 -9999 -9999 -9999 -9999 -9999 -9999 -9999 7.56487E-2 7.56487E-2 -9999 7.393E-2 7.5314E-2 8.79151E-2 -9999 -9999 -9999 -9999 -9999
