day_2/Results/Podomys_floridanus/projections/2000/RUN_1.asc
ncols         385
nrows         252
xllcorner     -91.50013924285
yllcorner     25.49986064915003
cellsize      0.041666666500000005
NODATA_value  -9999
[rows 28 to 55 of 252, columns 124 to 185 of 385]
2.8266E-3 1.62958E-2 2.15572E-2 2.22158E-3 2.44465E-3 1.57813E-3 1.05462E-2 3.60584E-3 2.31975E-2 2.32249E-2 2.64149E-2 2.9075E-2 3.79732E-2 4.2765E-3 2.71738E-3 3.79961E-3 4.47632E-3 3.33098E-3 5.20413E-3 6.75569E-3 1.01271E-3 9.06065E-4 3.33359E-3 4.68194E-3 6.98274E-3 1.10642E-2 1.18504E-2 2.94329E-3 4.86224E-3 2.59844E-3 9.06178E-3 2.6657E-3 6.34372E-3 7.98518E-3 3.54537E-3 8.97839E-3 4.81888E-3 4.08506E-3 5.83391E-3 3.16859E-3 1.78339E-3 1.11466E-4 4.46832E-4 1.26431E-4 1.8842E-5 1.18687E-4 1.26031E-3 1.14437E-3 5.62313E-5 9.17918E-4 2.17332E-4 5.01458E-5 5.81352E-5 7.87044E-5 5.11492E-5 9.95343E-5 7.29357E-5 8.97716E-5 2.89795E-4 1.66791E-4 5.43332E-6 1.37399E-6
2.77202E-3 2.09234E-3 7.91716E-3 4.29476E-3 2.05796E-3 4.19046E-3 9.21199E-3 1.11496E-2 7.214E-3 1.04828E-2 1.17915E-2 1.38377E-2 6.00166E-3 3.85655E-3 6.44476E-3 1.11944E-2 4.61258E-3 3.75149E-3 6.08213E-3 1.23888E-2 4.20093E-3 1.71381E-3 6.51017E-3 7.6069E-3 2.03415E-3 8.06821E-3 3.9322E-3 9.98333E-3 1.93367E-3 2.03784E-3 7.43569E-3 2.18884E-3 7.52026E-3 7.16774E-3 8.33718E-3 3.64275E-3 4.44115E-3 4.40816E-3 1.17006E-3 6.77368E-5 5.03709E-5 4.58966E-4 9.51832E-4 3.73582E-4 3.55713E-4 1.67445E-3 1.75449E-3 1.42882E-4 2.33956E-5 4.91892E-4 3.53438E-4 3.60579E-4 6.54268E-5 5.30285E-5 5.18315E-5 1.8001E-5 3.23295E-6 1.16179E-5 1.33448E-4 4.25161E-5 3.50814E-6 2.40512E-5
1.97528E-2 2.58134E-2 4.37859E-3 1.45876E-3 2.93635E-3 7.0863E-3 2.18981E-2 8.74984E-3 2.72678E-2 1.09268E-2 3.81723E-2 6.78421E-3 1.63921E-2 1.65468E-2 5.68934E-3 6.78623E-3 3.77197E-3 2.21443E-3 1.00386E-2 1.26135E-2 1.42457E-3 9.75733E-3 9.35182E-3 2.27358E-3 6.99814E-3 1.4693E-2 2.20117E-3 3.94144E-3 9.98938E-4 8.89531E-3 3.16739E-3 1.94029E-3 2.88218E-3 8.10967E-3 7.59873E-3 4.92328E-3 3.44204E-3 4.94528E-3 1.43665E-3 6.34078E-4 5.65785E-5 6.18708E-4 1.37683E-3 5.28522E-4 1.04072E-3 2.01395E-3 1.10268E-4 8.16567E-6 1.39942E-5 6.92949E-5 5.07022E-4 1.58304E-4 2.05352E-4 6.4204E-5 1.74617E-4 2.68116E-5 3.72086E-6 1.89086E-6 5.33246E-6 2.29394E-6 1.27933E-6 1.75652E-5
2.16159E-2 1.23069E-3 3.01695E-3 2.00207E-2 2.65794E-2 2.94101E-2 7.48357E-3 2.29177E-2 1.1206E-2 3.8717E-2 5.02704E-3 3.82435E-3 4.48654E-3 5.74838E-3 6.32888E-3 3.15439E-3 2.49417E-3 8.15931E-3 1.29698E-2 3.87836E-3 9.00924E-4 8.98406E-3 1.99829E-3 1.96385E-3 4.5024E-3 6.78342E-3 3.47055E-3 1.60634E-3 1.5743E-3 5.49731E-3 9.77974E-4 1.38676E-3 3.46452E-3 9.03674E-3 9.3799E-3 4.22629E-3 4.62551E-3 4.4936E-3 4.2454E-3 8.57078E-4 2.08464E-4 7.39372E-4 1.12736E-3 1.28318E-3 2.02885E-3 6.53143E-4 2.64888E-4 1.0262E-4 1.29498E-3 2.28168E-4 7.65307E-5 3.33075E-5 2.19698E-5 9.63393E-6 8.56424E-5 5.22591E-6 6.48562E-6 3.08173E-5 4.37606E-5 2.80635E-5 2.1741E-6 2.38761E-5
6.08744E-3 6.86096E-3 6.39263E-3 1.94918E-2 1.05981E-2 6.89611E-3 1.96746E-2 1.11037E-2 3.90051E-2 9.55991E-3 6.09895E-3 4.97686E-3 5.92111E-3 5.27332E-3 3.96957E-3 2.79394E-3 7.1921E-3 7.78684E-3 7.85499E-3 1.59804E-3 1.22789E-3 4.8426E-3 5.60417E-4 3.34548E-3 1.6386E-2 5.24808E-3 2.91653E-3 8.37492E-3 3.26286E-3 4.3645E-3 6.88425E-4 1.72702E-3 6.20578E-3 8.2536E-3 2.89763E-3 2.90648E-3 2.6281E-3 3.45192E-3 5.66723E-3 9.64152E-4 6.91148E-4 1.6565E-3 1.42818E-3 1.37624E-3 9.30557E-4 1.38964E-3 1.50872E-3 1.0266E-3 1.35687E-3 1.91402E-4 3.99655E-5 5.14144E-6 7.31529E-6 3.69595E-5 1.55863E-5 1.70927E-5 3.75979E-5 2.66053E-5 2.56528E-4 1.08324E-4 1.75115E-5 4.68132E-5
2.71232E-2 3.58595E-2 1.63221E-2 4.07405E-3 1.21534E-2 6.90097E-3 2.93831E-2 3.22611E-2 4.656E-3 3.30343E-3 3.49804E-3 3.8061E-3 4.12698E-3 3.77512E-3 3.75654E-3 2.49048E-3 4.52067E-3 2.00811E-2 2.08471E-3 1.18902E-3 9.16792E-4 1.27E-3 5.99318E-3 6.21632E-3 5.33615E-3 7.08488E-3 2.35806E-3 8.51658E-3 4.6794E-3 1.06472E-3 1.83552E-3 2.15811E-3 7.47194E-3 9.43397E-3 7.1035E-3 2.98706E-3 4.36248E-3 1.16622E-2 6.13234E-3 6.00034E-3 1.69662E-3 1.44104E-3 3.78959E-4 1.54205E-3 7.94703E-4 1.1261E-3 1.1894E-3 6.22809E-4 4.60059E-4 5.71975E-5 1.37006E-5 1.44505E-5 5.86566E-5 1.13831E-4 2.20878E-4 2.3618E-4 2.26516E-4 3.15256E-5 2.20623E-4 1.44965E-4 2.88318E-4 1.89439E-4
3.02901E-2 2.26339E-2 8.00356E-3 1.13188E-3 4.45172E-3 1.16843E-2 3.64756E-2 4.3278E-3 2.73137E-3 3.53116E-3 4.57796E-3 5.5381E-3 3.87591E-3 5.00774E-3 3.81309E-3 1.11618E-2 7.66496E-3 5.77249E-3 1.75275E-3 2.30309E-3 9.34489E-4 1.16436E-3 4.97131E-3 1.56697E-2 1.60735E-2 5.64224E-3 8.89971E-4 8.0773E-3 9.60557E-3 1.0933E-3 1.10033E-3 3.02374E-3 9.23114E-3 1.0473E-2 1.19226E-2 8.91656E-3 1.08491E-2 1.07511E-2 4.6647E-3 3.3927E-3 3.08925E-3 1.06396E-3 6.48297E-4 1.81317E-3 9.93272E-4 5.89066E-4 9.68782E-5 7.66559E-5 2.96939E-4 1.71025E-4 4.66665E-5 2.37158E-4 8.06725E-5 1.00528E-4 1.25705E-4 4.86564E-4 3.33607E-4 2.38578E-4 2.10922E-4 3.247E-4 1.57476E-4 1.85913E-5
6.38802E-3 2.95538E-3 1.29662E-3 9.53823E-3 1.0591E-2 1.21296E-2 4.95106E-3 2.86386E-3 4.0067E-3 5.26489E-3 6.20598E-3 4.57517E-3 4.19065E-3 4.65542E-3 3.85948E-3 9.94285E-3 9.31462E-3 2.09036E-3 2.21732E-3 1.82309E-3 1.51736E-3 4.65415E-3 1.17909E-2 5.48072E-3 1.91461E-2 2.58257E-3 9.11917E-3 4.96978E-3 1.78619E-3 2.42334E-3 4.96182E-4 3.07901E-3 1.03236E-2 4.32226E-3 1.09126E-2 8.04575E-3 1.05748E-2 1.06709E-2 5.74819E-3 1.36502E-3 8.88328E-4 6.68243E-3 8.23874E-3 6.3993E-3 1.69207E-3 4.91111E-4 3.65939E-4 2.44047E-5 1.69396E-4 1.73635E-3 4.47254E-4 6.53287E-4 1.78681E-4 2.2511E-4 5.73839E-4 5.77039E-4 2.71423E-4 3.51057E-4 1.60397E-4 1.79958E-4 6.00665E-5 2.72983E-5
3.88232E-3 3.02008E-3 3.9226E-3 1.01273E-2 3.29488E-2 9.9009E-3 5.70854E-3 5.06485E-3 5.33225E-3 4.82936E-3 4.75157E-3 3.53696E-3 3.93448E-3 4.00763E-3 1.09921E-2 2.61375E-2 1.97762E-3 2.23884E-3 2.16751E-3 1.71636E-3 1.39063E-2 1.12872E-2 1.46911E-2 1.70224E-2 5.61781E-3 2.43165E-3 4.91232E-3 2.98931E-3 2.2372E-3 4.18132E-3 1.73541E-3 3.49419E-3 1.27695E-2 1.29729E-2 2.945E-3 7.77874E-3 8.54827E-3 1.08231E-2 1.13947E-2 4.60711E-3 2.49139E-3 1.92427E-3 3.17855E-3 9.8652E-4 5.57527E-4 5.99926E-4 1.14616E-3 3.08074E-4 6.61976E-5 5.14966E-4 1.01714E-3 3.91657E-4 2.86376E-4 1.72339E-4 5.10156E-4 4.65338E-4 7.05132E-4 2.62399E-4 4.5796E-4 3.33593E-4 2.66301E-4 2.03193E-4
4.46264E-3 1.48246E-2 9.50105E-3 3.40386E-2 9.5001E-3 7.93445E-3 3.84805E-3 4.60604E-3 4.17027E-3 3.36187E-3 3.95446E-3 3.57929E-3 8.6335E-3 1.03185E-2 2.73178E-2 2.24412E-3 2.18388E-3 1.92396E-3 1.80854E-3 5.14286E-3 1.49092E-2 1.47239E-2 1.79258E-2 1.01592E-2 1.69771E-3 1.00949E-2 2.53405E-3 1.8558E-3 8.77847E-3 1.10826E-2 1.23386E-2 1.29339E-2 9.28896E-3 4.20574E-3 3.31968E-3 7.14774E-3 3.17019E-3 1.16999E-2 1.13379E-2 5.12984E-3 2.78533E-3 1.31993E-3 1.76568E-3 3.31573E-4 1.77787E-3 7.10563E-4 1.22215E-3 1.42255E-3 5.46838E-4 2.9679E-4 5.61917E-4 4.14239E-4 5.31998E-4 2.86129E-4 4.1544E-4 2.85523E-4 8.95464E-4 7.28742E-4 4.73961E-4 2.46874E-4 4.25854E-4 2.15972E-4
7.73465E-3 2.74863E-2 1.05069E-2 1.03706E-2 3.08977E-3 3.85474E-3 4.58226E-3 6.17401E-3 4.60513E-3 4.4795E-3 3.41938E-3 2.79787E-3 9.40772E-3 1.42942E-2 2.32056E-3 1.80804E-3 2.22568E-3 2.09175E-3 1.30845E-2 1.8131E-2 6.85449E-3 9.666E-3 2.4025E-2 3.71722E-3 2.83581E-3 2.50464E-3 7.80714E-3 8.80938E-3 9.08585E-3 1.17012E-2 5.87552E-3 6.00255E-3 2.15439E-3 4.9514E-3 2.6894E-3 7.48309E-3 3.46174E-3 3.72225E-3 1.25223E-2 4.52583E-3 9.91209E-3 8.84469E-3 7.49684E-4 4.54478E-4 8.9139E-4 3.707E-3 1.05468E-3 9.54694E-4 6.64257E-4 3.70032E-4 3.95009E-4 6.2568E-4 6.54538E-4 3.72297E-4 7.1491E-4 5.36841E-4 8.92673E-4 3.83951E-4 4.23754E-4 4.31405E-4 5.21228E-4 2.74968E-4
1.03093E-2 2.62588E-2 6.84187E-3 7.57145E-3 5.66825E-3 4.39696E-3 4.30961E-3 3.91055E-3 3.86306E-3 3.20389E-3 2.3861E-3 1.64358E-2 3.96578E-2 3.02846E-3 1.72585E-3 2.5488E-3 1.98473E-3 1.46727E-2 1.70733E-2 1.85517E-2 4.05953E-3 2.12272E-2 1.38148E-2 4.30477E-3 3.11944E-3 6.4413E-3 5.25046E-3 6.04692E-3 1.23198E-2 6.8757E-3 6.45365E-3 2.92812E-3 2.60669E-3 3.36601E-3 3.81821E-3 2.23055E-3 6.22757E-3 3.68142E-3 1.01634E-2 1.2383E-2 3.24517E-3 1.19904E-3 4.20372E-3 1.41984E-3 1.18781E-3 4.02396E-3 2.08325E-3 1.69931E-3 1.32823E-3 4.87963E-4 1.42393E-3 1.61301E-3 1.29501E-3 1.54559E-3 7.34734E-4 1.36768E-3 3.47108E-3 9.37429E-4 4.2879E-4 1.4168E-3 1.15659E-3 4.79699E-4
2.32094E-2 4.81302E-3 1.42287E-2 2.00344E-2 1.87486E-2 9.09157E-3 7.21343E-3 7.21343E-3 3.56204E-3 2.41908E-3 1.55318E-2 3.33371E-2 4.2675E-3 1.48167E-3 2.19105E-3 2.86366E-3 1.24471E-2 1.62007E-2 7.22005E-3 8.73002E-3 2.15646E-2 4.43794E-3 1.95979E-3 1.96065E-3 1.97667E-3 2.21557E-3 8.66705E-3 1.12602E-2 1.54246E-2 1.03817E-2 2.06226E-3 2.4046E-3 2.00914E-3 9.55573E-3 2.16613E-3 4.66806E-3 7.12698E-3 1.13459E-2 1.1649E-2 2.07838E-3 4.21293E-4 3.8047E-3 5.59351E-3 1.70504E-3 5.06321E-4 3.04296E-3 6.6322E-3 6.18605E-3 2.49953E-3 2.24973E-3 5.7606E-3 2.03166E-3 1.09104E-3 1.06684E-3 4.35564E-4 4.14243E-4 5.49291E-4 2.71296E-3 1.42898E-3 1.20823E-3 2.63056E-4 2.82251E-4
5.01268E-3 4.84459E-3 6.22323E-3 7.5035E-3 1.703E-2 7.3885E-3 6.10287E-3 5.02544E-3 2.04266E-3 1.31725E-2 2.74472E-2 8.92382E-3 1.7578E-3 2.75236E-3 3.58394E-3 1.30236E-2 8.8411E-3 6.37306E-3 9.4834E-3 7.00509E-3 1.66238E-3 3.80228E-3 4.26972E-3 3.12271E-3 1.22241E-2 1.46689E-2 1.19149E-2 4.2167E-3 1.32478E-2 2.83387E-3 4.79557E-3 4.56025E-3 4.4635E-3 3.67581E-3 2.89687E-3 1.17614E-2 1.06463E-2 1.54675E-2 2.77429E-3 2.14604E-3 6.63851E-4 1.59309E-3 6.07715E-3 1.18477E-3 4.07572E-3 6.72414E-3 3.03809E-3 1.19849E-3 1.76217E-3 3.67015E-3 1.18634E-3 1.3353E-3 1.26321E-3 7.69159E-4 3.52649E-4 4.78015E-4 1.53387E-3 4.14092E-3 1.07647E-3 6.20494E-4 3.31199E-4 1.31642E-4
6.67265E-3 7.07688E-3 7.08692E-3 6.91196E-3 6.14689E-3 1.5421E-2 5.094E-3 3.27682E-3 1.00679E-2 1.05439E-2 7.61257E-3 3.82014E-3 5.01981E-3 3.40416E-3 4.70191E-3 1.6901E-2 2.30572E-2 2.39242E-2 7.80305E-3 6.08065E-3 5.99771E-3 9.62472E-3 1.06316E-2 1.96509E-2 2.12571E-2 5.52593E-3 2.59309E-3 1.37925E-2 1.06029E-2 9.49868E-3 5.23371E-3 1.38872E-2 1.24044E-2 6.26753E-3 9.47551E-3 1.01506E-2 1.1892E-2 6.587E-3 1.93055E-3 5.80055E-3 3.31586E-3 4.65074E-3 6.89336E-3 9.33941E-3 8.36039E-3 2.02361E-3 1.33904E-3 1.33885E-3 1.00233E-3 9.82111E-4 1.07425E-3 1.17419E-3 3.19287E-4 9.315E-4 2.81699E-3 3.07911E-3 3.76215E-3 2.03701E-3 6.52237E-4 3.57388E-4 5.40309E-4 4.22413E-4
6.17928E-3 8.71048E-3 1.14959E-2 8.37047E-3 5.67733E-3 1.19734E-2 4.28987E-3 3.988E-3 8.19356E-3 9.17119E-3 4.38019E-3 6.33756E-3 2.36367E-3 1.1799E-2 2.32783E-2 2.35812E-2 2.3396E-2 2.12027E-2 1.62781E-2 2.21805E-2 1.96454E-2 1.71745E-2 2.14462E-2 8.70718E-3 2.12895E-2 1.78276E-2 1.44728E-2 1.26181E-2 3.31168E-3 8.57133E-3 1.17258E-2 3.06788E-3 3.50385E-3 1.16485E-2 5.92016E-3 5.11265E-3 5.52777E-3 3.06856E-3 6.08441E-3 8.79712E-3 2.10141E-3 2.64284E-3 8.70563E-3 2.16133E-3 1.11716E-3 3.91809E-3 5.29242E-3 2.33442E-3 1.6929E-3 1.37654E-3 4.13838E-3 1.86812E-3 7.99126E-4 2.06058E-3 3.80457E-3 4.23967E-3 4.30524E-3 9.02037E-4 4.20496E-4 5.76873E-4 8.26366E-4 7.03014E-4
9.69433E-3 9.46568E-3 5.52808E-3 4.82702E-3 4.51458E-3 3.9027E-3 4.04111E-3 1.98824E-2 1.02077E-2 5.28878E-3 5.11227E-3 3.25568E-3 1.92068E-2 2.3617E-2 2.13973E-2 9.60844E-3 5.85638E-3 1.62889E-2 1.04912E-2 9.52671E-3 2.1908E-2 1.71876E-2 2.11061E-2 1.65524E-2 6.51082E-3 5.20205E-3 2.77594E-3 8.25378E-3 3.64001E-3 8.03885E-3 4.14969E-3 2.51635E-3 2.92129E-3 4.30966E-3 1.32393E-2 1.31826E-2 6.17755E-3 1.27805E-2 6.04682E-3 9.76862E-3 9.55148E-3 9.63273E-3 6.47848E-3 6.58718E-3 5.44806E-3 8.10646E-3 1.90223E-3 5.97668E-3 6.05218E-3 1.75215E-3 3.8962E-3 1.28494E-3 5.5867E-4 3.44305E-3 4.89502E-3 1.56673E-3 1.00274E-3 3.4324E-4 2.21355E-4 3.2797E-3 2.075E-3 8.69082E-4
5.59389E-3 5.46388E-3 9.72634E-3 7.1964E-3 3.46681E-3 3.82189E-3 2.04831E-2 1.15686E-2 5.5934E-3 3.71555E-3 3.75683E-3 2.43689E-2 2.36356E-2 2.44449E-2 1.30302E-2 1.18622E-2 8.97682E-3 9.57791E-3 1.18862E-2 2.15279E-2 2.15668E-2 1.77736E-2 1.4672E-2 1.32291E-2 3.6888E-3 6.73179E-3 3.17118E-3 2.25739E-3 6.81346E-3 8.17321E-3 8.7419E-3 1.02894E-2 5.07632E-3 5.67485E-3 5.59743E-3 1.19227E-2 8.40555E-3 3.52058E-3 1.23644E-2 1.03438E-2 8.26429E-3 2.9177E-3 2.30823E-3 2.38872E-3 2.6587E-3 7.12346E-3 6.03492E-3 4.48069E-3 1.93788E-3 1.70058E-3 4.88583E-3 1.03489E-3 7.44525E-4 4.85209E-3 2.41125E-3 1.607E-3 1.41972E-3 1.90079E-4 1.85388E-4 2.00617E-4 3.46948E-4 4.46301E-3
8.09122E-3 2.192E-2 4.69355E-3 3.09236E-3 1.31935E-2 1.95935E-2 9.79181E-3 5.87639E-3 4.28569E-3 5.8971E-3 2.78104E-2 2.63119E-2 1.94931E-2 2.41295E-2 1.30904E-2 9.65268E-3 1.80685E-2 2.35102E-2 1.16199E-2 4.94782E-3 4.82503E-3 4.12936E-3 7.36746E-4 9.01822E-3 8.52783E-3 1.13263E-2 6.09251E-3 4.86625E-3 3.33597E-3 7.32474E-3 5.07359E-3 5.00552E-3 1.05126E-2 1.03589E-2 9.84187E-3 3.00906E-3 5.51955E-3 3.6637E-3 9.87901E-3 9.68598E-3 9.98351E-3 1.82257E-3 1.05427E-3 2.88743E-3 2.63071E-3 2.9864E-3 1.95321E-3 1.12749E-3 3.67888E-3 5.02196E-3 1.45331E-3 1.76542E-3 3.70356E-3 8.19577E-3 2.2183E-3 4.575E-3 1.79638E-3 5.9753E-4 5.95005E-4 2.31504E-4 3.38825E-4 9.25993E-4
5.43999E-3 1.25355E-2 5.69953E-3 1.42864E-2 1.46252E-2 2.26445E-2 2.59228E-2 9.65004E-3 2.62117E-2 3.07726E-2 3.1601E-2 2.64933E-2 2.57677E-2 2.22314E-2 2.84973E-2 2.88058E-3 2.32643E-3 1.91338E-2 4.48458E-3 8.68932E-3 5.29871E-3 1.98857E-3 2.5772E-3 8.24768E-3 8.86216E-3 6.0403E-3 7.32458E-3 4.08754E-3 8.6639E-3 1.04808E-2 6.6917E-3 1.71534E-2 4.54435E-3 2.39759E-3 2.99981E-3 6.81002E-3 3.93988E-3 9.11318E-3 3.00433E-3 8.91988E-3 3.67452E-3 6.07125E-3 2.63298E-3 7.25434E-3 1.58867E-3 2.21042E-3 2.2444E-3 6.3095E-3 7.63301E-3 1.65058E-3 5.11658E-3 6.12328E-3 6.3095E-3 5.23576E-3 1.81456E-3 2.46138E-3 1.34618E-3 9.28656E-4 3.00365E-3 2.21356E-3 2.65805E-3 5.79124E-4
5.0023E-3 1.6724E-2 4.65351E-3 1.11599E-2 2.26841E-2 3.01232E-2 3.63757E-2 3.13162E-2 2.89458E-2 3.40323E-2 2.88911E-2 1.77335E-2 7.29304E-3 1.10206E-2 2.23354E-2 6.24248E-3 3.75338E-3 1.8407E-2 2.79204E-2 8.42965E-3 4.5745E-3 4.8819E-3 3.57204E-3 8.30135E-3 9.83671E-3 5.52922E-3 1.5208E-2 4.43459E-3 1.4353E-2 5.45744E-3 6.09254E-3 1.60963E-2 4.31436E-3 3.15604E-3 2.65176E-3 3.31836E-3 4.91471E-3 7.46716E-3 6.14837E-3 2.66467E-3 2.13426E-3 6.56765E-3 1.35248E-3 3.93413E-3 2.90268E-3 6.60746E-3 2.36675E-3 6.41398E-3 5.46992E-3 2.51791E-3 7.16783E-3 4.29956E-3 2.81454E-3 7.06476E-3 2.81013E-3 7.35748E-3 1.72387E-3 4.27217E-3 1.54874E-3 3.12525E-3 3.59433E-3 3.30951E-3
3.98583E-3 2.85353E-3 3.31007E-3 2.23226E-2 3.01307E-2 3.46161E-2 1.18227E-2 2.67166E-2 3.1481E-2 9.71472E-3 3.52331E-3 8.87271E-3 6.82382E-3 4.6866E-3 3.60931E-3 6.05284E-3 1.31211E-2 8.27976E-3 3.31666E-2 4.78844E-3 4.31689E-3 7.04774E-3 7.3316E-3 2.40282E-3 2.63577E-3 5.35126E-3 1.4143E-2 1.4709E-2 1.3006E-2 4.73334E-3 3.07838E-3 2.47919E-3 9.80179E-4 8.06514E-4 1.70044E-3 4.72721E-3 1.2065E-2 2.00479E-3 2.38692E-3 4.05887E-3 2.99789E-3 8.3448E-3 2.75886E-3 3.11099E-3 5.3616E-3 2.56266E-3 8.57255E-3 2.29222E-3 5.75245E-3 5.70965E-3 4.75827E-3 3.20534E-3 2.62042E-3 3.21888E-3 8.18309E-3 6.45841E-3 1.78264E-3 3.92926E-3 5.2808E-3 3.77896E-3 4.05603E-3 4.62375E-3
1.24341E-2 6.2545E-3 2.99704E-2 3.25014E-2 3.10615E-2 1.18137E-2 3.46959E-2 1.59031E-2 5.46168E-3 8.21875E-3 2.5262E-2 1.17865E-2 5.76319E-3 6.71539E-3 9.77101E-3 6.89487E-3 4.93E-3 5.2013E-3 3.10433E-3 3.66924E-3 9.82945E-3 5.91014E-3 2.52964E-3 1.30664E-3 4.73966E-3 8.73862E-3 3.86602E-3 3.20155E-3 3.45308E-3 5.18796E-3 4.20575E-3 3.49699E-3 1.99897E-3 1.26553E-3 3.79061E-3 9.84316E-3 6.30554E-3 5.6071E-3 3.01564E-3 8.3739E-3 3.71668E-3 8.64138E-3 5.8696E-3 5.5547E-3 1.11296E-3 3.50149E-3 7.35224E-3 8.61223E-3 7.98974E-3 7.79925E-3 6.58425E-3 5.18437E-3 2.15099E-3 2.70268E-3 1.10063E-2 3.03394E-3 2.66979E-3 2.99605E-3 1.24715E-3 2.26851E-3 5.1743E-3 5.14281E-3
2.43149E-2 3.55641E-2 1.56426E-2 8.0751E-3 2.84292E-2 3.15999E-2 2.41417E-2 9.41063E-3 2.05763E-2 3.00424E-2 1.01462E-2 1.01944E-2 9.45213E-3 3.43623E-2 5.89262E-3 2.78145E-3 5.02622E-3 2.74302E-3 5.84204E-3 1.57866E-2 1.55585E-2 5.7461E-3 5.78492E-3 3.57186E-3 3.11791E-3 1.08729E-2 6.43747E-3 1.40505E-2 1.58201E-2 5.17654E-3 1.16686E-2 7.73414E-3 3.07918E-3 2.82106E-3 2.40017E-3 6.9512E-3 6.11628E-3 6.87229E-3 3.09991E-3 7.54099E-3 3.86452E-3 3.93721E-3 6.2151E-3 7.24364E-3 5.77496E-3 4.49132E-3 1.07793E-2 8.96707E-3 1.03919E-2 1.08866E-2 2.66968E-3 4.4346E-3 3.91768E-3 2.4291E-3 9.35443E-3 1.81056E-3 7.54451E-3 5.17203E-3 3.80914E-3 3.80211E-3 2.42637E-3 8.11636E-3
1.2256E-2 3.7851E-2 1.56188E-2 8.06895E-3 9.91782E-3 1.68549E-2 2.46416E-2 2.16315E-2 2.70023E-2 2.36155E-2 2.95764E-2 3.29829E-2 3.23107E-2 2.78515E-2 2.47648E-3 1.38255E-2 1.8839E-2 8.11687E-3 3.61412E-3 2.29516E-3 7.06539E-3 1.08463E-2 4.0294E-3 4.31369E-3 5.84637E-3 1.92183E-2 7.3063E-3 4.8403E-3 1.05109E-2 3.73853E-3 9.42782E-3 3.81651E-3 3.16102E-3 6.64067E-3 7.39131E-3 7.57627E-3 7.38789E-3 7.56071E-3 3.35836E-3 6.22164E-3 3.12537E-3 9.91368E-3 3.01762E-3 2.08632E-3 5.31536E-3 4.60803E-3 4.49815E-3 5.0545E-3 1.08037E-2 9.10538E-3 8.25087E-3 5.62365E-3 6.07945E-3 2.30483E-3 1.16026E-2 7.72706E-3 7.15371E-3 6.49049E-3 7.04127E-3 4.78547E-3 4.35707E-3 3.00554E-3
2.01668E-2 1.00612E-2 6.40005E-3 5.35436E-3 7.07055E-3 6.54097E-3 2.97171E-2 3.32968E-2 3.00565E-2 2.46154E-2 3.18331E-2 2.71911E-2 1.30363E-2 1.32206E-2 2.63868E-3 5.24429E-3 1.0007E-2 2.08377E-3 2.9118E-3 1.51965E-3 7.47534E-3 1.19133E-2 5.03286E-3 1.32206E-2 1.98503E-2 1.9347E-2 2.14588E-2 5.32034E-3 3.07107E-3 1.22928E-2 2.51365E-3 7.32488E-3 8.7841E-3 8.25818E-3 3.33167E-3 4.45744E-3 1.01351E-2 8.35651E-3 5.80856E-3 2.82057E-3 2.50046E-3 6.76633E-3 2.91408E-3 5.45094E-3 1.25693E-2 1.22873E-2 8.13912E-3 8.76109E-3 7.51107E-3 6.19865E-3 3.02572E-3 9.99826E-3 6.20919E-3 3.18356E-3 4.16631E-3 9.02581E-3 6.91062E-3 8.03109E-3 1.12235E-2 2.58238E-3 2.28895E-3 3.78705E-3
6.24714E-3 5.30325E-3 1.22669E-2 8.38849E-3 3.22786E-2 3.61395E-2 4.17913E-2 3.40472E-2 3.02875E-2 2.67998E-2 2.62933E-2 2.7199E-2 2.66574E-2 8.63522E-3 1.20167E-3 8.94729E-3 9.48066E-3 5.8533E-3 1.68763E-3 7.2551E-3 1.77661E-2 4.19876E-3 1.25009E-2 1.78325E-2 2.01335E-2 7.18643E-3 5.86793E-3 5.69369E-3 2.34605E-3 2.26899E-3 6.32071E-3 9.64921E-3 1.60752E-2 4.47516E-3 8.3937E-3 6.97704E-3 7.12568E-3 2.03353E-3 5.76027E-3 6.4491E-3 4.04775E-3 4.44898E-3 6.64735E-3 5.08272E-3 1.38915E-2 4.00005E-3 7.30316E-3 9.95317E-3 1.01195E-2 1.02321E-2 1.16289E-2 1.16954E-2 1.05574E-2 6.13093E-3 4.20953E-3 9.44073E-3 7.04132E-3 4.36727E-3 1.64306E-2 2.95269E-3 3.09738E-3 4.61472E-3
1.41852E-2 2.4296E-2 2.61883E-2 3.6409E-2 3.6362E-2 3.61672E-2 4.08765E-2 9.67671E-3 9.25632E-3 8.98622E-3 8.98622E-3 2.43166E-2 6.66667E-3 3.49918E-3 1.28392E-3 1.07685E-2 6.67052E-3 2.68256E-3 3.43122E-3 1.54486E-2 5.77097E-3 3.75265E-3 2.14865E-2 1.07469E-2 5.97517E-3 1.0889E-2 1.21098E-2 4.35504E-3 2.94107E-3 8.11024E-3 9.02595E-3 4.96818E-3 1.39561E-2 3.34666E-3 3.42122E-3 8.74889E-3 8.92108E-3 2.92925E-3 7.33159E-3 8.42021E-3 5.44295E-3 7.22463E-3 1.67734E-2 1.31497E-2 1.37556E-2 7.7822E-3 3.15485E-3 4.59086E-3 4.95652E-3 7.25772E-3 1.16016E-2 1.19107E-2 1.30789E-2 8.51982E-3 6.96189E-3 2.51537E-3 3.97444E-3 4.57052E-3 1.38589E-2 9.74703E-3 3.50421E-3 6.08582E-3
