day_2/Results/Podomys_floridanus/projections/2000/RUN_3.asc
ncols         385
nrows         252
xllcorner     -91.50013924285
yllcorner     25.49986064915003
cellsize      0.041666666500000005
NODATA_value  -9999
[rows 56 to 83 of 252, columns 62 to 123 of 385]
1.07287E-2 4.33738E-3 6.188E-3 9.61005E-3 3.03391E-2 1.08262E-2 8.64423E-3 8.19603E-3 2.82194E-2 8.83424E-3 1.27216E-2 1.1016E-2 9.61005E-3 8.07394E-3 6.61827E-3 7.25423E-3 1.06757E-2 7.37299E-3 6.9861E-3 8.20763E-3 8.20763E-3 6.72737E-3 6.37138E-3 1.37125E-2 6.27639E-3 6.5196E-3 1.39914E-2 7.10192E-3 8.346E-3 6.27639E-3 3.20108E-2 1.16984E-2 9.44652E-3 4.75407E-3 3.60506E-3 9.12339E-3 6.72737E-3 2.98922E-2 1.05168E-2 1.05168E-2 1.01298E-2 1.63028E-2 7.77986E-3 1.39665E-2 4.0344E-2 1.4568E-2 1.06958E-2 4.06029E-2 1.46038E-2 1.43869E-2 1.41184E-2 1.54151E-2 1.15488E-2 1.02508E-2 6.58333E-3 1.01032E-2 1.06526E-2 1.16221E-2 3.62609E-2 1.45252E-2 7.46235E-3 7.59699E-3
3.20769E-3 4.1164E-3 1.99947E-2 1.34026E-2 2.97173E-2 1.34026E-2 9.313E-3 9.313E-3 9.41372E-3 9.41372E-3 1.36806E-2 1.06758E-2 1.04557E-2 9.81585E-3 9.313E-3 1.08982E-2 8.51549E-3 8.9795E-3 8.51549E-3 8.07394E-3 8.9795E-3 8.84579E-3 1.05168E-2 8.52835E-3 6.37138E-3 5.11658E-3 2.98922E-2 8.65729E-3 8.99392E-3 6.88197E-3 1.03604E-2 9.4831E-3 1.11035E-2 8.04529E-3 6.13325E-3 7.49592E-3 8.08536E-3 2.3402E-2 9.97907E-3 6.61827E-3 1.39665E-2 1.03439E-2 9.81585E-3 1.27313E-2 1.56214E-2 1.36336E-2 1.06958E-2 1.11035E-2 3.73289E-2 4.13103E-2 1.80774E-2 4.88708E-2 1.2159E-2 1.06033E-2 6.70287E-3 2.48551E-2 3.86624E-2 4.81577E-2 1.93743E-2 9.55104E-3 7.33063E-3 1.14674E-2
9.67145E-3 1.03913E-2 3.6585E-2 3.29343E-2 3.12879E-2 3.19224E-2 3.19224E-2 1.34026E-2 1.29892E-2 1.29892E-2 3.37009E-2 9.41372E-3 9.41372E-3 1.44061E-2 1.5965E-2 1.03439E-2 9.81585E-3 2.79204E-2 2.79204E-2 2.79204E-2 2.94026E-2 1.2796E-2 7.77986E-3 8.08536E-3 4.7691E-3 6.61827E-3 2.35238E-2 3.60828E-2 8.65729E-3 6.61827E-3 1.15199E-2 1.4958E-2 1.22962E-2 1.11035E-2 6.13325E-3 7.26312E-3 1.32818E-2 6.9861E-3 6.61827E-3 8.07394E-3 2.56827E-2 4.11032E-2 1.68016E-2 4.54048E-2 1.43517E-2 1.12711E-2 1.1875E-2 1.23229E-2 1.14674E-2 1.2729E-2 4.07052E-2 5.22353E-2 1.677E-2 7.07308E-3 6.94888E-3 4.84778E-2 4.88708E-2 1.97271E-2 6.94888E-3 3.86977E-2 1.14674E-2 4.26956E-2
7.92144E-3 2.33152E-2 3.56212E-3 6.91646E-3 2.51602E-2 2.88081E-2 2.7358E-2 3.37009E-2 1.36806E-2 1.23303E-2 3.26723E-2 1.18805E-2 1.06758E-2 1.63343E-2 1.24682E-2 9.313E-3 8.51549E-3 7.65384E-3 6.77174E-3 7.25423E-3 7.65384E-3 7.53979E-3 8.9795E-3 9.32607E-3 6.17517E-3 5.93637E-3 2.11712E-2 2.81427E-2 7.65384E-3 8.07394E-3 8.9795E-3 8.9795E-3 1.34033E-2 1.0148E-2 1.0148E-2 5.94314E-3 2.42662E-2 9.467E-3 7.82642E-3 3.71752E-2 3.90943E-2 1.3814E-2 1.05168E-2 1.16742E-2 1.36336E-2 9.79136E-3 9.28547E-3 1.05367E-2 4.20706E-2 4.64884E-2 5.04526E-2 1.4644E-2 8.27692E-3 7.84885E-3 4.9717E-2 4.88708E-2 1.69166E-2 1.12968E-2 3.32054E-2 4.8725E-2 5.11848E-2 1.46265E-2
1.21204E-2 1.15164E-2 2.88642E-3 2.6878E-2 2.67913E-2 1.23303E-2 3.04265E-2 2.71184E-2 9.61727E-3 9.61727E-3 3.105E-2 1.55222E-2 1.71855E-2 1.41301E-2 1.11246E-2 9.81585E-3 1.03439E-2 9.66974E-3 8.07394E-3 8.25371E-3 8.25371E-3 9.17435E-3 9.66974E-3 1.07361E-2 8.9795E-3 5.75577E-3 2.14892E-2 3.53425E-2 6.87421E-3 8.3785E-3 1.05617E-2 1.44061E-2 1.34033E-2 9.467E-3 1.10815E-2 9.83055E-3 6.17517E-3 2.94026E-2 3.19224E-2 2.67444E-2 9.313E-3 3.71752E-2 3.71752E-2 1.7788E-2 1.43517E-2 1.3431E-2 1.05367E-2 1.3174E-2 4.71773E-2 2.17656E-2 1.32078E-2 8.01061E-3 1.01692E-2 6.02984E-2 5.56773E-2 1.4644E-2 1.21217E-2 4.0008E-2 4.63724E-2 5.011E-2 5.52505E-2 1.69175E-2
4.42569E-3 3.45037E-3 2.73732E-3 7.7696E-3 2.54301E-2 3.20253E-2 3.54562E-2 1.37252E-2 1.01668E-2 1.40089E-2 2.49786E-2 3.68582E-2 1.75199E-2 1.34293E-2 1.12448E-2 1.03439E-2 8.70268E-3 8.70268E-3 7.03309E-3 1.28505E-2 1.00253E-2 8.83424E-3 1.5167E-2 1.08982E-2 9.17435E-3 6.07738E-3 6.31546E-3 3.43718E-2 9.61727E-3 8.65708E-3 3.26723E-2 1.06758E-2 1.45362E-2 1.13094E-2 8.51549E-3 7.14612E-3 3.00075E-2 1.54866E-2 8.9795E-3 9.66974E-3 8.9795E-3 3.35926E-2 3.60828E-2 3.67831E-2 2.13956E-2 1.22962E-2 1.87147E-2 2.32262E-2 1.6176E-2 1.25398E-2 7.20338E-3 1.12968E-2 4.95742E-2 6.32851E-2 1.95063E-2 7.07308E-3 8.01061E-3 3.20108E-2 4.41232E-2 1.63028E-2 4.62291E-2 5.63674E-2
4.28777E-3 4.51548E-3 3.17331E-3 9.64864E-3 2.88081E-2 3.20253E-2 3.26723E-2 1.33046E-2 1.33046E-2 3.43718E-2 3.50534E-2 3.68582E-2 4.07239E-2 1.51502E-2 1.34293E-2 1.18419E-2 1.12448E-2 1.11246E-2 9.02777E-3 3.60358E-2 9.02777E-3 2.79346E-2 1.62814E-2 7.94478E-3 1.00253E-2 8.3785E-3 7.30399E-3 3.43718E-2 9.61727E-3 7.30399E-3 7.78687E-3 3.43718E-2 1.90119E-2 1.17153E-2 1.019E-2 6.77174E-3 3.53425E-2 1.13094E-2 1.30624E-2 1.4108E-2 8.84579E-3 1.3759E-2 1.34033E-2 8.51549E-3 5.011E-2 1.4108E-2 4.8725E-2 1.67213E-2 1.20829E-2 6.47264E-3 1.74545E-2 6.385E-2 6.52394E-2 1.97995E-2 8.90161E-3 8.01061E-3 1.07192E-2 5.20731E-2 1.48469E-2 4.11032E-2 5.46267E-2 6.30649E-2
1.00923E-2 3.20253E-2 4.60675E-3 1.07106E-2 1.01337E-2 9.61727E-3 1.06758E-2 3.26723E-2 3.61518E-2 2.6288E-2 3.16838E-2 3.33297E-2 4.14926E-2 4.35869E-2 2.03626E-2 1.27607E-2 1.20836E-2 1.47476E-2 3.61518E-2 2.36529E-2 9.12541E-3 3.50534E-2 1.08998E-2 1.14776E-2 1.20836E-2 8.12332E-3 7.38306E-3 3.68582E-2 8.65708E-3 7.30399E-3 7.38306E-3 3.16838E-2 4.07239E-2 1.24682E-2 9.313E-3 1.00253E-2 4.87123E-2 1.10815E-2 8.38867E-3 4.06705E-2 1.10815E-2 8.84579E-3 1.54866E-2 2.96079E-2 1.4108E-2 1.80558E-2 1.48469E-2 2.20944E-2 1.36336E-2 1.4108E-2 6.385E-2 6.385E-2 1.91595E-2 1.07192E-2 4.13587E-2 5.20731E-2 5.011E-2 5.91492E-2 1.52932E-2 4.95784E-2 5.73199E-2 6.40885E-2
3.43718E-2 1.33046E-2 3.43718E-2 1.55222E-2 1.55222E-2 1.2123E-2 1.1515E-2 1.40089E-2 3.50534E-2 3.50534E-2 2.68188E-2 3.50534E-2 3.75755E-2 4.14926E-2 4.8065E-2 1.44055E-2 1.84241E-2 1.20836E-2 9.12541E-3 8.21123E-3 3.50534E-2 1.58331E-2 9.35506E-3 3.50534E-2 1.58331E-2 8.21123E-3 9.35506E-3 3.16838E-2 1.23696E-2 8.8774E-3 1.0603E-2 1.0603E-2 1.1164E-2 1.44055E-2 1.08998E-2 1.03492E-2 5.20476E-2 1.51301E-2 9.97907E-3 8.38867E-3 3.42937E-2 1.4108E-2 1.48469E-2 1.25421E-2 1.13094E-2 1.27313E-2 1.95606E-2 1.4108E-2 1.27313E-2 6.2053E-2 2.95564E-2 1.64733E-2 1.11035E-2 1.46265E-2 4.7705E-2 5.63674E-2 5.63674E-2 5.11531E-2 4.95784E-2 6.11249E-2 5.46267E-2 6.11249E-2
3.26723E-2 3.26723E-2 3.16838E-2 3.50534E-2 3.68582E-2 1.75199E-2 1.2123E-2 1.1515E-2 1.50472E-2 3.68582E-2 3.57458E-2 3.94899E-2 3.94899E-2 4.22726E-2 4.89262E-2 2.1791E-2 1.51502E-2 1.27607E-2 1.2123E-2 3.01127E-2 3.68582E-2 1.50472E-2 1.0603E-2 3.68582E-2 1.17525E-2 9.85655E-3 7.98949E-3 3.57458E-2 7.75071E-3 3.39978E-2 9.76586E-3 1.32767E-2 1.17525E-2 1.32767E-2 1.44055E-2 1.84241E-2 1.56344E-2 1.36666E-2 1.19109E-2 1.13094E-2 1.07361E-2 4.06705E-2 1.34033E-2 1.07361E-2 4.54048E-2 1.59149E-2 1.27313E-2 1.55837E-2 6.30649E-2 5.63674E-2 6.82442E-2 1.72835E-2 1.56214E-2 4.49279E-2 4.85571E-2 5.37034E-2 4.63771E-2 5.20476E-2 4.95784E-2 6.40885E-2 5.8284E-2 5.20476E-2
1.03068E-2 3.105E-2 2.80249E-2 3.16838E-2 3.57458E-2 4.35869E-2 1.23696E-2 1.30166E-2 1.30166E-2 1.44055E-2 1.30166E-2 2.877E-2 3.39978E-2 4.02438E-2 4.89262E-2 5.13454E-2 2.1791E-2 1.44055E-2 1.17525E-2 3.57458E-2 4.35869E-2 1.30166E-2 3.39978E-2 1.53517E-2 1.42974E-2 1.0603E-2 9.5586E-3 3.94899E-2 6.97148E-3 2.69384E-2 3.71635E-2 4.30639E-2 2.04806E-2 2.01053E-2 1.32767E-2 1.97355E-2 1.59303E-2 1.64408E-2 1.63875E-2 1.60865E-2 1.34033E-2 1.27313E-2 1.14801E-2 1.2335E-2 1.80189E-2 2.48126E-2 1.81696E-2 6.30649E-2 1.63875E-2 5.37034E-2 2.20672E-2 1.53896E-2 1.46265E-2 1.59149E-2 5.09903E-2 1.9926E-2 5.20476E-2 5.46267E-2 6.40885E-2 2.73564E-2 2.25136E-2 1.13094E-2
2.59754E-2 3.105E-2 3.16838E-2 3.57458E-2 3.94899E-2 4.14926E-2 1.39646E-2 1.39646E-2 3.34148E-2 1.8776E-2 1.8776E-2 3.94899E-2 3.94899E-2 4.02438E-2 4.97991E-2 5.48007E-2 1.82507E-2 1.46852E-2 1.32767E-2 4.22726E-2 4.43935E-2 3.75755E-2 3.75755E-2 3.39978E-2 1.13966E-2 9.76586E-3 3.83038E-2 1.1994E-2 7.13449E-3 2.75134E-2 3.97939E-2 4.38667E-2 2.04806E-2 1.65352E-2 9.5586E-3 4.57765E-2 1.44055E-2 1.59303E-2 1.56344E-2 1.72853E-2 1.2985E-2 1.55837E-2 1.55837E-2 1.27192E-2 4.72153E-2 6.40885E-2 2.25136E-2 1.72293E-2 1.27313E-2 1.60865E-2 2.101E-2 1.99994E-2 1.90336E-2 2.31366E-2 2.56162E-2 1.81108E-2 1.80774E-2 6.65596E-2 6.71791E-2 7.04009E-2 1.99994E-2 1.51301E-2
8.25371E-3 8.23803E-3 3.01127E-2 3.01127E-2 3.23282E-2 4.02438E-2 4.22726E-2 4.22726E-2 3.57615E-2 4.43935E-2 2.01053E-2 1.78595E-2 4.43935E-2 4.43935E-2 4.97991E-2 5.48007E-2 5.48007E-2 2.11226E-2 1.49693E-2 5.13454E-2 1.97355E-2 1.1994E-2 1.02837E-2 1.48892E-2 4.30639E-2 4.10089E-2 3.83038E-2 1.0503E-2 7.52128E-3 2.80985E-2 3.78889E-2 4.4681E-2 2.19046E-2 1.42386E-2 1.08269E-2 1.78595E-2 1.46852E-2 1.62305E-2 1.59303E-2 1.59303E-2 1.59303E-2 1.84979E-2 1.34293E-2 1.59303E-2 1.36948E-2 6.71791E-2 1.90336E-2 1.19109E-2 1.08982E-2 5.73199E-2 6.61254E-2 2.25136E-2 1.90336E-2 4.62358E-2 2.48126E-2 1.76026E-2 5.29537E-2 1.97792E-2 6.51236E-2 7.04009E-2 7.72564E-2 6.93169E-2
9.313E-3 8.65708E-3 3.16838E-2 3.57458E-2 3.64492E-2 4.22726E-2 3.83038E-2 4.30639E-2 4.43935E-2 4.74554E-2 4.66102E-2 4.43935E-2 4.43935E-2 4.74554E-2 5.09457E-2 5.34384E-2 5.22463E-2 5.74664E-2 5.74664E-2 5.48007E-2 1.57343E-2 1.1994E-2 4.30639E-2 4.74554E-2 1.41525E-2 3.29831E-2 8.99734E-3 2.89427E-2 1.24009E-2 2.61491E-2 3.86255E-2 4.68823E-2 1.63362E-2 1.22396E-2 1.22396E-2 1.49693E-2 4.66102E-2 2.21869E-2 4.55772E-2 1.54401E-2 1.70581E-2 2.40411E-2 1.51502E-2 1.70581E-2 5.65082E-2 2.04154E-2 1.72853E-2 1.84979E-2 1.9435E-2 6.71791E-2 6.40885E-2 2.1441E-2 2.73564E-2 1.84979E-2 5.8284E-2 2.52441E-2 5.55616E-2 6.51236E-2 7.14964E-2 2.40268E-2 3.16197E-2 2.31729E-2
1.06758E-2 1.13469E-2 3.57458E-2 3.94899E-2 4.02438E-2 3.64492E-2 3.64492E-2 4.10089E-2 4.74554E-2 4.97991E-2 4.97991E-2 4.74554E-2 4.97991E-2 4.74554E-2 1.94957E-2 4.30639E-2 5.18362E-2 5.84364E-2 5.84364E-2 5.84364E-2 5.22463E-2 5.22463E-2 5.22463E-2 3.46857E-2 1.22396E-2 1.0503E-2 1.15301E-2 3.6067E-2 9.1962E-3 2.95499E-2 4.05559E-2 4.91807E-2 1.31341E-2 1.24893E-2 3.90432E-2 5.06836E-2 4.97991E-2 2.25884E-2 1.62305E-2 1.13966E-2 4.66102E-2 2.01281E-2 1.46852E-2 2.21869E-2 2.69531E-2 2.69531E-2 6.61703E-2 6.9321E-2 7.48845E-2 2.07712E-2 2.18086E-2 1.76026E-2 5.46267E-2 4.95784E-2 5.29537E-2 6.21302E-2 5.92598E-2 7.14964E-2 3.11207E-2 2.40268E-2 2.48073E-2 1.94447E-2
1.20836E-2 3.105E-2 3.87472E-2 3.33297E-2 1.35824E-2 3.64492E-2 4.10089E-2 4.52115E-2 4.10089E-2 4.60411E-2 5.31589E-2 4.97991E-2 4.74554E-2 5.57419E-2 5.31589E-2 4.60411E-2 5.18362E-2 5.66948E-2 5.84364E-2 2.04806E-2 4.30639E-2 4.52115E-2 1.76553E-2 1.28751E-2 2.99153E-2 9.9769E-3 2.75134E-2 3.43252E-2 1.33264E-2 3.86255E-2 4.55069E-2 1.92709E-2 1.21185E-2 4.17854E-2 3.97939E-2 3.30237E-2 1.49693E-2 1.42386E-2 1.32767E-2 1.3541E-2 2.25884E-2 2.15109E-2 1.85816E-2 5.84364E-2 2.74101E-2 2.61239E-2 2.11317E-2 1.91683E-2 2.11317E-2 7.14964E-2 1.9435E-2 1.75456E-2 4.95784E-2 4.49543E-2 5.04561E-2 4.8065E-2 5.92598E-2 7.26034E-2 2.44233E-2 2.6449E-2 1.99994E-2 2.35587E-2
1.36948E-2 1.36948E-2 3.87472E-2 1.09354E-2 3.39978E-2 1.01572E-2 3.96939E-2 4.10089E-2 4.60411E-2 4.60411E-2 5.06836E-2 5.31589E-2 5.06836E-2 5.31589E-2 5.66948E-2 4.83122E-2 5.15798E-2 5.94181E-2 6.22573E-2 1.8018E-2 5.31589E-2 1.76935E-2 1.94957E-2 2.04806E-2 1.4517E-2 1.07262E-2 3.10695E-2 2.86939E-2 3.75016E-2 4.33728E-2 4.77352E-2 1.55505E-2 1.24893E-2 1.24893E-2 9.9769E-3 3.53663E-2 4.74554E-2 1.42386E-2 1.3541E-2 1.38096E-2 5.57419E-2 1.52577E-2 5.84364E-2 2.04816E-2 1.85816E-2 1.65352E-2 6.02472E-2 2.21809E-2 2.32775E-2 2.28932E-2 2.40268E-2 1.90336E-2 1.63875E-2 1.2985E-2 3.87472E-2 5.65082E-2 5.92598E-2 7.60218E-2 6.43407E-2 2.40268E-2 1.93721E-2 2.13717E-2
4.49543E-2 1.44055E-2 1.36948E-2 1.2123E-2 1.08998E-2 8.8774E-3 1.85901E-2 3.90432E-2 4.38667E-2 4.38667E-2 4.83122E-2 5.40832E-2 5.40832E-2 5.40832E-2 5.66948E-2 5.40832E-2 5.15798E-2 6.04117E-2 5.94181E-2 5.66948E-2 5.40832E-2 5.06836E-2 5.40832E-2 1.63362E-2 1.27432E-2 3.6067E-2 3.17098E-2 3.5711E-2 4.41838E-2 4.55069E-2 4.25733E-2 1.47998E-2 1.40825E-2 1.31341E-2 1.38096E-2 1.16332E-2 1.28751E-2 1.24893E-2 1.31341E-2 4.17854E-2 4.91807E-2 4.91807E-2 7.26206E-2 3.1146E-2 6.72287E-2 2.04816E-2 1.91683E-2 1.82507E-2 5.92598E-2 2.32775E-2 2.28932E-2 2.04154E-2 1.84381E-2 1.75456E-2 2.07399E-2 4.35869E-2 5.09457E-2 2.76979E-2 3.47463E-2 2.07712E-2 2.44233E-2 2.6449E-2
1.44055E-2 1.44055E-2 1.36948E-2 1.44055E-2 1.51502E-2 1.0603E-2 9.5586E-3 3.97939E-2 4.83122E-2 5.15798E-2 5.40832E-2 1.55505E-2 1.55505E-2 4.68823E-2 5.24878E-2 5.50195E-2 5.50195E-2 5.50195E-2 6.328E-2 6.04117E-2 3.96373E-2 5.50195E-2 5.15798E-2 2.12476E-2 1.21185E-2 3.93734E-2 3.75016E-2 4.41838E-2 4.63445E-2 4.33728E-2 1.33974E-2 9.1962E-3 1.47422E-2 4.38667E-2 2.19046E-2 1.68445E-2 1.52577E-2 1.18738E-2 4.60411E-2 1.33974E-2 4.4681E-2 6.328E-2 6.93804E-2 5.26481E-2 1.65352E-2 2.21869E-2 1.73735E-2 1.82507E-2 1.91683E-2 2.21809E-2 2.32775E-2 2.68705E-2 2.28932E-2 2.07712E-2 1.88308E-2 1.62305E-2 4.43935E-2 5.48007E-2 2.87536E-2 5.09669E-2 2.72966E-2 2.21809E-2
4.8065E-2 1.62305E-2 1.23696E-2 3.94899E-2 2.11226E-2 1.32767E-2 1.13966E-2 3.71635E-2 4.17854E-2 4.25733E-2 4.68823E-2 4.91807E-2 2.2304E-2 4.68823E-2 5.50195E-2 5.24878E-2 5.76595E-2 5.50195E-2 6.14172E-2 6.04117E-2 5.24878E-2 5.50195E-2 5.50195E-2 2.16394E-2 1.32636E-2 4.13294E-2 4.60115E-2 4.82509E-2 1.96373E-2 1.23674E-2 4.33728E-2 1.30012E-2 4.25733E-2 4.05559E-2 3.42889E-2 3.89339E-2 1.52577E-2 1.18738E-2 1.71276E-2 4.05559E-2 6.27236E-2 6.62683E-2 1.89171E-2 1.76935E-2 1.65352E-2 1.49693E-2 5.74664E-2 2.14969E-2 4.97991E-2 6.72287E-2 6.9321E-2 3.47463E-2 2.68705E-2 1.97792E-2 2.56812E-2 2.44642E-2 1.54401E-2 1.49693E-2 6.07156E-2 4.29609E-2 7.83302E-2 6.12464E-2
4.35869E-2 1.46852E-2 1.13966E-2 4.22726E-2 4.74554E-2 2.04806E-2 4.10089E-2 1.79986E-2 3.97939E-2 4.68823E-2 4.77352E-2 5.00609E-2 5.50195E-2 5.00609E-2 5.76595E-2 5.24878E-2 5.0953E-2 5.34077E-2 5.34077E-2 5.82174E-2 5.82174E-2 5.86361E-2 5.55674E-2 4.63445E-2 4.60115E-2 4.38659E-2 5.14854E-2 5.14854E-2 4.41838E-2 4.33728E-2 1.78062E-2 3.32828E-2 1.50869E-2 1.50869E-2 1.74765E-2 1.55505E-2 1.98637E-2 1.40825E-2 4.05559E-2 5.20791E-2 6.04117E-2 1.83471E-2 1.8018E-2 2.08399E-2 1.89171E-2 6.12464E-2 6.41758E-2 1.6033E-2 5.06836E-2 6.82987E-2 7.83302E-2 8.07594E-2 2.32775E-2 1.62305E-2 1.73735E-2 5.74664E-2 2.48929E-2 3.64236E-2 3.1991E-2 7.15092E-2 2.18667E-2 2.40603E-2
3.94899E-2 1.8776E-2 1.13966E-2 4.10089E-2 1.94957E-2 1.22396E-2 1.24893E-2 3.78889E-2 4.25733E-2 4.77352E-2 4.77352E-2 4.77352E-2 5.86361E-2 6.14172E-2 1.86809E-2 4.77352E-2 5.0953E-2 5.05877E-2 5.05877E-2 5.65207E-2 5.91992E-2 5.91992E-2 2.10006E-2 4.1811E-2 4.46829E-2 4.91213E-2 5.14854E-2 1.7147E-2 1.39368E-2 1.20062E-2 4.60115E-2 4.63445E-2 4.85998E-2 5.24878E-2 2.27089E-2 1.66439E-2 4.68823E-2 1.66205E-2 4.55069E-2 3.13239E-2 3.06965E-2 1.92573E-2 2.02087E-2 2.83411E-2 6.22573E-2 2.65723E-2 1.6033E-2 4.83122E-2 5.15798E-2 7.95014E-2 2.40603E-2 2.18667E-2 2.04816E-2 2.25579E-2 2.01281E-2 1.82044E-2 5.69864E-2 6.12464E-2 4.2861E-2 5.66948E-2 7.41247E-2 2.56412E-2
1.39646E-2 1.1994E-2 1.08269E-2 4.10089E-2 1.98637E-2 1.55505E-2 1.38096E-2 1.21185E-2 1.27432E-2 4.33728E-2 4.33728E-2 3.49356E-2 5.34077E-2 5.59676E-2 1.69561E-2 1.61497E-2 4.63445E-2 4.82509E-2 5.65207E-2 5.91992E-2 5.91992E-2 2.45008E-2 2.33646E-2 4.46829E-2 4.68549E-2 4.91213E-2 5.14854E-2 5.14854E-2 2.33646E-2 1.6456E-2 1.81535E-2 1.49274E-2 1.69507E-2 5.0953E-2 5.00609E-2 5.00609E-2 1.36649E-2 4.55069E-2 4.55069E-2 5.26089E-2 7.10713E-2 5.43683E-2 1.74765E-2 6.93804E-2 2.12028E-2 1.89171E-2 1.92573E-2 4.91807E-2 3.97955E-2 5.60342E-2 2.33261E-2 6.82987E-2 2.18667E-2 7.48516E-2 2.25579E-2 1.57343E-2 1.4517E-2 5.40832E-2 5.40832E-2 5.94181E-2 2.2304E-2 7.59929E-2
2.04806E-2 1.49693E-2 1.16332E-2 1.59759E-2 4.68823E-2 4.68823E-2 2.12476E-2 1.58478E-2 1.92709E-2 1.43597E-2 4.85998E-2 2.00092E-2 2.10006E-2 5.0953E-2 4.30628E-2 2.52467E-2 1.7273E-2 4.91213E-2 5.14854E-2 5.26089E-2 6.01928E-2 6.30119E-2 5.14854E-2 2.22766E-2 4.68549E-2 5.00035E-2 5.23949E-2 5.23949E-2 5.7486E-2 5.14854E-2 5.65207E-2 2.22766E-2 2.20368E-2 1.6456E-2 2.20368E-2 1.86809E-2 1.36649E-2 1.39368E-2 3.93734E-2 4.60115E-2 2.83445E-2 2.52702E-2 1.77994E-2 6.14172E-2 6.328E-2 6.62683E-2 2.38264E-2 5.98956E-2 7.71456E-2 2.26207E-2 2.12028E-2 5.40832E-2 7.26206E-2 7.59929E-2 2.68754E-2 2.29396E-2 1.98572E-2 1.89171E-2 2.34081E-2 5.76595E-2 6.73321E-2 7.04738E-2
4.52115E-2 1.8018E-2 1.31341E-2 1.33974E-2 3.67787E-2 4.05559E-2 2.06161E-2 1.61497E-2 1.96373E-2 4.41838E-2 4.63445E-2 5.39507E-2 1.79948E-2 2.22766E-2 5.65207E-2 5.91992E-2 5.91992E-2 1.88808E-2 1.42131E-2 5.00035E-2 5.87006E-2 5.7486E-2 5.48879E-2 6.11984E-2 2.26825E-2 4.55116E-2 4.55116E-2 5.33164E-2 5.58372E-2 5.23949E-2 5.48879E-2 5.7486E-2 5.7486E-2 5.91992E-2 6.19897E-2 2.19429E-2 1.99518E-2 1.90194E-2 2.00092E-2 3.39176E-2 2.87797E-2 2.43361E-2 2.41134E-2 5.86361E-2 6.43146E-2 2.26207E-2 2.49939E-2 5.71813E-2 7.37436E-2 2.15705E-2 2.26207E-2 1.96022E-2 7.04738E-2 6.73321E-2 8.06838E-2 2.33261E-2 2.44588E-2 1.83471E-2 5.50195E-2 6.43146E-2 2.16394E-2 6.62449E-2
3.97939E-2 4.91807E-2 1.66439E-2 1.55505E-2 1.21185E-2 3.93734E-2 1.96373E-2 1.46413E-2 1.39368E-2 1.32636E-2 1.26205E-2 1.9284E-2 5.39507E-2 5.7486E-2 5.7486E-2 6.01928E-2 5.7486E-2 6.5947E-2 2.01583E-2 1.51068E-2 5.10908E-2 3.14382E-2 5.58372E-2 5.84633E-2 5.84633E-2 5.84633E-2 5.33164E-2 3.26362E-2 3.58246E-2 3.41969E-2 5.58372E-2 5.33164E-2 5.84633E-2 6.01928E-2 6.30119E-2 5.91992E-2 6.5947E-2 6.19897E-2 2.33646E-2 2.22766E-2 2.50966E-2 7.54865E-2 2.21578E-2 5.91992E-2 7.43482E-2 6.73321E-2 6.43146E-2 2.31195E-2 7.77565E-2 2.92951E-2 1.90194E-2 7.10713E-2 7.36303E-2 6.84078E-2 5.95851E-2 2.41134E-2 3.16493E-2 7.37436E-2 2.05649E-2 3.41141E-2 5.88161E-2 7.36303E-2
1.33974E-2 3.42889E-2 5.24878E-2 1.66439E-2 1.23674E-2 3.17013E-2 4.33728E-2 1.6456E-2 2.10006E-2 1.6456E-2 5.39507E-2 4.91213E-2 1.75945E-2 1.42131E-2 4.68549E-2 2.26825E-2 2.37836E-2 6.4046E-2 3.14731E-2 2.11365E-2 1.58586E-2 1.37004E-2 4.55116E-2 4.85773E-2 3.47925E-2 3.64382E-2 3.64382E-2 3.47925E-2 3.3214E-2 3.81536E-2 3.26362E-2 3.58246E-2 6.11984E-2 6.4046E-2 6.11984E-2 5.48879E-2 6.01928E-2 6.30119E-2 6.01928E-2 6.11984E-2 6.83651E-2 5.23265E-2 2.59113E-2 6.01928E-2 7.89241E-2 2.23202E-2 7.10713E-2 1.90194E-2 7.89241E-2 2.45143E-2 6.90019E-2 2.84232E-2 1.7273E-2 6.72992E-2 2.45143E-2 6.14172E-2 2.30049E-2 7.48782E-2 2.52702E-2 1.90194E-2 3.70565E-2 2.66904E-2
1.50869E-2 1.83472E-2 5.24878E-2 1.77994E-2 1.30012E-2 1.32636E-2 4.21143E-2 4.82509E-2 4.91213E-2 5.39507E-2 1.6456E-2 1.6456E-2 1.49274E-2 1.6767E-2 1.58586E-2 5.48879E-2 6.11984E-2 6.4046E-2 6.70099E-2 2.91705E-2 2.15044E-2 1.86591E-2 5.58372E-2 3.81536E-2 3.81536E-2 3.64382E-2 3.64382E-2 3.64382E-2 2.97064E-2 3.17004E-2 3.55237E-2 3.64382E-2 3.64382E-2 6.11984E-2 2.3094E-2 5.58372E-2 5.84633E-2 6.4046E-2 3.92907E-2 5.84633E-2 3.81536E-2 1.77984E-2 7.77978E-2 7.33013E-2 3.29535E-2 7.21805E-2 3.00529E-2 3.00529E-2 8.0103E-2 2.47389E-2 7.89241E-2 1.99518E-2 1.93626E-2 8.16558E-2 2.03062E-2 2.84232E-2 7.89241E-2 8.62095E-2 2.64771E-2 1.8127E-2 5.52834E-2 6.80846E-2
