day_2/Results/Podomys_floridanus/projections/2000/RUN_2.asc
ncols         385
nrows         252
xllcorner     -91.50013924285
yllcorner     25.49986064915003
cellsize      0.041666666500000005
NODATA_value  -9999
[rows 56 to 83 of 252, columns 186 to 247 of 385]
1.3741E-2 1.37264E-2 1.0714E-2 4.5919E-3 1.15538E-2 9.38778E-3 2.52576E-3 6.50327E-3 8.63767E-3 1.97216E-2 7.51549E-3 2.32372E-2 2.30968E-2 3.54578E-2 4.01757E-2 1.22826E-2 2.17412E-3 2.33303E-3 2.34861E-3 3.10061E-3 2.88287E-3 2.60185E-3 2.56268E-3 4.07212E-3 5.10689E-3 2.20893E-3 2.33274E-3 2.75597E-3 2.78207E-3 2.63495E-3 3.23922E-3 3.1378E-3 2.65837E-3 2.28541E-3 2.56457E-3 2.75653E-3 3.16568E-3 3.72867E-3 2.73977E-3 3.82671E-3 4.19077E-3 4.35878E-3 3.60248E-3 3.37327E-3 2.85778E-3 3.22922E-3 4.04956E-3 5.68588E-3 3.61347E-3 3.18789E-3 3.07941E-3 3.6269E-3 3.03434E-3 7.00668E-3 4.01252E-3 3.64853E-3 3.96161E-3 3.71429E-3 3.40779E-3 4.0289E-3 2.90172E-3 3.03314E-3
1.4924E-2 1.65589E-2 9.50315E-3 9.39068E-3 1.07977E-2 1.32306E-2 7.61946E-3 1.6941E-3 1.71724E-3 8.29426E-3 8.8529E-3 2.09319E-2 2.6839E-2 2.36957E-2 2.15531E-2 1.61589E-2 1.96573E-3 2.02613E-3 2.1786E-3 2.16769E-3 2.56614E-3 2.17365E-3 2.23246E-3 2.23589E-3 2.79022E-3 2.99009E-3 2.68378E-3 2.04829E-3 2.31523E-3 2.75408E-3 2.64162E-3 2.15146E-3 2.32885E-3 2.32885E-3 2.80574E-3 3.45747E-3 3.86401E-3 2.93462E-3 4.22012E-3 3.77642E-3 3.45729E-3 3.01545E-3 5.54556E-3 4.29619E-3 3.87045E-3 3.52934E-3 4.12487E-3 3.65915E-3 3.18395E-3 4.07992E-3 4.22467E-3 3.63824E-3 4.19177E-3 2.92542E-3 4.14614E-3 7.40951E-3 2.88324E-3 3.08964E-3 4.3635E-3 3.95907E-3 3.91937E-3 4.1022E-3
1.44111E-2 1.05209E-2 1.45756E-2 2.30551E-2 1.12074E-2 1.6973E-2 2.62732E-2 1.84583E-3 2.88906E-3 2.49814E-3 8.05894E-3 2.54392E-2 2.36798E-2 4.58339E-2 2.40957E-2 4.39115E-2 3.65367E-3 2.01724E-3 2.03118E-3 2.09285E-3 2.01905E-3 1.86849E-3 2.11975E-3 1.83185E-3 2.36507E-3 2.02413E-3 2.0039E-3 2.45649E-3 2.62497E-3 2.20676E-3 2.40192E-3 2.07436E-3 2.88439E-3 3.48659E-3 3.60026E-3 3.42681E-3 3.3921E-3 3.81836E-3 3.62112E-3 3.7496E-3 2.92913E-3 3.16489E-3 4.76483E-3 5.89234E-3 2.91328E-3 3.48079E-3 3.10167E-3 4.06248E-3 5.81873E-3 3.13317E-3 3.5912E-3 4.03306E-3 3.09655E-3 3.22983E-3 3.44165E-3 3.06724E-3 4.47769E-3 3.14939E-3 3.20081E-3 3.19284E-3 2.99905E-3 4.03913E-3
1.89081E-2 9.54139E-3 1.00424E-2 1.37881E-2 1.39145E-2 1.65217E-2 2.03652E-2 1.41763E-2 2.52038E-3 2.27177E-3 2.99967E-3 2.00089E-2 2.31364E-2 4.03124E-2 2.49904E-2 4.90201E-2 1.3726E-2 2.33424E-3 2.29367E-3 2.53838E-3 3.47359E-3 4.77966E-3 3.40049E-3 2.12508E-3 2.26221E-3 1.72632E-3 2.25938E-3 2.29026E-3 2.11132E-3 2.46583E-3 2.54533E-3 2.22005E-3 2.42782E-3 3.26821E-3 3.3921E-3 2.97904E-3 3.55718E-3 3.7496E-3 2.61069E-3 3.43365E-3 3.97791E-3 3.24146E-3 4.78896E-3 3.24017E-3 3.24685E-3 3.11554E-3 3.45469E-3 3.05422E-3 4.90262E-3 3.37623E-3 3.40979E-3 3.85988E-3 3.81686E-3 3.85988E-3 2.89782E-3 3.58298E-3 3.66077E-3 3.26593E-3 3.21309E-3 3.18499E-3 3.193E-3 3.193E-3
2.14584E-2 1.32166E-2 2.45045E-2 1.14925E-2 1.57667E-2 1.62494E-2 1.73484E-2 2.67687E-2 2.15201E-3 2.7636E-3 3.45342E-3 1.90109E-2 1.66874E-2 2.58223E-2 2.45061E-2 1.63159E-2 2.32754E-2 5.51554E-3 1.73063E-3 2.00641E-3 2.24806E-3 4.12042E-3 1.19647E-2 3.13454E-3 1.62318E-3 1.84756E-3 2.11929E-3 2.00522E-3 2.02039E-3 2.16501E-3 2.03566E-3 2.24116E-3 2.47397E-3 3.50773E-3 2.63782E-3 3.09956E-3 3.75915E-3 2.79918E-3 2.75043E-3 3.17489E-3 3.74423E-3 3.67684E-3 3.6341E-3 3.31906E-3 4.66426E-3 3.23205E-3 3.28982E-3 3.79561E-3 3.88341E-3 3.53731E-3 4.26165E-3 2.99512E-3 4.2625E-3 4.14433E-3 3.18322E-3 3.26651E-3 3.13959E-3 3.42224E-3 3.69552E-3 3.81411E-3 3.48651E-3 3.32016E-3
1.26536E-2 1.33763E-2 1.75476E-2 5.72948E-3 9.25449E-3 2.14392E-2 1.94864E-2 4.20014E-2 1.52698E-2 2.0623E-3 2.25077E-3 3.76668E-3 9.20105E-3 1.28586E-2 4.39461E-2 1.78311E-2 2.58299E-2 3.64317E-2 4.57338E-3 2.0782E-3 2.53014E-3 3.09263E-3 1.61038E-2 3.89892E-3 2.25707E-3 1.98954E-3 1.93833E-3 2.52577E-3 2.13104E-3 2.54827E-3 2.37609E-3 2.54643E-3 2.64149E-3 2.62629E-3 2.46776E-3 3.25194E-3 3.74375E-3 2.66963E-3 3.75628E-3 3.78487E-3 3.90045E-3 3.36115E-3 3.65174E-3 3.51615E-3 3.46841E-3 6.33416E-3 4.21391E-3 4.00627E-3 4.23414E-3 5.80661E-3 3.16783E-3 3.24071E-3 4.08909E-3 6.6053E-3 4.37847E-3 3.02154E-3 3.15538E-3 3.36333E-3 3.30212E-3 3.31916E-3 3.68317E-3 3.64267E-3
2.52195E-2 1.27422E-2 1.86398E-2 1.84795E-2 5.61201E-3 9.45953E-3 2.21858E-2 2.56E-2 4.60417E-2 3.67952E-3 2.28252E-3 2.8036E-3 3.61123E-3 3.84915E-3 2.4943E-2 1.06186E-2 1.07003E-2 4.97686E-3 1.01544E-2 4.69691E-3 2.10307E-3 2.21224E-3 3.48671E-3 4.64073E-3 4.16803E-3 2.61138E-3 3.60492E-3 2.13597E-3 2.63828E-3 2.89806E-3 3.13936E-3 2.86783E-3 2.95811E-3 2.97948E-3 2.52845E-3 2.78866E-3 2.8168E-3 3.57775E-3 3.83299E-3 3.67147E-3 3.91537E-3 3.17099E-3 3.37291E-3 3.54013E-3 3.73925E-3 8.28977E-3 4.34876E-3 4.07557E-3 3.58719E-3 3.55456E-3 3.05662E-3 3.26497E-3 4.38961E-3 3.1946E-3 4.59986E-3 3.11002E-3 3.14534E-3 3.22504E-3 3.22694E-3 3.33146E-3 3.22921E-3 3.32954E-3
2.7795E-2 1.63434E-2 1.90146E-2 2.51604E-2 3.72429E-2 6.78868E-3 8.86781E-3 2.54566E-2 4.98973E-2 3.08236E-2 2.49659E-3 8.01053E-3 4.18884E-3 2.06606E-3 3.9308E-3 3.81675E-3 4.44259E-3 2.04221E-2 1.85717E-2 6.31704E-3 2.35331E-3 2.52518E-3 3.05435E-3 3.05987E-3 4.37247E-3 2.34671E-3 2.70573E-3 4.24806E-3 2.1118E-3 2.4972E-3 3.2351E-3 3.33969E-3 2.9432E-3 3.61587E-3 2.73253E-3 2.88855E-3 3.15095E-3 3.45327E-3 4.20969E-3 3.02841E-3 4.15554E-3 4.41477E-3 3.09552E-3 3.51139E-3 3.37688E-3 3.42791E-3 4.74166E-3 7.50115E-3 6.22047E-3 7.05298E-3 3.30729E-3 4.61139E-3 4.65578E-3 4.33451E-3 4.57511E-3 3.46925E-3 3.42168E-3 3.22081E-3 3.22298E-3 3.35319E-3 3.19034E-3 3.154E-3
3.8709E-2 1.59661E-2 1.51131E-2 8.28482E-3 2.10382E-2 2.30023E-2 8.19163E-3 1.98153E-2 3.8073E-2 2.04711E-2 1.85036E-2 3.77788E-3 3.72036E-3 3.5196E-3 3.76785E-3 3.47815E-3 3.64367E-3 8.80101E-3 1.60644E-2 2.45914E-3 2.10444E-3 2.48813E-3 2.17667E-3 3.10966E-3 2.65373E-3 2.08699E-3 2.84934E-3 2.58143E-3 3.93101E-3 2.17687E-3 2.3638E-3 2.84086E-3 3.64995E-3 3.70719E-3 3.6334E-3 3.81505E-3 3.42065E-3 2.97687E-3 3.47281E-3 3.4292E-3 3.52859E-3 4.04234E-3 4.25538E-3 4.49676E-3 3.26467E-3 3.2646E-3 3.641E-3 3.63218E-3 7.92187E-3 3.28369E-3 3.20058E-3 4.32409E-3 4.38502E-3 4.71537E-3 3.27876E-3 3.50293E-3 3.2997E-3 3.57499E-3 3.45096E-3 3.52195E-3 3.42471E-3 3.59881E-3
4.91965E-2 3.64792E-2 1.29541E-2 2.97229E-3 3.40067E-3 8.34534E-3 1.75609E-2 3.55873E-3 2.88588E-2 3.15563E-3 4.51693E-3 3.78749E-3 4.12778E-3 1.00674E-2 3.25325E-3 2.15384E-3 3.85013E-3 3.37939E-3 2.69459E-3 2.5608E-3 2.59628E-3 2.39901E-3 2.5549E-3 3.13769E-3 2.92031E-3 4.78422E-3 2.04803E-3 3.18919E-3 2.96076E-3 2.58469E-3 2.47387E-3 2.74025E-3 2.85165E-3 3.07553E-3 3.53648E-3 4.19164E-3 3.59002E-3 3.50929E-3 3.78604E-3 3.84429E-3 4.33239E-3 3.91479E-3 3.69564E-3 4.18228E-3 3.16432E-3 3.57632E-3 3.28013E-3 3.45968E-3 4.49026E-3 4.04014E-3 3.80942E-3 3.50681E-3 3.17964E-3 3.41054E-3 4.71218E-3 3.40181E-3 3.30166E-3 3.47674E-3 3.69088E-3 3.35474E-3 3.34187E-3 3.6299E-3
5.186E-2 2.76118E-2 2.29964E-2 2.11641E-2 2.0716E-2 4.31261E-3 2.776E-3 3.62569E-3 2.29246E-2 9.44033E-3 3.65926E-3 4.72541E-3 1.21212E-2 1.99517E-2 4.29739E-2 4.07571E-3 2.35632E-3 2.74587E-3 3.2578E-3 3.33253E-3 3.62355E-3 2.52558E-3 2.55818E-3 2.44707E-3 3.28587E-3 4.52548E-3 2.83909E-3 2.93551E-3 3.6586E-3 5.90787E-3 2.53081E-3 2.67024E-3 2.81041E-3 3.38677E-3 3.60502E-3 3.57283E-3 4.21317E-3 4.17131E-3 3.64266E-3 4.54313E-3 4.50103E-3 4.55947E-3 4.58585E-3 4.12866E-3 4.20105E-3 4.36517E-3 3.17669E-3 4.758E-3 4.53915E-3 3.9628E-3 3.89651E-3 6.01567E-3 4.13958E-3 3.3217E-3 3.3383E-3 4.71838E-3 3.44304E-3 3.44826E-3 3.49757E-3 3.31632E-3 3.40744E-3 4.99525E-3
6.18047E-2 3.32106E-2 4.91294E-2 1.56803E-2 2.50879E-2 9.38265E-3 3.5691E-3 3.5793E-3 4.15198E-3 1.12419E-2 3.67846E-3 4.64254E-3 1.26741E-2 3.1434E-2 5.63225E-2 7.87719E-3 2.00928E-3 3.1349E-3 3.39468E-3 3.87131E-3 5.45724E-3 2.03713E-3 2.40045E-3 3.17563E-3 4.21671E-3 5.88614E-3 2.71708E-3 3.15855E-3 3.28587E-3 2.8695E-3 3.16492E-3 3.09492E-3 3.25604E-3 3.43542E-3 3.837E-3 3.837E-3 4.05525E-3 4.49103E-3 4.61435E-3 4.12878E-3 4.17666E-3 3.82622E-3 3.72463E-3 4.15003E-3 3.90401E-3 4.08875E-3 4.09403E-3 3.34817E-3 3.40324E-3 4.60402E-3 4.51931E-3 4.23016E-3 3.89651E-3 4.13607E-3 3.2115E-3 4.37025E-3 4.23511E-3 4.72507E-3 3.44749E-3 3.55136E-3 3.6121E-3 5.16805E-3
3.5061E-2 6.087E-2 5.5384E-2 1.0668E-2 4.00571E-3 4.83028E-3 9.37042E-3 3.07798E-3 3.32267E-3 3.19235E-3 3.33234E-3 2.87523E-3 4.2947E-3 3.46715E-2 4.43711E-2 4.41245E-3 5.48565E-3 2.14574E-3 3.38869E-3 3.99824E-3 3.83514E-3 5.08896E-3 2.14411E-3 2.6499E-3 3.17327E-3 4.18562E-3 5.42678E-3 2.67902E-3 3.33882E-3 2.84638E-3 3.37035E-3 3.23222E-3 3.53966E-3 3.20746E-3 3.29088E-3 3.05189E-3 3.21486E-3 3.38732E-3 3.98328E-3 4.10136E-3 4.31379E-3 4.58156E-3 4.23659E-3 3.88551E-3 3.61367E-3 3.92928E-3 3.81787E-3 4.32124E-3 3.22479E-3 3.55593E-3 3.47928E-3 4.97082E-3 7.94138E-3 6.05675E-3 4.76025E-3 4.6756E-3 4.19538E-3 4.19538E-3 4.38154E-3 4.73168E-3 3.59866E-3 3.83891E-3
2.51478E-2 7.65897E-2 7.23711E-2 3.30396E-2 3.78084E-3 1.18385E-2 8.29396E-3 3.06188E-3 3.18379E-3 9.9934E-3 3.29186E-3 4.05554E-3 4.98731E-3 3.37093E-2 2.42176E-2 2.3195E-2 8.48745E-3 2.6128E-3 3.73156E-3 4.47249E-3 3.99474E-3 3.82525E-3 4.75431E-3 2.53307E-3 2.68434E-3 2.80477E-3 4.21578E-3 2.82642E-3 3.68829E-3 3.35178E-3 3.61014E-3 3.56827E-3 3.20117E-3 3.55863E-3 3.253E-3 3.18109E-3 3.55638E-3 3.67499E-3 3.89381E-3 3.73419E-3 4.06412E-3 3.94962E-3 4.43225E-3 4.71203E-3 4.24753E-3 3.89752E-3 4.01887E-3 4.45106E-3 4.30443E-3 4.01953E-3 3.29605E-3 3.4928E-3 5.24724E-3 4.6068E-3 4.3993E-3 4.67355E-3 4.69179E-3 4.58601E-3 4.3088E-3 4.7655E-3 3.55049E-3 3.84844E-3
2.83069E-2 2.91515E-2 2.6438E-2 5.71966E-2 4.25557E-2 1.02244E-2 1.47935E-2 2.70521E-3 3.54931E-3 4.31038E-3 3.77819E-3 3.07445E-3 4.77521E-3 3.28698E-2 2.75991E-2 1.38608E-2 8.50044E-3 4.58328E-3 3.3835E-3 5.12774E-3 4.09361E-3 4.43048E-3 3.33471E-3 2.62633E-3 2.72977E-3 2.69128E-3 3.0016E-3 3.84497E-3 3.18523E-3 3.53399E-3 3.93073E-3 4.12967E-3 3.37348E-3 3.87887E-3 3.68957E-3 3.4691E-3 3.78507E-3 4.10628E-3 3.87965E-3 4.26031E-3 4.14889E-3 3.86466E-3 4.05888E-3 4.24675E-3 4.45106E-3 4.63314E-3 4.33248E-3 3.79525E-3 3.75428E-3 3.9336E-3 4.28959E-3 4.80621E-3 4.9642E-3 5.1101E-3 4.3214E-3 4.02146E-3 4.42939E-3 4.06348E-3 4.63525E-3 5.01169E-3 3.71334E-3 5.48662E-3
2.84789E-2 2.86425E-2 6.20024E-2 2.6708E-2 3.69916E-2 5.86248E-2 1.053E-2 4.07904E-3 3.20125E-3 2.81508E-3 3.21992E-3 3.76451E-3 3.42463E-3 1.2545E-2 1.55928E-2 1.73998E-2 3.8221E-2 7.50159E-3 4.00753E-3 5.22288E-3 4.91086E-3 3.82901E-3 3.53018E-3 2.74745E-3 2.85224E-3 2.82465E-3 3.10904E-3 3.51428E-3 3.74575E-3 3.79475E-3 3.3601E-3 4.19743E-3 3.41497E-3 4.22219E-3 3.80398E-3 3.52272E-3 3.82004E-3 4.52325E-3 4.08236E-3 4.39869E-3 4.14684E-3 4.18113E-3 3.94528E-3 4.08515E-3 3.86466E-3 4.21041E-3 4.23234E-3 4.77488E-3 4.7922E-3 4.04241E-3 3.62426E-3 4.06298E-3 4.26996E-3 5.08524E-3 4.89258E-3 7.84399E-3 6.19122E-3 4.13807E-3 4.95147E-3 5.15813E-3 5.52874E-3 5.38619E-3
2.58961E-2 5.99014E-2 3.22604E-2 2.88162E-2 4.39604E-2 3.83061E-2 1.12248E-2 1.41774E-2 2.53242E-2 1.01521E-2 3.42665E-3 3.63473E-3 3.88768E-3 3.6115E-3 5.20652E-3 1.35549E-2 3.46532E-2 2.04077E-2 4.09965E-3 1.23698E-2 4.42231E-3 3.83898E-3 3.33041E-3 2.95723E-3 2.84295E-3 3.31235E-3 3.49606E-3 3.51603E-3 3.18793E-3 3.105E-3 3.51188E-3 3.96358E-3 4.27832E-3 4.0367E-3 3.8801E-3 3.86765E-3 3.54532E-3 4.09844E-3 4.58116E-3 4.41229E-3 4.4678E-3 4.4736E-3 3.9747E-3 3.59622E-3 4.06412E-3 4.11464E-3 3.89798E-3 4.38727E-3 4.39501E-3 5.02874E-3 4.18162E-3 4.14892E-3 4.48107E-3 5.21947E-3 3.9222E-3 5.5243E-3 7.32865E-3 4.63675E-3 5.13168E-3 5.39277E-3 5.48649E-3 5.80821E-3
2.53894E-2 3.40668E-2 3.89465E-2 3.19954E-2 3.18136E-2 6.67023E-2 2.45162E-2 4.16164E-3 4.44998E-3 1.70204E-2 2.6386E-2 1.27696E-2 3.42757E-3 4.15877E-3 3.87448E-3 4.93291E-3 1.90567E-2 4.46616E-2 5.17943E-3 2.47597E-2 1.47917E-2 6.5831E-3 5.11693E-3 2.95695E-3 3.066E-3 2.89413E-3 2.85836E-3 3.12637E-3 3.34697E-3 3.84948E-3 3.2201E-3 3.21592E-3 3.54319E-3 4.25599E-3 4.11146E-3 3.89526E-3 3.64708E-3 4.08167E-3 4.26076E-3 4.20225E-3 4.70037E-3 4.56787E-3 4.0913E-3 3.93853E-3 4.01372E-3 4.4562E-3 4.86311E-3 4.52638E-3 4.11388E-3 4.6215E-3 5.22092E-3 4.5734E-3 4.81872E-3 4.96389E-3 5.60334E-3 5.90914E-3 1.01984E-2 4.86817E-3 5.5523E-3 5.78956E-3 5.68704E-3 5.42906E-3
3.18947E-2 2.6786E-2 3.17021E-2 3.26232E-2 6.73238E-2 7.58806E-2 2.48369E-2 2.21086E-2 4.91527E-3 4.78289E-3 5.56155E-3 1.57051E-2 2.72806E-2 1.52926E-2 3.6506E-3 3.17741E-3 5.44958E-3 1.1617E-2 2.87382E-2 5.85767E-2 3.44592E-2 2.3763E-2 4.00987E-3 3.27922E-3 2.92041E-3 3.63979E-3 3.15792E-3 3.60214E-3 3.77961E-3 3.58574E-3 4.06866E-3 3.92065E-3 3.97228E-3 4.11147E-3 4.06162E-3 3.95006E-3 3.92944E-3 4.38026E-3 3.95523E-3 4.14929E-3 4.32494E-3 5.10711E-3 4.75067E-3 4.47457E-3 4.72289E-3 3.92843E-3 4.18434E-3 4.72315E-3 5.0753E-3 4.68154E-3 5.21696E-3 5.20554E-3 4.74953E-3 4.95804E-3 5.01127E-3 5.83997E-3 5.54254E-3 5.09432E-3 5.25091E-3 5.27878E-3 5.65814E-3 6.26647E-3
2.93168E-2 3.88121E-2 2.72754E-2 3.45465E-2 6.11988E-2 6.08622E-2 3.55053E-2 2.6742E-2 2.51585E-2 1.264E-2 1.15856E-2 4.77352E-3 1.24928E-2 2.50809E-2 1.65211E-2 1.168E-2 3.64938E-3 5.16499E-3 2.33982E-2 4.00836E-2 3.75331E-2 1.44688E-2 5.13378E-3 4.78191E-3 3.642E-3 3.82696E-3 3.89262E-3 3.92065E-3 3.31901E-3 3.40446E-3 4.05081E-3 4.38263E-3 4.34519E-3 4.4028E-3 4.35932E-3 4.29355E-3 4.01933E-3 4.52615E-3 4.52615E-3 4.75611E-3 4.59825E-3 4.50237E-3 4.91034E-3 4.76238E-3 4.08415E-3 3.96125E-3 4.60989E-3 4.20677E-3 4.58099E-3 4.90835E-3 4.60751E-3 5.48061E-3 5.06483E-3 4.89216E-3 5.16979E-3 5.5939E-3 5.65294E-3 7.67578E-3 4.95523E-3 5.31058E-3 5.36797E-3 6.13768E-3
3.34699E-2 3.32145E-2 2.82868E-2 3.73428E-2 4.04763E-2 3.42884E-2 5.8322E-2 1.55265E-2 2.85181E-2 3.81713E-2 3.52283E-2 2.60927E-2 3.69132E-2 3.37208E-2 1.28403E-2 3.932E-3 4.18089E-3 3.95627E-3 9.85387E-3 2.7505E-2 5.16157E-2 5.88133E-3 4.84216E-3 5.05044E-3 4.71416E-3 3.38875E-3 3.41786E-3 4.03651E-3 4.81188E-3 3.62993E-3 3.62822E-3 4.063E-3 4.10453E-3 4.1371E-3 4.32805E-3 4.90091E-3 4.68925E-3 4.75613E-3 4.9795E-3 4.99935E-3 4.98611E-3 5.05265E-3 4.83882E-3 5.25068E-3 4.84058E-3 4.36262E-3 4.72187E-3 3.88339E-3 4.25975E-3 5.24518E-3 5.11925E-3 5.01104E-3 4.59636E-3 5.47138E-3 5.62621E-3 5.68357E-3 5.955E-3 9.08077E-3 1.07589E-2 5.50675E-3 5.93519E-3 6.68278E-3
3.03327E-2 3.09408E-2 3.02074E-2 3.6527E-2 4.00089E-2 6.07941E-2 6.77694E-2 5.29959E-3 5.14492E-3 1.81148E-2 2.42772E-2 3.28806E-2 3.14291E-2 1.97995E-2 2.82718E-2 3.51821E-2 2.50163E-2 3.54209E-3 5.62855E-3 2.71688E-2 1.67409E-2 1.68548E-2 4.81041E-3 4.97889E-3 5.30336E-3 5.14375E-3 6.14127E-3 3.46507E-3 4.39419E-3 4.86227E-3 3.48073E-3 3.32924E-3 3.46288E-3 3.78456E-3 4.08296E-3 4.11799E-3 4.32805E-3 4.1452E-3 4.14921E-3 4.36613E-3 4.18791E-3 4.36613E-3 4.99106E-3 5.4369E-3 4.95226E-3 5.01517E-3 5.43479E-3 6.76423E-3 4.37346E-3 4.3927E-3 4.66472E-3 5.29766E-3 5.54911E-3 5.32927E-3 5.47263E-3 5.81644E-3 5.85582E-3 6.42018E-3 9.35146E-3 6.20233E-3 6.53577E-3 6.69447E-3
3.20923E-2 2.80345E-2 2.50088E-2 3.40318E-2 4.38505E-2 7.96285E-2 3.18178E-2 3.92291E-2 1.25044E-2 2.40965E-2 1.38407E-2 2.35193E-2 1.23985E-2 2.29211E-2 5.42614E-3 1.20833E-2 1.83705E-2 1.47592E-2 9.68472E-3 2.77117E-2 1.7379E-2 3.73409E-2 5.41285E-3 5.06265E-3 5.12975E-3 3.94636E-3 4.71024E-3 3.86093E-3 3.97323E-3 5.05376E-3 4.73676E-3 4.51126E-3 3.26884E-3 3.8849E-3 3.64723E-3 3.90061E-3 4.11799E-3 3.71513E-3 3.88011E-3 3.63763E-3 4.21018E-3 4.49539E-3 4.75684E-3 5.12349E-3 5.35689E-3 5.1466E-3 5.5757E-3 5.109E-3 4.49987E-3 4.90251E-3 4.7239E-3 4.95218E-3 4.97219E-3 5.15157E-3 5.55888E-3 4.43188E-3 6.02887E-3 6.19524E-3 6.37485E-3 6.80467E-3 7.0143E-3 7.02392E-3
2.79727E-2 2.77202E-2 3.02074E-2 3.20861E-2 3.99474E-2 8.12769E-2 3.58731E-2 3.1704E-2 4.60227E-2 4.98017E-2 2.10143E-2 3.05731E-2 1.37115E-2 5.40124E-3 5.60231E-3 2.85974E-2 4.32022E-3 4.64486E-3 4.87362E-3 2.16329E-2 2.81607E-2 1.6037E-2 6.21037E-3 4.65924E-3 5.27123E-3 3.92571E-3 5.60768E-3 4.89187E-3 3.70481E-3 4.45805E-3 4.96275E-3 5.28583E-3 6.64904E-3 3.77109E-3 4.28124E-3 3.90787E-3 3.8771E-3 3.22633E-3 3.5687E-3 3.73968E-3 4.14371E-3 4.48561E-3 4.7887E-3 4.36898E-3 5.40209E-3 5.63182E-3 5.81624E-3 5.53118E-3 5.06211E-3 5.22465E-3 5.44275E-3 5.35356E-3 4.76117E-3 5.35042E-3 6.02748E-3 4.51731E-3 6.78763E-3 6.45761E-3 6.94738E-3 7.62317E-3 1.19678E-2 1.52293E-2
2.61119E-2 3.68944E-2 2.65132E-2 2.12004E-2 3.48624E-2 4.15451E-2 3.72198E-2 3.57609E-2 3.2824E-2 3.73593E-2 2.49256E-2 2.74862E-2 2.89483E-2 2.28624E-2 2.28624E-2 1.31272E-2 5.07685E-3 4.42338E-3 4.57715E-3 1.02767E-2 2.56533E-2 4.47426E-3 1.14785E-2 5.16652E-3 4.08863E-3 4.63066E-3 5.33853E-3 5.71719E-3 4.17944E-3 3.94576E-3 4.55151E-3 5.65689E-3 4.75695E-3 3.74407E-3 4.28124E-3 4.92343E-3 4.1882E-3 3.79873E-3 4.14976E-3 4.12252E-3 3.97121E-3 4.13051E-3 4.08028E-3 4.16284E-3 4.45819E-3 5.02949E-3 4.03049E-3 6.4299E-3 5.38965E-3 5.10145E-3 5.81454E-3 6.42582E-3 5.95579E-3 5.36878E-3 5.93927E-3 6.395E-3 4.75882E-3 4.9943E-3 7.32247E-3 7.852E-3 5.5959E-3 1.17201E-2
3.09347E-2 2.89533E-2 2.72626E-2 2.25098E-2 3.13069E-2 3.93093E-2 3.76297E-2 6.29636E-2 6.51956E-2 8.20306E-2 3.47126E-2 1.45961E-2 1.38986E-2 1.96392E-2 2.64271E-2 2.60651E-2 2.81388E-2 4.84383E-3 4.50321E-3 4.57104E-3 1.19844E-2 4.51887E-3 1.15718E-2 4.23113E-3 5.235E-3 4.02265E-3 4.91696E-3 3.86922E-3 5.10124E-3 4.20792E-3 4.74251E-3 5.45515E-3 5.32397E-3 4.13739E-3 4.48476E-3 4.61227E-3 4.49667E-3 4.11985E-3 4.28678E-3 4.72368E-3 4.06556E-3 3.66543E-3 4.012E-3 3.83582E-3 4.54288E-3 5.16302E-3 5.30904E-3 4.22797E-3 6.51221E-3 6.07781E-3 5.68493E-3 6.14894E-3 5.60119E-3 6.90471E-3 6.38723E-3 6.48571E-3 7.12638E-3 5.31501E-3 5.39392E-3 8.18594E-3 5.75798E-3 6.23886E-3
3.39987E-2 3.0087E-2 2.7503E-2 3.46614E-2 2.22154E-2 3.71514E-2 3.86338E-2 5.71665E-2 3.43887E-2 3.00621E-2 2.77009E-2 1.95909E-2 4.34429E-3 2.10313E-2 2.6881E-2 6.23957E-3 2.0791E-2 1.74805E-2 5.73549E-3 5.36937E-3 4.30206E-3 1.2174E-2 1.66608E-2 4.66295E-3 4.53578E-3 7.51498E-3 4.16826E-3 5.10983E-3 5.21568E-3 4.64563E-3 5.01037E-3 5.10063E-3 4.71388E-3 4.99286E-3 4.16379E-3 4.99702E-3 4.59307E-3 4.52057E-3 4.22121E-3 4.85485E-3 4.44872E-3 4.23249E-3 4.64163E-3 4.04347E-3 4.46712E-3 4.73411E-3 4.85081E-3 5.2878E-3 6.20504E-3 4.54519E-3 6.92365E-3 7.12565E-3 6.4842E-3 7.2143E-3 6.67148E-3 6.76417E-3 7.22211E-3 7.30374E-3 5.39194E-3 6.19504E-3 6.53631E-3 1.26682E-2
3.28098E-2 3.37291E-2 3.19913E-2 2.81831E-2 2.49419E-2 3.23552E-2 4.14436E-2 3.76895E-2 3.76726E-2 3.04931E-2 2.16964E-2 1.26209E-2 4.58245E-3 2.15244E-2 2.29363E-2 4.6815E-3 4.61741E-3 4.69238E-3 6.44379E-3 5.60523E-3 4.09507E-3 4.8767E-3 4.80979E-3 4.8964E-3 4.68167E-3 6.08698E-3 4.29927E-3 3.95987E-3 5.31542E-3 5.25585E-3 4.90774E-3 5.68074E-3 4.78075E-3 5.31792E-3 4.14184E-3 4.17355E-3 4.89929E-3 4.8021E-3 4.00316E-3 4.68103E-3 4.75075E-3 4.368E-3 4.74437E-3 4.42711E-3 4.368E-3 4.65666E-3 5.0521E-3 4.92429E-3 4.96469E-3 5.28405E-3 5.95358E-3 6.91694E-3 7.22594E-3 7.2021E-3 7.42095E-3 7.4519E-3 7.62972E-3 8.06296E-3 8.56304E-3 5.91159E-3 6.57118E-3 1.5594E-2
