day_2/Results/Podomys_floridanus/projections/2000/RUN_3.asc
ncols         385
nrows         252
xllcorner     -91.50013924285
yllcorner     25.49986064915003
cellsize      0.041666666500000005
NODATA_value  -9999
[rows 0 to 27 of 252, columns 310 to 371 of 385]
8.15601E-4 8.2798E-4 7.53928E-4 4.2924E-4 3.77012E-4 4.72758E-4 5.79213E-4 5.67702E-4 6.56365E-4 7.08989E-4 8.81616E-4 8.40546E-4 9.0858E-4 1.15238E-3 1.11293E-3 1.12982E-3 1.12982E-3 1.33225E-3 1.42833E-3 1.5373E-3 1.5373E-3 1.56062E-3 1.56062E-3 1.64712E-3 1.67834E-3 1.67834E-3 1.67834E-3 1.59064E-3 1.59064E-3 1.77056E-3 1.93058E-3 1.83086E-3 1.86478E-3 2.14103E-3 2.06273E-3 1.99324E-3 1.99324E-3 2.02974E-3 2.09811E-3 2.20936E-3 2.05962E-3 2.20787E-3 2.97789E-3 2.32271E-3 2.28196E-3 2.32323E-3 -9999 -9999 -9999 -9999 2.33209E-3 5.87663E-3 6.10334E-3 -9999 6.55974E-3 6.25246E-3 6.46936E-3 6.15028E-3 6.63164E-3 6.7593E-3 6.99317E-3 4.01423E-3
9.86273E-4 8.81616E-4 6.59631E-4 5.06611E-4 4.63401E-4 3.91277E-4 5.56259E-4 6.79808E-4 6.12117E-4 9.71842E-4 1.17599E-3 8.72044E-4 1.03135E-3 1.19384E-3 1.19384E-3 1.06904E-3 1.12982E-3 1.37933E-3 1.37933E-3 1.32601E-3 1.32601E-3 1.40026E-3 1.50724E-3 1.59064E-3 1.7038E-3 1.83086E-3 1.73597E-3 1.55985E-3 1.62111E-3 1.73597E-3 1.83086E-3 1.99563E-3 1.79545E-3 2.03191E-3 1.99324E-3 2.02974E-3 2.06053E-3 1.9921E-3 2.02885E-3 2.16863E-3 2.24136E-3 2.16825E-3 5.83474E-3 3.1357E-3 2.35846E-3 2.24533E-3 2.17535E-3 5.95134E-3 5.76964E-3 5.96832E-3 5.94036E-3 5.98913E-3 6.62675E-3 3.39509E-3 6.55974E-3 6.37291E-3 6.45132E-3 6.2713E-3 6.7593E-3 3.80955E-3 2.90777E-3 3.96564E-3
7.7274E-4 8.83135E-4 7.25154E-4 1.49207E-3 5.37103E-4 4.4271E-4 5.37103E-4 4.80507E-4 4.80507E-4 5.45256E-4 6.94136E-4 1.09069E-3 1.12982E-3 1.19384E-3 1.17071E-3 1.17071E-3 1.2367E-3 1.30619E-3 1.2367E-3 1.32601E-3 1.42797E-3 1.50724E-3 1.35262E-3 1.42797E-3 1.61477E-3 1.93058E-3 1.76231E-3 1.64571E-3 1.67712E-3 1.70256E-3 1.70256E-3 1.82909E-3 1.85684E-3 1.89149E-3 1.92666E-3 1.95588E-3 2.16863E-3 2.05962E-3 2.09747E-3 2.16825E-3 2.09815E-3 2.12998E-3 2.16924E-3 2.24258E-3 2.24533E-3 3.08682E-3 3.09368E-3 6.15502E-3 6.2703E-3 6.17339E-3 6.28984E-3 6.62675E-3 6.53025E-3 6.43707E-3 6.37291E-3 6.59351E-3 6.67597E-3 7.19017E-3 6.99317E-3 7.37226E-3 7.28387E-3 7.88715E-3
6.21358E-4 7.33933E-4 7.25154E-4 6.45035E-4 4.95206E-4 4.87801E-4 4.80507E-4 5.56585E-4 4.61263E-4 6.21358E-4 6.83613E-4 7.22615E-4 1.28666E-3 1.30619E-3 1.30619E-3 1.2367E-3 1.2367E-3 1.28101E-3 1.28101E-3 1.35262E-3 1.35262E-3 1.42797E-3 1.55985E-3 1.4006E-3 1.73597E-3 1.89307E-3 1.70256E-3 1.70256E-3 1.64533E-3 1.64533E-3 1.64533E-3 1.79462E-3 1.89149E-3 1.85622E-3 1.85622E-3 2.33638E-3 1.95575E-3 2.24136E-3 2.06002E-3 2.12998E-3 2.06173E-3 2.13202E-3 2.06474E-3 2.13541E-3 3.14453E-3 5.6616E-3 3.19972E-3 5.96832E-3 6.60443E-3 6.505E-3 6.40898E-3 6.53025E-3 6.55974E-3 6.5395E-3 6.91372E-3 6.63164E-3 6.86158E-3 7.43686E-3 6.45531E-3 7.13791E-3 7.53575E-3 -9999
6.73392E-4 7.4151E-4 7.115E-4 6.32867E-4 4.34248E-4 6.3079E-4 5.12522E-4 5.88133E-4 5.90718E-4 6.89859E-4 9.82249E-4 9.56603E-4 1.0518E-3 1.3324E-3 1.28101E-3 1.21298E-3 1.28101E-3 1.35262E-3 1.4006E-3 1.4006E-3 1.55985E-3 1.47822E-3 1.61419E-3 1.61419E-3 1.89307E-3 1.85684E-3 1.76125E-3 1.67029E-3 1.7024E-3 1.61462E-3 1.7024E-3 1.85622E-3 1.85622E-3 1.9198E-3 4.56421E-3 2.54796E-3 2.12928E-3 1.95685E-3 2.02385E-3 1.95919E-3 2.78413E-3 5.18884E-3 5.36909E-3 5.47233E-3 5.6616E-3 6.01013E-3 6.12437E-3 6.17339E-3 6.82846E-3 6.40898E-3 6.75403E-3 6.55974E-3 6.78541E-3 6.69329E-3 6.49101E-3 6.71792E-3 7.09897E-3 7.48378E-3 7.13791E-3 7.38677E-3 6.63304E-3 -9999
8.42908E-4 1.05473E-3 9.24394E-4 7.99517E-4 5.78171E-4 4.78386E-4 6.40876E-4 5.45849E-4 5.85488E-4 6.53266E-4 1.04339E-3 8.48334E-4 1.01679E-3 1.11211E-3 1.28101E-3 1.35262E-3 1.4006E-3 1.32682E-3 1.4006E-3 1.45018E-3 1.37417E-3 1.45018E-3 1.53012E-3 1.53012E-3 1.56007E-3 1.89149E-3 1.72822E-3 1.63912E-3 1.76132E-3 1.67097E-3 1.76132E-3 1.9198E-3 1.95575E-3 1.85677E-3 1.8236E-3 4.81577E-3 1.98653E-3 2.06173E-3 2.6909E-3 5.09022E-3 5.26742E-3 5.10394E-3 5.84109E-3 5.52581E-3 2.44371E-3 3.54018E-3 6.70437E-3 6.60345E-3 6.40898E-3 6.75403E-3 6.65901E-3 6.78541E-3 6.67597E-3 6.58924E-3 6.40858E-3 7.087E-3 7.00127E-3 7.2459E-3 6.87132E-3 7.11379E-3 6.83335E-3 -9999
8.22839E-4 9.50856E-4 1.17033E-3 9.58481E-4 8.48334E-4 6.12603E-4 5.45849E-4 5.54135E-4 5.97568E-4 7.58553E-4 1.02343E-3 1.17699E-3 1.27354E-3 1.27959E-3 1.47822E-3 1.32682E-3 1.42851E-3 1.35363E-3 1.3019E-3 1.3019E-3 1.3019E-3 1.45018E-3 1.56007E-3 1.67029E-3 1.7024E-3 1.82184E-3 1.85622E-3 1.67097E-3 1.69632E-3 1.72915E-3 1.72915E-3 1.76249E-3 1.8236E-3 1.95685E-3 1.79156E-3 4.82444E-3 1.95919E-3 1.92593E-3 1.99254E-3 5.00591E-3 5.18123E-3 5.42047E-3 3.14058E-3 6.2703E-3 2.57175E-3 6.70437E-3 6.72703E-3 6.80234E-3 6.60533E-3 6.51301E-3 6.54895E-3 6.36621E-3 6.2841E-3 6.11236E-3 6.45531E-3 6.6832E-3 7.05509E-3 6.97529E-3 7.22142E-3 6.36278E-3 4.26135E-3 6.87822E-3
5.76777E-4 6.03443E-4 6.86764E-4 1.02523E-3 1.19543E-3 5.11287E-4 4.9611E-4 6.40673E-4 5.14455E-4 5.7431E-4 8.19391E-4 1.32682E-3 1.35904E-3 1.45018E-3 1.37417E-3 1.53012E-3 1.45018E-3 1.40183E-3 1.47897E-3 1.40183E-3 1.34863E-3 1.4231E-3 1.50141E-3 1.61462E-3 1.55433E-3 1.67097E-3 1.9198E-3 1.82214E-3 1.76249E-3 1.78923E-3 1.8236E-3 1.8236E-3 1.8867E-3 1.92267E-3 2.54522E-3 4.99311E-3 2.64549E-3 5.26742E-3 5.36909E-3 5.42047E-3 5.38498E-3 5.57236E-3 6.05867E-3 3.59383E-3 2.61731E-3 6.72703E-3 6.48135E-3 6.83305E-3 6.63846E-3 6.54895E-3 6.46256E-3 6.40858E-3 6.32908E-3 6.86676E-3 6.81551E-3 7.05509E-3 6.97529E-3 7.03685E-3 6.17654E-3 7.1031E-3 5.1483E-3 6.47001E-3
1.03345E-3 9.54081E-4 5.65928E-4 5.65723E-4 8.91422E-4 9.35222E-4 6.04213E-4 6.19112E-4 6.83887E-4 8.24279E-4 8.67373E-4 1.03501E-3 8.74593E-4 1.40715E-3 1.47897E-3 1.32847E-3 1.5311E-3 1.4231E-3 1.34863E-3 1.27783E-3 1.37606E-3 1.63912E-3 1.55433E-3 1.67097E-3 1.58497E-3 1.55631E-3 1.55631E-3 1.78923E-3 1.92062E-3 1.85127E-3 1.8867E-3 1.92267E-3 1.85392E-3 1.88965E-3 4.90942E-3 2.73771E-3 5.26742E-3 5.18123E-3 5.28231E-3 5.33445E-3 5.57236E-3 6.05867E-3 6.70437E-3 3.78302E-3 6.95612E-3 6.85623E-3 6.83305E-3 6.42389E-3 6.99951E-3 6.90793E-3 6.50557E-3 6.32908E-3 6.6832E-3 7.58724E-3 6.839E-3 7.55811E-3 7.36427E-3 6.96516E-3 5.52956E-3 4.77866E-3 6.68089E-3 7.25466E-3
1.01779E-3 1.29901E-3 8.84864E-4 7.3195E-4 5.41537E-4 6.83887E-4 7.57404E-4 6.51123E-4 6.87276E-4 1.25544E-3 1.3019E-3 1.0894E-3 7.87068E-4 1.26157E-3 1.34863E-3 1.37606E-3 1.45164E-3 1.55433E-3 1.67097E-3 2.01966E-3 3.68436E-3 1.58497E-3 1.72915E-3 1.6406E-3 1.72915E-3 1.6727E-3 4.25314E-3 1.52864E-3 1.75743E-3 1.70091E-3 1.85392E-3 1.88965E-3 1.95514E-3 1.99254E-3 2.02277E-3 2.83293E-3 5.3623E-3 5.33445E-3 5.17301E-3 5.62963E-3 6.03029E-3 6.70437E-3 3.67075E-3 3.79493E-3 6.70529E-3 7.06809E-3 6.86822E-3 6.46256E-3 6.68896E-3 6.95226E-3 6.86676E-3 7.1072E-3 7.05509E-3 6.66148E-3 6.89845E-3 6.33734E-3 6.58926E-3 5.8709E-3 6.35787E-3 7.54759E-3 7.05041E-3 7.1878E-3
1.33339E-3 1.08725E-3 1.35363E-3 1.35363E-3 1.11293E-3 8.74593E-4 1.1278E-3 1.15412E-3 9.45479E-4 7.42986E-4 1.28906E-3 3.25064E-3 9.41313E-4 1.45164E-3 1.30418E-3 1.30418E-3 1.32397E-3 1.42525E-3 1.52593E-3 1.72915E-3 4.02594E-3 2.25E-3 1.72915E-3 1.69807E-3 2.32943E-3 1.73117E-3 4.64046E-3 2.45897E-3 2.45897E-3 2.41672E-3 2.46463E-3 1.76489E-3 1.92253E-3 2.69286E-3 2.02775E-3 2.20558E-3 3.09072E-3 5.62963E-3 6.00617E-3 6.23874E-3 6.45392E-3 6.82883E-3 6.80234E-3 6.98496E-3 6.73892E-3 6.97214E-3 7.2407E-3 7.14742E-3 6.73436E-3 7.00127E-3 7.2459E-3 6.839E-3 7.08083E-3 7.03685E-3 7.28727E-3 6.20321E-3 5.63412E-3 6.78199E-3 7.33441E-3 7.15707E-3 7.76517E-3 8.25725E-3
1.21478E-3 1.38088E-3 1.47897E-3 1.32847E-3 1.44692E-3 1.50141E-3 1.34863E-3 1.25873E-3 1.4231E-3 1.41364E-3 1.5311E-3 1.4231E-3 1.38752E-3 1.37606E-3 1.39694E-3 1.50312E-3 1.50312E-3 2.06058E-3 1.6406E-3 1.88494E-3 1.69807E-3 4.36443E-3 1.69807E-3 1.75743E-3 2.41149E-3 1.79156E-3 4.5599E-3 2.54522E-3 4.99311E-3 1.82225E-3 2.68561E-3 1.92253E-3 1.86276E-3 2.64953E-3 5.19848E-3 2.94032E-3 2.25385E-3 3.36979E-3 6.33317E-3 6.26444E-3 6.17438E-3 6.70529E-3 7.27592E-3 7.20173E-3 7.10541E-3 7.35024E-3 7.74657E-3 8.01172E-3 7.44406E-3 7.49851E-3 7.41301E-3 2.95233E-3 7.36427E-3 8.12455E-3 7.91444E-3 7.8258E-3 7.44536E-3 7.58889E-3 7.73464E-3 7.88261E-3 7.69673E-3 8.34016E-3
1.47897E-3 1.40183E-3 1.40183E-3 1.37606E-3 1.04223E-3 1.48568E-3 1.37606E-3 1.37606E-3 1.45164E-3 1.45164E-3 1.50822E-3 1.76132E-3 1.58497E-3 1.50312E-3 1.42525E-3 1.42525E-3 1.6406E-3 1.72915E-3 1.69807E-3 2.21E-3 1.85127E-3 1.85127E-3 1.8867E-3 4.98349E-3 5.05897E-3 1.85392E-3 5.06874E-3 5.06874E-3 5.16731E-3 2.92406E-3 2.97975E-3 5.3623E-3 5.3623E-3 5.2772E-3 5.25135E-3 5.9656E-3 5.8757E-3 6.08005E-3 3.38245E-3 7.03541E-3 6.93644E-3 7.06809E-3 7.31068E-3 7.01245E-3 7.14742E-3 7.39467E-3 7.1072E-3 8.06331E-3 7.16182E-3 7.41301E-3 8.18295E-3 7.974E-3 7.89022E-3 7.2672E-3 7.74752E-3 7.89526E-3 8.04524E-3 8.00182E-3 8.15432E-3 8.30912E-3 6.51442E-3 8.99332E-3
1.30862E-3 1.56007E-3 1.35549E-3 1.30418E-3 1.23838E-3 1.44804E-3 1.67097E-3 1.50312E-3 1.58497E-3 1.58497E-3 1.50312E-3 1.44687E-3 1.55631E-3 1.72915E-3 4.10713E-3 4.33004E-3 4.18966E-3 4.25314E-3 4.25314E-3 4.33828E-3 1.75743E-3 4.37493E-3 1.85392E-3 1.98144E-3 2.01907E-3 2.05728E-3 2.8692E-3 5.21465E-3 5.34719E-3 5.81926E-3 5.6393E-3 5.83433E-3 5.52158E-3 5.71486E-3 5.54418E-3 6.02933E-3 6.08005E-3 6.17438E-3 6.85623E-3 6.30077E-3 7.12452E-3 7.72275E-3 7.35024E-3 7.39467E-3 7.64989E-3 7.79544E-3 7.16182E-3 8.49659E-3 8.02865E-3 8.33962E-3 8.62716E-3 8.66015E-3 8.44417E-3 7.6723E-3 7.82019E-3 7.85162E-3 8.352E-3 2.87598E-3 3.725E-3 3.63845E-3 9.15956E-3 9.46917E-3
1.25873E-3 1.7024E-3 1.5311E-3 1.5311E-3 1.58497E-3 1.50312E-3 1.6406E-3 1.72915E-3 1.72915E-3 1.82214E-3 1.82214E-3 1.82214E-3 1.78923E-3 1.88494E-3 4.48273E-3 4.25314E-3 4.48273E-3 4.57122E-3 4.88872E-3 4.51925E-3 4.49186E-3 4.67921E-3 2.68007E-3 5.33548E-3 5.16731E-3 5.34719E-3 2.09258E-3 5.39727E-3 6.08455E-3 6.13288E-3 5.94565E-3 6.15038E-3 6.21423E-3 6.02933E-3 6.14598E-3 6.35925E-3 5.96988E-3 6.38947E-3 6.88809E-3 6.64806E-3 6.46256E-3 8.34375E-3 8.62516E-3 8.67317E-3 9.13042E-3 8.33976E-3 7.75934E-3 8.18295E-3 9.25465E-3 8.75758E-3 9.35865E-3 8.85655E-3 8.65632E-3 8.44725E-3 6.61817E-3 3.71085E-3 6.77007E-3 3.6936E-3 3.76437E-3 3.28473E-3 9.8654E-3 7.85771E-3
1.37606E-3 1.37606E-3 1.37606E-3 1.50312E-3 1.50312E-3 1.47609E-3 1.47609E-3 1.47609E-3 1.6406E-3 1.69807E-3 1.61127E-3 1.95841E-3 1.78923E-3 1.94976E-3 1.85127E-3 4.76188E-3 4.51925E-3 4.73173E-3 2.7688E-3 5.02563E-3 5.02563E-3 4.7722E-3 5.33548E-3 5.52008E-3 5.62547E-3 5.67761E-3 3.24059E-3 3.35097E-3 6.34275E-3 6.46153E-3 6.40669E-3 6.52798E-3 6.42902E-3 6.55159E-3 6.90527E-3 6.70529E-3 6.61158E-3 6.42389E-3 6.97214E-3 6.87954E-3 7.25556E-3 8.78263E-3 8.67317E-3 8.44001E-3 8.88861E-3 9.78283E-3 9.67358E-3 1.06332E-2 -9999 -9999 9.39055E-3 8.95096E-3 8.95096E-3 9.28574E-3 8.93201E-3 4.07974E-3 3.98538E-3 3.19817E-3 4.13643E-3 4.39002E-3 8.12235E-3 -9999
1.64599E-3 1.48066E-3 1.58497E-3 1.50312E-3 1.47609E-3 1.55631E-3 1.81889E-3 1.25803E-3 1.32712E-3 1.4283E-3 1.61127E-3 2.32943E-3 3.92668E-3 1.5019E-3 1.98653E-3 1.91532E-3 4.92906E-3 5.02563E-3 5.15667E-3 5.20132E-3 5.47502E-3 5.30247E-3 5.11415E-3 5.77258E-3 5.97142E-3 6.32787E-3 6.77285E-3 6.19346E-3 6.00617E-3 6.52798E-3 6.57976E-3 6.87857E-3 6.4555E-3 7.00975E-3 6.93644E-3 6.30077E-3 6.64806E-3 7.21291E-3 7.01245E-3 7.74657E-3 8.3891E-3 9.66826E-3 9.98859E-3 9.60895E-3 9.3583E-3 9.67358E-3 1.00288E-2 1.00409E-2 9.81627E-3 9.99169E-3 9.89501E-3 -9999 7.59117E-3 7.59117E-3 -9999 4.29677E-3 -9999 -9999 4.27748E-3 -9999 -9999 -9999
1.67097E-3 1.50312E-3 1.55631E-3 1.55631E-3 1.47609E-3 1.39975E-3 1.39975E-3 1.47609E-3 1.61127E-3 1.61127E-3 1.75743E-3 1.75743E-3 4.51925E-3 3.80121E-3 4.26336E-3 1.89394E-3 2.23555E-3 2.01907E-3 5.72128E-3 5.95976E-3 6.07187E-3 6.43361E-3 6.60178E-3 6.82488E-3 6.29322E-3 7.00073E-3 6.31117E-3 6.40669E-3 6.21423E-3 6.42902E-3 6.67603E-3 7.24589E-3 7.14185E-3 7.38599E-3 7.52409E-3 7.56103E-3 7.35024E-3 7.60293E-3 7.86373E-3 8.1619E-3 8.83268E-3 9.55076E-3 1.09737E-2 1.10353E-2 1.04465E-2 1.01803E-2 1.03734E-2 1.03995E-2 1.01426E-2 1.05061E-2 1.06915E-2 -9999 -9999 -9999 -9999 -9999 -9999 -9999 -9999 -9999 -9999 -9999
1.72915E-3 1.53305E-3 1.55631E-3 1.55631E-3 1.58719E-3 1.69807E-3 1.61127E-3 1.61127E-3 1.61127E-3 1.64313E-3 1.75743E-3 1.61456E-3 4.49186E-3 4.60939E-3 4.7722E-3 4.30066E-3 4.6917E-3 1.88593E-3 2.16012E-3 2.20068E-3 2.27584E-3 3.28971E-3 5.83433E-3 6.34275E-3 6.34275E-3 6.73077E-3 6.21423E-3 6.75174E-3 6.55159E-3 6.77705E-3 7.35551E-3 6.80675E-3 6.84089E-3 7.78015E-3 8.04432E-3 7.96547E-3 8.23641E-3 8.13287E-3 7.91334E-3 8.18524E-3 9.72232E-3 1.00458E-2 1.13548E-2 1.12517E-2 1.09652E-2 1.0551E-2 1.07422E-2 1.07678E-2 1.13142E-2 1.10437E-2 1.07829E-2 4.88189E-3 -9999 -9999 -9999 -9999 -9999 -9999 -9999 -9999 -9999 -9999
1.6727E-3 1.6727E-3 1.6727E-3 1.69807E-3 1.69807E-3 1.92062E-3 1.73117E-3 1.64313E-3 1.75743E-3 1.8867E-3 1.79156E-3 4.5599E-3 4.89751E-3 2.68007E-3 2.91872E-3 5.20132E-3 5.30247E-3 4.85805E-3 4.47106E-3 4.87473E-3 4.97255E-3 5.41523E-3 5.89253E-3 6.00617E-3 6.21423E-3 6.21423E-3 6.87857E-3 6.65074E-3 7.24589E-3 7.49206E-3 7.74601E-3 7.17503E-3 7.42127E-3 8.19296E-3 8.08593E-3 8.91539E-3 8.28532E-3 8.56762E-3 8.72695E-3 9.18943E-3 9.93063E-3 1.10353E-2 1.24443E-2 1.21773E-2 1.13504E-2 1.15711E-2 1.15946E-2 1.19707E-2 1.15098E-2 1.14066E-2 -9999 -9999 -9999 -9999 -9999 -9999 -9999 -9999 -9999 -9999 -9999 -9999
1.6727E-3 1.88494E-3 1.78923E-3 1.73117E-3 1.94976E-3 1.66805E-3 1.66805E-3 1.79156E-3 1.79156E-3 1.7606E-3 1.85392E-3 1.85392E-3 5.33548E-3 4.9404E-3 4.9404E-3 5.24556E-3 5.62547E-3 5.97142E-3 5.39727E-3 4.97255E-3 5.69441E-3 6.34275E-3 5.43668E-3 6.52798E-3 7.08935E-3 7.69272E-3 7.83234E-3 7.71689E-3 7.14185E-3 7.38599E-3 7.78015E-3 7.21291E-3 8.19296E-3 8.62516E-3 8.51593E-3 9.81434E-3 1.01395E-2 9.43748E-3 9.93063E-3 7.88281E-3 1.04465E-2 1.14694E-2 1.24825E-2 1.18638E-2 1.20649E-2 1.19707E-2 1.16836E-2 1.23806E-2 1.28009E-2 1.01919E-2 -9999 -9999 -9999 -9999 -9999 -9999 -9999 -9999 -9999 -9999 -9999 -9999
1.73117E-3 1.94976E-3 1.75743E-3 1.75743E-3 1.98653E-3 1.8867E-3 2.45897E-3 1.95183E-3 1.85392E-3 4.89751E-3 2.63432E-3 1.82225E-3 2.08848E-3 5.80789E-3 5.48704E-3 5.48704E-3 5.39727E-3 6.01928E-3 5.69441E-3 5.41523E-3 5.52158E-3 6.40669E-3 6.85631E-3 7.22054E-3 7.46487E-3 7.71689E-3 8.36485E-3 8.51483E-3 8.54606E-3 8.30387E-3 8.19296E-3 8.08593E-3 8.23641E-3 8.28532E-3 8.96619E-3 9.86921E-3 1.11394E-2 1.12019E-2 1.04465E-2 1.12719E-2 2.13004E-2 2.33543E-2 1.25578E-2 1.27862E-2 1.31935E-2 1.25674E-2 5.50719E-3 1.04342E-2 1.32112E-2 -9999 -9999 -9999 -9999 -9999 -9999 -9999 -9999 -9999 -9999 -9999 4.52747E-3 -9999
1.8867E-3 1.98653E-3 1.8867E-3 1.79156E-3 1.95183E-3 1.95183E-3 1.85392E-3 2.01907E-3 2.01907E-3 5.33548E-3 4.81445E-3 2.72633E-3 4.85805E-3 5.08173E-3 2.20068E-3 6.32787E-3 6.614E-3 6.83842E-3 6.50856E-3 6.00617E-3 6.21423E-3 6.33317E-3 6.55159E-3 7.46487E-3 7.35551E-3 8.12208E-3 8.39443E-3 8.15487E-3 8.04432E-3 8.87046E-3 9.16705E-3 8.91539E-3 3.7706E-3 9.26841E-3 9.58009E-3 1.03792E-2 1.12019E-2 1.1769E-2 3.00937E-2 3.02807E-2 1.00584E-2 1.31883E-2 1.31935E-2 5.77914E-3 1.36302E-2 5.92114E-3 6.02049E-3 6.12108E-3 -9999 -9999 5.81427E-3 5.91417E-3 4.67147E-3 -9999 -9999 -9999 -9999 -9999 -9999 5.91509E-3 5.91509E-3 6.0211E-3
2.16228E-3 2.05455E-3 1.95183E-3 1.85392E-3 2.093E-3 2.01907E-3 1.91831E-3 1.91831E-3 2.08848E-3 5.52008E-3 5.24556E-3 5.21465E-3 5.2597E-3 5.53292E-3 5.31054E-3 5.41523E-3 5.60519E-3 6.88988E-3 6.52798E-3 6.21423E-3 6.42902E-3 6.98265E-3 7.71689E-3 7.85798E-3 7.74601E-3 8.00798E-3 8.04432E-3 7.46142E-3 8.08593E-3 8.36095E-3 8.80428E-3 9.52332E-3 9.43748E-3 9.32831E-3 4.13581E-3 4.40407E-3 5.05739E-3 2.88468E-2 1.27265E-2 3.25741E-2 1.36204E-2 1.09254E-2 1.32867E-2 1.3507E-2 1.10261E-2 1.39557E-2 1.46324E-2 -9999 6.33633E-3 6.44297E-3 6.10642E-3 4.90832E-3 4.8046E-3 4.88849E-3 4.97348E-3 4.9456E-3 6.47252E-3 -9999 6.11225E-3 6.11225E-3 6.11225E-3 -9999
2.12475E-3 2.12475E-3 2.87513E-3 2.01907E-3 2.23555E-3 5.06874E-3 2.68561E-3 1.9848E-3 2.27193E-3 5.29362E-3 5.53292E-3 5.97142E-3 5.78677E-3 5.83433E-3 6.19346E-3 6.50856E-3 7.01646E-3 7.08935E-3 6.75174E-3 7.32977E-3 7.11331E-3 6.67901E-3 7.2499E-3 7.17503E-3 7.42127E-3 7.32202E-3 7.57429E-3 8.23641E-3 8.13287E-3 8.41059E-3 8.85887E-3 9.15933E-3 9.64326E-3 4.02922E-3 4.35605E-3 2.64899E-2 9.56317E-3 1.30931E-2 1.33475E-2 1.41613E-2 1.54496E-2 1.47739E-2 1.41817E-2 1.41661E-2 1.43978E-2 6.62639E-3 4.9576E-3 6.73517E-3 5.20472E-3 6.55093E-3 6.41139E-3 5.35542E-3 5.2439E-3 5.13622E-3 5.03225E-3 5.03225E-3 6.47252E-3 6.34475E-3 6.22134E-3 -9999 -9999 -9999
2.2766E-3 2.05728E-3 2.31112E-3 2.8692E-3 2.3534E-3 5.11415E-3 5.62547E-3 5.34719E-3 2.31395E-3 5.67761E-3 3.12905E-3 5.98688E-3 5.98688E-3 5.89253E-3 5.71486E-3 6.21423E-3 6.75174E-3 7.69272E-3 7.9508E-3 7.35551E-3 7.60538E-3 5.65092E-3 7.28357E-3 7.89782E-3 8.31684E-3 8.08593E-3 7.98266E-3 8.41059E-3 8.56762E-3 9.26841E-3 9.75414E-3 9.22313E-3 4.09027E-3 2.49298E-2 2.04033E-2 2.14568E-2 2.87473E-2 1.36204E-2 1.04782E-2 1.34662E-2 6.15579E-3 6.45734E-3 6.56341E-3 1.63095E-2 6.62639E-3 6.73517E-3 6.58648E-3 5.49991E-3 6.80581E-3 5.26641E-3 5.1557E-3 1.3403E-2 1.31303E-2 1.26505E-2 1.56576E-2 1.59282E-2 1.58904E-2 1.56184E-2 -9999 -9999 -9999 -9999
2.19718E-3 2.23798E-3 2.8692E-3 2.27193E-3 2.16012E-3 3.34477E-3 5.81926E-3 6.32787E-3 2.39232E-3 6.13288E-3 5.92266E-3 5.89253E-3 5.89253E-3 6.73077E-3 7.30873E-3 7.08935E-3 7.46487E-3 7.71689E-3 7.46677E-3 7.74601E-3 8.00798E-3 5.84542E-3 3.02413E-3 7.93762E-3 9.16705E-3 9.05014E-3 6.75066E-3 8.85887E-3 8.75543E-3 6.94762E-3 8.98602E-3 9.71297E-3 2.53771E-2 8.90277E-3 1.16936E-2 2.96835E-2 2.50791E-2 1.37298E-2 1.11852E-2 1.47646E-2 6.20414E-3 6.30778E-3 5.14799E-3 1.65636E-2 5.3218E-3 1.74725E-2 1.35327E-2 1.67286E-2 1.34634E-2 1.3183E-2 1.29121E-2 1.31303E-2 1.56576E-2 1.59282E-2 1.70579E-2 1.6728E-2 1.61297E-2 -9999 -9999 -9999 -9999 -9999
2.16012E-3 2.31395E-3 3.18112E-3 2.20068E-3 2.51432E-3 2.39232E-3 6.17665E-3 2.59858E-3 6.22571E-3 5.33088E-3 5.89253E-3 6.40669E-3 6.52798E-3 7.08935E-3 6.98265E-3 6.77705E-3 6.67901E-3 7.97682E-3 8.2449E-3 8.00798E-3 7.89782E-3 7.67539E-3 7.93762E-3 3.25939E-3 8.25585E-3 9.10171E-3 8.99277E-3 3.99928E-3 3.95444E-3 7.32206E-3 9.84321E-3 2.46706E-2 2.70836E-2 2.72989E-2 9.45758E-3 1.3493E-2 1.41804E-2 1.46446E-2 1.17588E-2 1.19361E-2 1.22595E-2 1.24653E-2 1.21871E-2 1.71988E-2 1.38315E-2 1.73683E-2 1.41885E-2 1.75355E-2 1.36051E-2 1.38311E-2 1.71132E-2 1.6774E-2 1.70579E-2 1.69799E-2 1.66564E-2 1.66564E-2 -9999 -9999 -9999 -9999 -9999 -9999
