day_2/Results/Podomys_floridanus/projections/2000/RUN_0.asc
ncols         385
nrows         252
xllcorner     -91.50013924285
yllcorner     25.49986064915003
cellsize      0.041666666500000005
NODATA_value  -9999
[rows 84 to 111 of 252, columns 0 to 61 of 385]
1.82133E-2 1.96769E-2 8.84774E-3 1.96769E-2 1.96769E-2 2.12567E-2 2.29619E-2 2.29619E-2 2.4854E-2 2.40517E-2 1.90476E-2 2.301E-2 2.22539E-2 2.05891E-2 2.22539E-2 2.80883E-2 2.45101E-2 2.09715E-2 1.87172E-2 9.19606E-3 1.67045E-2 2.18696E-2 2.55736E-2 2.76514E-2 1.95646E-2 2.4736E-2 1.48715E-2 2.0221E-2 2.68164E-2 2.90099E-2 2.8143E-2 1.55867E-2 1.49019E-2 1.89235E-2 1.49019E-2 1.95646E-2 2.47866E-2 2.04898E-2 6.98065E-3 6.67651E-3 1.61381E-2 1.89235E-2 1.4981E-2 9.19447E-3 7.56655E-3 5.94105E-3 1.23349E-2 6.98065E-3 7.56655E-3 7.56655E-3 8.20143E-3 8.88933E-3 1.22645E-2 8.59201E-3 1.01046E-2 1.01046E-2 2.43705E-2 1.09354E-2 1.32909E-2 1.13169E-2 1.32909E-2 1.00842E-2
8.1863E-3 1.88607E-2 2.03642E-2 2.03642E-2 1.96769E-2 2.12567E-2 2.29619E-2 2.29619E-2 2.48022E-2 2.48022E-2 2.301E-2 2.301E-2 2.301E-2 2.301E-2 2.68439E-2 2.47133E-2 2.95977E-2 1.65465E-2 7.1535E-3 1.31737E-2 1.59808E-2 2.61006E-2 2.36501E-2 2.76514E-2 2.55736E-2 2.11714E-2 1.80786E-2 1.86962E-2 2.18688E-2 2.90099E-2 2.40172E-2 6.98065E-3 1.37598E-2 1.61381E-2 2.11714E-2 2.68164E-2 2.47866E-2 7.23285E-3 7.83538E-3 6.67651E-3 6.67651E-3 1.27721E-2 1.74759E-2 7.83538E-3 1.44558E-2 6.43997E-3 5.94105E-3 5.94105E-3 6.98065E-3 6.98065E-3 8.20143E-3 7.56655E-3 1.2656E-2 1.04421E-2 1.22645E-2 7.92252E-3 7.92252E-3 2.8143E-2 1.13169E-2 1.2656E-2 1.37072E-2 1.04421E-2
1.74304E-2 1.8821E-2 2.03642E-2 1.88607E-2 2.03642E-2 2.19862E-2 2.37358E-2 2.37358E-2 2.37358E-2 2.37358E-2 2.37358E-2 2.37358E-2 2.4854E-2 2.301E-2 3.13062E-2 2.82047E-2 1.71129E-2 1.85098E-2 1.85098E-2 7.09798E-3 1.91269E-2 3.04757E-2 2.36501E-2 2.02218E-2 2.55736E-2 2.55736E-2 1.80786E-2 2.36501E-2 2.0221E-2 2.99563E-2 1.89235E-2 1.81155E-2 1.95646E-2 1.95646E-2 2.55736E-2 2.47866E-2 2.29086E-2 2.11714E-2 2.11714E-2 8.78198E-3 9.52701E-3 7.23285E-3 6.67651E-3 6.43997E-3 5.48067E-3 5.94105E-3 5.48067E-3 5.48067E-3 6.43997E-3 6.43997E-3 8.48788E-3 7.83538E-3 1.1685E-2 1.37072E-2 9.63465E-3 8.88933E-3 1.0788E-2 1.0788E-2 1.37072E-2 1.41326E-2 1.2656E-2 9.95958E-3
8.12443E-3 1.66489E-2 7.85377E-3 7.85377E-3 1.88607E-2 2.19862E-2 2.44778E-2 2.64636E-2 2.37358E-2 2.37358E-2 2.37358E-2 2.56228E-2 2.76577E-2 2.76577E-2 2.96614E-2 1.13896E-2 7.69641E-3 1.06763E-2 1.63673E-2 2.49057E-2 2.33826E-2 2.23464E-2 2.41516E-2 2.61006E-2 1.94518E-2 3.04757E-2 2.55736E-2 2.19144E-2 2.19144E-2 2.36985E-2 1.95646E-2 1.80786E-2 1.87353E-2 2.55736E-2 2.56259E-2 1.80786E-2 1.67386E-2 1.80786E-2 1.80786E-2 1.95646E-2 7.50752E-3 5.68854E-3 8.12821E-3 7.83538E-3 4.66392E-3 6.69013E-3 5.06614E-3 4.30229E-3 5.05587E-3 5.48067E-3 6.69013E-3 8.48788E-3 9.19447E-3 1.0788E-2 9.21321E-3 1.0788E-2 1.30564E-2 1.52968E-2 1.11424E-2 1.45973E-2 1.52968E-2 1.20617E-2
1.80559E-2 2.10257E-2 2.10257E-2 2.10257E-2 1.4323E-2 2.26869E-2 2.44778E-2 2.44778E-2 2.64081E-2 2.44778E-2 2.45293E-2 2.64636E-2 2.85482E-2 2.47346E-2 3.75909E-2 2.90507E-2 2.23464E-2 9.49526E-3 1.69283E-2 2.18454E-2 2.49057E-2 2.30578E-2 3.38735E-2 9.08383E-3 2.09384E-2 2.61006E-2 3.07993E-2 2.76514E-2 2.55736E-2 1.5434E-2 1.86969E-2 1.86969E-2 2.64326E-2 3.08624E-2 2.36985E-2 8.78198E-3 6.93407E-3 6.40427E-3 1.42595E-2 1.73215E-2 1.80786E-2 1.80786E-2 8.78198E-3 5.70016E-3 4.85631E-3 5.68854E-3 6.16282E-3 4.85631E-3 6.16282E-3 5.26139E-3 7.23285E-3 5.70016E-3 7.83538E-3 8.48788E-3 9.19447E-3 1.11424E-2 1.20617E-2 1.20617E-2 2.98953E-2 2.98953E-2 3.23183E-2 2.98953E-2
1.86989E-2 2.01668E-2 2.17487E-2 2.34532E-2 2.26869E-2 2.34532E-2 2.34532E-2 2.52895E-2 2.52895E-2 2.52895E-2 2.72675E-2 2.64636E-2 3.07944E-2 4.16499E-2 2.30578E-2 1.98001E-2 1.57001E-2 1.34189E-2 1.9731E-2 2.56763E-2 2.9914E-2 2.22797E-2 2.68996E-2 2.49572E-2 2.61006E-2 2.26312E-2 2.64326E-2 2.64326E-2 2.02632E-2 1.48036E-2 1.65765E-2 2.23464E-2 2.85045E-2 2.18696E-2 9.84885E-3 1.73542E-2 6.93407E-3 8.41256E-3 6.40427E-3 1.5434E-2 5.91484E-3 1.0444E-2 6.40427E-3 3.52427E-3 5.4627E-3 5.91484E-3 5.4627E-3 5.04504E-3 6.93407E-3 5.91484E-3 7.50752E-3 6.40427E-3 9.50753E-3 8.79998E-3 9.52701E-3 1.02927E-2 1.15289E-2 1.24729E-2 9.50753E-3 8.78198E-3 9.10255E-3 1.06341E-2
9.78092E-3 9.0848E-3 1.48028E-2 2.17487E-2 2.17487E-2 2.34532E-2 2.72675E-2 2.72675E-2 2.34532E-2 2.52895E-2 2.52895E-2 2.72675E-2 3.41621E-2 3.86278E-2 2.77729E-2 1.97592E-2 7.05174E-3 1.62098E-2 2.29251E-2 2.77154E-2 2.04493E-2 2.2078E-2 3.23508E-2 3.23508E-2 3.49104E-2 3.14357E-2 2.26312E-2 1.26733E-2 2.09384E-2 1.65765E-2 1.79199E-2 2.31055E-2 2.44089E-2 2.26312E-2 2.44591E-2 2.26312E-2 9.84885E-3 9.10255E-3 5.91484E-3 5.4627E-3 3.97372E-3 4.30288E-3 6.63985E-3 3.66969E-3 4.64969E-3 6.13596E-3 5.04504E-3 3.97372E-3 6.13596E-3 7.18497E-3 7.49215E-3 5.90272E-3 9.84885E-3 1.0656E-2 1.24729E-2 8.12821E-3 9.84885E-3 1.15289E-2 1.24473E-2 1.3466E-2 1.15052E-2 9.8286E-3
1.7774E-2 9.3875E-3 9.3875E-3 1.7774E-2 2.61211E-2 2.80882E-2 2.81474E-2 2.52895E-2 2.52895E-2 2.34532E-2 2.52895E-2 2.72675E-2 3.7918E-2 3.32834E-2 7.30111E-3 8.50151E-3 2.11141E-2 2.94596E-2 2.86077E-2 2.27822E-2 2.57297E-2 1.89396E-2 2.04493E-2 2.57297E-2 3.00378E-2 2.72572E-2 1.10066E-2 7.45831E-3 1.53331E-2 1.83275E-2 2.31055E-2 2.31055E-2 8.70453E-3 7.44296E-3 1.31196E-2 2.52372E-2 2.26312E-2 9.43239E-3 6.63985E-3 6.13596E-3 4.48325E-3 5.2397E-3 6.37678E-3 4.13419E-3 6.37678E-3 7.18497E-3 4.65924E-3 3.66969E-3 4.13419E-3 7.44296E-3 6.13596E-3 6.13596E-3 1.01788E-2 1.15052E-2 1.15289E-2 8.12821E-3 7.49215E-3 9.10255E-3 1.79232E-2 2.26312E-2 2.61006E-2 1.31245E-2
1.09146E-2 9.3875E-3 2.24432E-2 2.69162E-2 2.80882E-2 2.89869E-2 3.02647E-2 3.03284E-2 2.61211E-2 2.61211E-2 2.81474E-2 3.03284E-2 3.7918E-2 1.236E-2 2.35025E-2 2.73247E-2 1.99249E-2 3.17584E-2 2.65188E-2 7.31634E-3 2.27822E-2 2.65739E-2 1.0736E-2 2.57297E-2 2.78303E-2 2.31055E-2 1.05388E-2 1.59099E-2 7.72413E-3 1.62773E-2 2.38349E-2 9.02287E-3 8.90348E-3 2.13898E-2 2.16302E-2 2.00641E-2 8.04916E-3 6.89645E-3 7.44296E-3 7.44296E-3 4.84181E-3 4.65082E-3 5.44042E-3 6.88225E-3 6.36365E-3 4.47406E-3 4.84181E-3 3.82794E-3 3.5298E-3 6.36365E-3 8.04916E-3 5.2397E-3 8.70453E-3 1.28417E-2 1.39133E-2 1.15289E-2 1.24729E-2 7.79062E-3 8.72247E-3 2.44089E-2 1.13657E-2 9.62259E-3
1.12622E-2 1.12863E-2 2.32027E-2 2.68592E-2 2.89256E-2 2.89869E-2 2.89869E-2 3.12144E-2 2.89869E-2 2.69162E-2 3.36101E-2 3.12144E-2 3.03284E-2 2.81474E-2 3.03284E-2 2.53426E-2 1.95668E-2 2.45805E-2 2.27822E-2 7.90327E-3 6.75874E-3 1.96076E-2 2.86671E-2 9.9605E-3 9.2215E-3 1.16198E-2 8.34838E-3 7.14638E-3 1.75767E-2 1.75404E-2 2.2078E-2 2.04493E-2 2.38842E-2 1.56764E-2 9.75157E-3 6.37678E-3 5.44042E-3 7.72413E-3 7.14638E-3 7.72413E-3 6.11691E-3 4.8433E-3 6.52412E-3 7.72413E-3 4.47406E-3 3.6832E-3 6.36365E-3 3.82009E-3 3.6832E-3 5.58403E-3 7.62186E-3 6.88225E-3 7.62186E-3 1.12387E-2 1.23079E-2 9.41299E-3 1.5497E-2 1.28683E-2 7.18497E-3 2.00229E-2 2.13898E-2 2.38349E-2
2.04083E-2 2.19716E-2 1.16427E-2 2.49385E-2 2.98433E-2 2.98433E-2 2.98433E-2 2.99065E-2 3.12144E-2 3.12144E-2 3.89556E-2 1.37383E-2 7.24777E-3 2.6176E-2 1.23341E-2 8.82647E-3 8.17591E-3 7.30111E-3 8.82647E-3 6.49715E-3 2.18401E-2 2.9521E-2 2.86077E-2 2.86671E-2 1.02862E-2 2.86671E-2 9.2215E-3 7.40338E-3 1.50732E-2 1.56001E-2 2.46316E-2 9.2215E-3 8.53709E-3 9.02287E-3 7.14638E-3 5.04058E-3 5.65903E-3 7.70814E-3 5.23534E-3 6.52412E-3 4.8433E-3 1.62773E-2 6.77284E-3 6.6117E-3 3.9838E-3 4.1449E-3 6.6117E-3 3.14823E-3 4.8433E-3 5.80363E-3 6.03586E-3 6.10424E-3 9.20232E-3 8.90348E-3 1.22825E-2 9.02287E-3 1.12387E-2 1.65576E-2 1.28683E-2 6.37678E-3 1.69635E-2 2.2078E-2
2.10323E-2 1.35035E-2 1.25388E-2 1.25388E-2 2.19716E-2 2.98433E-2 3.21174E-2 3.21174E-2 3.21174E-2 3.45618E-2 4.31328E-2 1.18184E-2 1.01655E-2 1.17935E-2 1.18184E-2 2.81474E-2 2.81474E-2 2.81474E-2 2.82065E-2 3.2744E-2 1.02862E-2 5.58526E-3 1.81697E-2 8.82647E-3 1.96076E-2 2.28296E-2 2.28769E-2 7.41874E-3 1.19664E-2 1.56001E-2 2.53955E-2 1.11037E-2 6.77284E-3 7.99727E-3 7.31634E-3 5.23534E-3 5.3722E-3 1.33257E-2 6.26959E-3 8.17591E-3 1.75404E-2 5.80363E-3 6.26959E-3 5.65903E-3 2.91059E-3 4.97277E-3 7.90327E-3 4.1449E-3 4.2606E-3 6.25654E-3 7.30111E-3 8.17591E-3 9.93979E-3 7.90327E-3 1.07584E-2 7.70814E-3 9.9605E-3 1.57741E-2 1.41821E-2 8.70453E-3 5.88401E-3 1.89396E-2
1.29238E-2 1.29515E-2 1.29515E-2 2.26784E-2 1.39398E-2 2.86171E-2 3.31078E-2 3.56061E-2 3.82892E-2 3.7267E-2 3.21854E-2 2.15862E-2 3.21854E-2 9.75976E-3 8.74269E-3 2.00387E-2 2.15862E-2 2.2538E-2 7.83681E-3 1.49639E-2 2.82653E-2 9.84319E-3 8.82647E-3 9.52855E-3 9.52855E-3 8.53709E-3 8.01385E-3 5.23534E-3 4.66747E-3 4.60296E-3 1.87776E-2 1.33337E-2 6.26959E-3 8.17591E-3 7.02924E-3 6.26959E-3 5.17297E-3 7.57312E-3 1.55236E-2 8.19296E-3 5.65903E-3 4.8433E-3 4.48054E-3 4.60296E-3 4.2606E-3 5.57363E-3 6.26959E-3 3.54703E-3 3.16446E-3 1.33635E-2 9.50863E-3 8.82647E-3 5.80363E-3 6.77284E-3 1.19858E-2 8.53709E-3 1.11037E-2 1.62668E-2 1.13892E-2 1.13657E-2 7.72413E-3 7.31634E-3
1.24063E-2 1.33457E-2 1.43557E-2 1.43557E-2 1.49708E-2 2.43997E-2 3.65947E-2 4.42628E-2 3.46348E-2 1.21879E-2 2.32518E-2 6.97174E-3 1.72656E-2 2.20184E-2 1.04955E-2 1.04955E-2 9.42741E-3 1.0961E-2 9.12322E-3 5.36865E-3 1.54876E-2 2.2538E-2 2.42898E-2 2.82653E-2 9.52855E-3 9.5484E-3 6.86766E-3 5.44747E-3 4.97277E-3 4.43725E-3 1.28593E-2 2.2538E-2 7.85324E-3 7.85324E-3 6.74529E-3 7.85324E-3 5.16219E-3 1.87776E-2 1.1481E-2 7.31634E-3 8.01385E-3 4.15347E-3 4.32032E-3 4.2606E-3 9.81492E-3 7.01461E-3 6.51071E-3 3.94365E-3 3.52479E-3 6.73117E-3 9.52855E-3 4.97277E-3 4.97277E-3 7.01461E-3 8.17591E-3 1.10805E-2 1.02862E-2 1.5072E-2 1.07584E-2 1.39643E-2 1.16198E-2 6.77284E-3
1.07202E-2 1.24063E-2 1.24063E-2 1.33457E-2 1.43557E-2 2.69975E-2 4.22624E-2 2.10918E-2 1.22137E-2 2.6973E-2 8.76112E-3 5.9946E-3 1.92597E-2 2.06922E-2 2.23241E-2 2.23241E-2 2.58696E-2 2.15862E-2 1.3161E-2 4.61042E-3 5.57024E-3 9.42741E-3 6.47843E-3 2.2538E-2 1.1481E-2 9.5484E-3 5.58526E-3 6.51071E-3 7.27829E-3 5.17297E-3 4.27237E-3 6.47843E-3 1.01655E-2 8.76112E-3 8.76112E-3 9.44727E-3 2.25851E-2 9.84319E-3 7.58891E-3 7.58891E-3 5.88492E-3 4.66747E-3 4.2606E-3 5.17297E-3 3.52479E-3 1.3901E-2 8.45569E-3 3.80597E-3 5.35741E-3 8.76112E-3 9.14234E-3 4.2606E-3 4.78106E-3 8.45569E-3 7.27829E-3 1.06197E-2 9.84319E-3 1.33337E-2 1.43835E-2 1.19858E-2 1.67355E-2 1.03076E-2
1.03114E-2 1.192E-2 1.192E-2 1.28155E-2 1.48119E-2 3.65947E-2 5.01119E-2 2.16969E-2 1.52799E-2 7.53414E-3 6.98644E-3 8.06664E-3 8.06664E-3 1.78876E-2 8.68876E-3 8.06664E-3 1.16924E-2 6.22755E-3 1.13342E-2 5.57024E-3 1.05647E-2 1.86403E-2 6.98644E-3 6.47843E-3 2.43406E-2 1.18433E-2 6.03031E-3 5.58526E-3 5.37986E-3 4.97515E-3 5.57024E-3 5.77785E-3 1.00799E-2 1.05177E-2 1.13342E-2 1.78867E-2 9.14234E-3 7.58891E-3 7.02924E-3 6.86766E-3 5.44747E-3 3.99894E-3 5.17297E-3 7.85324E-3 4.16087E-3 4.27237E-3 5.36865E-3 6.98644E-3 6.47843E-3 7.51829E-3 1.18184E-2 5.16219E-3 5.79319E-3 8.76112E-3 8.12459E-3 9.42741E-3 1.09841E-2 1.27425E-2 1.37672E-2 1.236E-2 1.67355E-2 1.55154E-2
1.02891E-2 1.14381E-2 1.18943E-2 1.27879E-2 1.37779E-2 2.78183E-2 4.66727E-2 1.74134E-2 1.08564E-2 1.35611E-2 1.35611E-2 9.37845E-3 6.22755E-3 8.06664E-3 8.06664E-3 1.78876E-2 9.05616E-3 5.36054E-3 2.40829E-2 6.98644E-3 6.47843E-3 5.57024E-3 4.79912E-3 4.78906E-3 2.16316E-2 8.12459E-3 4.97515E-3 7.53414E-3 7.54994E-3 4.28129E-3 4.12585E-3 5.36054E-3 1.00799E-2 1.13342E-2 1.09841E-2 6.03031E-3 6.03031E-3 6.60563E-3 5.88492E-3 5.44747E-3 5.66673E-3 4.86096E-3 4.43725E-3 1.49952E-2 6.2512E-3 3.80597E-3 3.66868E-3 5.9946E-3 7.79689E-3 7.79689E-3 1.05177E-2 6.98644E-3 8.74269E-3 7.53414E-3 7.51829E-3 1.13342E-2 1.22137E-2 1.05177E-2 1.52799E-2 1.41812E-2 1.72131E-2 1.48424E-2
9.90538E-3 1.06443E-2 1.06443E-2 1.32063E-2 2.2368E-2 3.26534E-2 3.50787E-2 3.17418E-2 3.41197E-2 1.1203E-2 2.66589E-2 1.30068E-2 8.70717E-3 8.68876E-3 4.61396E-3 1.66124E-2 7.79689E-3 9.42436E-3 1.73021E-2 6.01986E-3 3.96733E-3 3.15674E-3 3.40667E-3 4.12585E-3 1.49362E-2 1.05399E-2 4.97515E-3 6.47843E-3 8.42078E-3 5.16494E-3 4.98379E-3 5.57386E-3 1.04298E-2 1.46038E-2 9.46706E-3 5.80528E-3 7.27829E-3 7.86961E-3 6.03031E-3 7.02924E-3 5.17297E-3 6.75936E-3 3.52479E-3 1.23849E-2 9.44727E-3 5.79319E-3 4.27237E-3 3.66868E-3 5.36054E-3 9.35862E-3 9.75976E-3 5.9946E-3 9.75976E-3 8.40307E-3 7.23428E-3 1.25924E-2 9.05616E-3 1.25924E-2 1.35611E-2 1.69339E-2 1.76996E-2 1.48113E-2
9.21751E-3 9.90538E-3 1.10089E-2 2.79956E-2 2.91886E-2 1.38075E-2 8.98175E-3 1.8857E-2 7.76693E-3 2.95896E-2 9.68918E-3 2.14519E-2 2.48326E-2 1.01012E-2 4.28957E-3 9.79303E-3 6.72629E-3 4.44047E-3 5.17578E-3 5.17578E-3 5.17578E-3 4.28129E-3 3.15674E-3 3.04902E-3 6.24069E-3 7.81333E-3 4.79912E-3 4.12585E-3 6.96714E-3 8.68876E-3 6.46789E-3 6.9524E-3 1.04077E-2 1.5035E-2 8.14162E-3 5.37986E-3 8.12459E-3 9.46706E-3 7.85324E-3 6.75936E-3 4.98554E-3 6.74529E-3 4.28129E-3 3.67635E-3 6.72629E-3 9.75976E-3 6.00725E-3 4.78906E-3 4.6237E-3 1.54273E-2 1.08564E-2 8.68876E-3 1.08564E-2 5.77785E-3 8.68876E-3 1.00799E-2 1.00799E-2 1.25924E-2 1.08564E-2 1.74134E-2 1.82335E-2 1.57593E-2
8.86718E-3 1.02506E-2 2.21366E-2 1.11106E-2 6.45173E-3 1.15822E-2 6.70157E-3 2.55987E-2 8.36127E-3 9.68918E-3 9.68918E-3 1.99364E-2 8.08374E-3 7.50478E-3 6.24069E-3 3.82545E-3 3.28855E-3 3.28855E-3 5.37186E-3 5.38313E-3 4.12585E-3 4.4498E-3 3.29543E-3 4.12585E-3 5.37186E-3 7.24954E-3 4.12585E-3 4.98379E-3 6.96714E-3 7.48891E-3 7.76693E-3 6.70157E-3 1.07663E-2 1.5035E-2 1.08794E-2 7.24954E-3 1.17171E-2 7.54994E-3 5.59359E-3 7.0011E-3 5.58193E-3 7.54994E-3 6.01986E-3 4.4498E-3 4.98379E-3 8.70717E-3 1.01012E-2 5.79005E-3 5.77785E-3 5.17419E-3 1.98943E-2 1.04077E-2 1.20586E-2 8.08374E-3 7.48891E-3 1.1203E-2 1.1203E-2 1.39696E-2 1.20586E-2 1.61809E-2 1.74504E-2 1.57261E-2
8.55625E-3 1.13584E-2 1.46416E-2 6.94183E-3 8.31232E-3 1.00075E-2 3.71987E-3 1.97756E-2 1.24596E-2 1.20843E-2 1.01012E-2 4.98379E-3 4.63341E-3 4.6237E-3 7.24954E-3 3.54687E-3 3.43215E-3 3.43215E-3 4.81325E-3 5.38313E-3 3.54687E-3 3.04902E-3 3.54687E-3 4.12585E-3 4.29858E-3 4.99426E-3 4.99426E-3 4.98379E-3 6.46789E-3 6.00431E-3 6.70157E-3 6.22484E-3 1.00075E-2 1.3403E-2 1.39993E-2 8.70717E-3 1.17171E-2 7.26474E-3 4.79912E-3 7.24954E-3 8.42078E-3 6.24069E-3 7.24954E-3 5.37186E-3 6.96714E-3 6.46789E-3 9.68918E-3 8.70717E-3 5.17419E-3 6.9524E-3 6.22484E-3 1.75332E-2 1.3403E-2 1.1203E-2 6.4542E-3 1.2433E-2 1.3403E-2 1.24596E-2 1.44173E-2 1.79399E-2 1.61809E-2 1.5035E-2
7.97075E-3 1.05822E-2 9.92681E-3 7.73024E-3 8.95717E-3 8.0532E-3 3.71987E-3 1.21763E-2 8.03608E-3 1.16068E-2 6.48154E-3 4.28957E-3 3.57359E-3 5.38182E-3 7.78339E-3 4.468E-3 3.57359E-3 3.56606E-3 7.21468E-3 4.468E-3 3.18399E-3 3.97953E-3 5.37186E-3 4.63341E-3 4.63341E-3 4.29858E-3 4.63341E-3 4.29858E-3 5.18511E-3 5.17419E-3 8.66442E-3 7.48494E-3 8.646E-3 1.38075E-2 1.16068E-2 6.23804E-3 1.30068E-2 8.70717E-3 5.37186E-3 8.37899E-3 1.12505E-2 5.58563E-3 8.37899E-3 6.46789E-3 7.76693E-3 8.36127E-3 7.21468E-3 1.3403E-2 6.46789E-3 5.57386E-3 4.99874E-3 7.46902E-3 1.24596E-2 8.646E-3 1.15822E-2 1.19456E-2 1.3403E-2 1.28431E-2 1.84383E-2 1.44173E-2 1.20843E-2 1.20586E-2
8.86535E-3 1.13584E-2 6.92507E-3 9.92681E-3 9.63119E-3 5.78192E-3 3.20873E-3 3.99666E-3 6.95663E-3 5.79418E-3 5.38182E-3 5.79418E-3 3.45488E-3 5.18998E-3 8.0532E-3 3.31711E-3 2.45712E-3 6.00892E-3 4.45858E-3 3.31711E-3 3.07901E-3 5.57386E-3 4.81325E-3 3.98789E-3 5.18511E-3 6.01698E-3 5.38313E-3 4.81325E-3 5.57386E-3 7.76693E-3 6.71578E-3 4.99874E-3 7.20418E-3 2.00919E-2 1.48437E-2 9.32181E-3 9.00088E-3 7.22998E-3 8.36127E-3 1.04298E-2 6.98184E-3 4.81325E-3 4.45858E-3 7.48494E-3 8.646E-3 1.07663E-2 7.48494E-3 1.00075E-2 1.15822E-2 1.00288E-2 5.78192E-3 6.94183E-3 1.38075E-2 7.46902E-3 8.95717E-3 1.48437E-2 9.302E-3 1.19456E-2 1.98186E-2 1.71899E-2 1.3403E-2 1.55077E-2
8.26349E-3 1.06052E-2 8.29167E-3 8.61426E-3 5.18998E-3 4.82327E-3 3.20873E-3 5.18998E-3 4.4824E-3 4.82327E-3 8.33013E-3 5.18998E-3 6.22995E-3 5.3871E-3 6.00892E-3 2.9801E-3 2.76773E-3 7.7468E-3 4.31225E-3 5.201E-3 6.46549E-3 5.79418E-3 3.84987E-3 3.84987E-3 4.468E-3 5.58563E-3 5.58563E-3 4.81325E-3 6.71578E-3 6.23804E-3 6.23804E-3 6.00892E-3 7.20418E-3 8.01569E-3 1.46732E-2 1.42509E-2 8.66442E-3 8.646E-3 1.15822E-2 9.01995E-3 5.58563E-3 4.81325E-3 4.64285E-3 6.46549E-3 7.46902E-3 9.63119E-3 1.03557E-2 8.33013E-3 9.63119E-3 1.28705E-2 7.48494E-3 6.94183E-3 1.23436E-2 1.28705E-2 6.94183E-3 1.32632E-2 1.11343E-2 9.61062E-3 3.07725E-2 1.59571E-2 1.71533E-2 1.59912E-2
7.68551E-3 1.05822E-2 4.83922E-3 4.65802E-3 5.00935E-3 3.59741E-3 3.48202E-3 6.22995E-3 4.33128E-3 6.00822E-3 9.25733E-3 5.02004E-3 3.34303E-3 5.59021E-3 6.22995E-3 4.33128E-3 6.93999E-3 6.69944E-3 5.18998E-3 4.49192E-3 4.64285E-3 4.65266E-3 4.01361E-3 4.65266E-3 4.32136E-3 6.71578E-3 7.22998E-3 6.2512E-3 5.80641E-3 5.80641E-3 5.38182E-3 6.02167E-3 5.59635E-3 5.02004E-3 2.43513E-2 1.36643E-2 1.14874E-2 1.03557E-2 7.76331E-3 1.03777E-2 8.66442E-3 7.22998E-3 4.31225E-3 4.8335E-3 5.18998E-3 7.20418E-3 9.25733E-3 1.14874E-2 9.94817E-3 1.23436E-2 1.06903E-2 7.7468E-3 1.36643E-2 1.53115E-2 8.33013E-3 1.23172E-2 1.64151E-2 8.95717E-3 1.23172E-2 1.95031E-2 1.76731E-2 1.53115E-2
8.26349E-3 6.22948E-3 3.89722E-3 4.1889E-3 3.74482E-3 3.23764E-3 6.45737E-3 3.74482E-3 4.83922E-3 7.71982E-3 8.01569E-3 5.00935E-3 2.88689E-3 4.1889E-3 8.9057E-3 8.01569E-3 5.80562E-3 3.11321E-3 5.3986E-3 6.00892E-3 4.64285E-3 3.46218E-3 3.45488E-3 4.49192E-3 5.201E-3 7.5008E-3 6.97138E-3 5.80641E-3 6.72995E-3 5.80641E-3 6.02167E-3 6.4792E-3 6.46549E-3 3.87932E-3 5.6022E-3 1.14077E-2 1.27243E-2 1.02949E-2 1.06903E-2 9.96946E-3 5.5845E-3 1.07131E-2 8.66442E-3 5.201E-3 4.8335E-3 5.02004E-3 7.47453E-3 8.61426E-3 8.01569E-3 1.18485E-2 1.46732E-2 9.25733E-3 1.18485E-2 1.69181E-2 9.25733E-3 1.27243E-2 1.57561E-2 1.36936E-2 9.25733E-3 2.0072E-2 1.32632E-2 1.36936E-2
7.97034E-3 4.05475E-3 4.53777E-3 4.35571E-3 6.01486E-3 6.93186E-3 7.18725E-3 4.68905E-3 5.79943E-3 9.22445E-3 6.00822E-3 5.59021E-3 3.6336E-3 8.00539E-3 8.30953E-3 5.3986E-3 4.82327E-3 3.35013E-3 3.60505E-3 4.49192E-3 3.87932E-3 4.17442E-3 3.60505E-3 3.87932E-3 5.3986E-3 7.21954E-3 5.59635E-3 6.02167E-3 6.97138E-3 7.23485E-3 8.97625E-3 6.4792E-3 4.8335E-3 5.3986E-3 5.21237E-3 5.81193E-3 9.90158E-3 1.22441E-2 1.02728E-2 8.01569E-3 8.92487E-3 1.06903E-2 8.97625E-3 6.71372E-3 6.71372E-3 6.24323E-3 5.3986E-3 6.47122E-3 7.20274E-3 8.9057E-3 1.22441E-2 1.31414E-2 1.31414E-2 2.00289E-2 1.10565E-2 8.92487E-3 1.62092E-2 1.4104E-2 1.31414E-2 2.00289E-2 1.36643E-2 1.31414E-2
6.46484E-3 6.94738E-3 5.8127E-3 7.70233E-3 7.70233E-3 8.26349E-3 9.51083E-3 8.86535E-3 1.02253E-2 8.00539E-3 7.45745E-3 8.57486E-3 8.57486E-3 8.9057E-3 6.47122E-3 6.95487E-3 3.87932E-3 3.60505E-3 3.60505E-3 3.60505E-3 3.60505E-3 4.8335E-3 3.60505E-3 3.60505E-3 4.66796E-3 8.04997E-3 6.24323E-3 6.71372E-3 7.21954E-3 9.99068E-3 7.76331E-3 6.72796E-3 5.81794E-3 4.66796E-3 6.0211E-3 3.64136E-3 4.36511E-3 1.02253E-2 1.1767E-2 1.06281E-2 9.58557E-3 7.75302E-3 6.47122E-3 6.47122E-3 1.02949E-2 9.27715E-3 8.03286E-3 6.95487E-3 5.21237E-3 6.70573E-3 8.59342E-3 1.09692E-2 1.5577E-2 2.06078E-2 1.31414E-2 9.90158E-3 1.09692E-2 1.92165E-2 1.26224E-2 2.06078E-2 1.22441E-2 1.5577E-2
