day_2/Results/Podomys_floridanus/projections/2000/RUN_3.asc
ncols         385
nrows         252
xllcorner     -91.50013924285
yllcorner     25.49986064915003
cellsize      0.041666666500000005
NODATA_value  -9999
[rows 84 to 111 of 252, columns 124 to 185 of 385]
5.87802E-2 5.47539E-2 6.38204E-2 3.5008E-2 3.45556E-2 2.61009E-2 3.30422E-2 2.61009E-2 7.77978E-2 8.60651E-2 5.7157E-2 8.60651E-2 8.49242E-2 8.65286E-2 8.65286E-2 8.28253E-2 9.26073E-2 6.71967E-2 2.45143E-2 9.07018E-2 2.94986E-2 3.23187E-2 2.90486E-2 8.94384E-2 3.74872E-2 3.58161E-2 5.5243E-2 3.03313E-2 3.66877E-2 6.71967E-2 8.06723E-2 3.21949E-2 3.53308E-2 3.38258E-2 8.70749E-2 8.80652E-2 4.55594E-2 8.97342E-2 3.46606E-2 8.18776E-2 7.37436E-2 8.55858E-2 8.06838E-2 8.31504E-2 8.71741E-2 2.67888E-2 6.12464E-2 6.76688E-2 3.03549E-2 3.5281E-2 9.00334E-2 8.09171E-2 4.62866E-2 3.27082E-2 3.46606E-2 4.49559E-2 1.09467E-1 9.12159E-2 3.57464E-2 3.9022E-2 3.57464E-2 3.78317E-2
5.37777E-2 5.87802E-2 5.54939E-2 6.04238E-2 6.65729E-2 1.03178E-1 4.30517E-2 8.99529E-2 5.47539E-2 5.61488E-2 8.98142E-2 3.20617E-2 2.63309E-2 2.7767E-2 2.53306E-2 3.07697E-2 8.86942E-2 3.3283E-2 2.86156E-2 8.8067E-2 4.16359E-2 4.16359E-2 3.98082E-2 8.31918E-2 9.07018E-2 9.19759E-2 8.42987E-2 8.80652E-2 9.09894E-2 9.48143E-2 3.52886E-2 2.81333E-2 3.73711E-2 3.68952E-2 8.55043E-2 3.21696E-2 3.36172E-2 3.51226E-2 3.31658E-2 3.46606E-2 3.42023E-2 3.73522E-2 8.45628E-2 7.26206E-2 3.48191E-2 7.95014E-2 2.90804E-2 8.81858E-2 7.87053E-2 2.9499E-2 3.42023E-2 4.84369E-2 4.29827E-2 2.99215E-2 3.62153E-2 4.12579E-2 9.34927E-2 9.12159E-2 3.27181E-2 3.42023E-2 3.46606E-2 3.62153E-2
5.61488E-2 2.84433E-2 7.89707E-2 5.62819E-2 5.244E-2 5.54939E-2 5.6907E-2 5.54939E-2 5.61488E-2 4.12829E-2 3.77768E-2 8.60651E-2 8.98142E-2 4.25347E-2 4.06901E-2 3.20617E-2 3.37201E-2 9.0351E-2 8.86942E-2 8.93214E-2 9.19759E-2 9.19759E-2 7.94853E-2 8.06723E-2 3.36612E-2 3.0778E-2 9.09894E-2 3.23781E-2 4.64857E-2 3.53308E-2 9.32608E-2 7.49643E-2 4.12044E-2 9.14207E-2 3.23781E-2 3.0778E-2 3.0778E-2 8.97342E-2 3.03478E-2 8.84896E-2 3.22384E-2 7.8933E-2 7.95014E-2 7.75506E-2 3.04291E-2 3.5281E-2 8.43625E-2 3.22384E-2 3.08586E-2 3.12918E-2 3.27181E-2 3.57464E-2 2.99215E-2 3.31658E-2 4.0005E-2 1.09467E-1 5.35665E-2 3.73522E-2 3.27181E-2 3.27181E-2 3.12918E-2 3.27082E-2
2.00925E-2 3.40182E-2 3.25397E-2 3.77768E-2 5.38774E-2 5.38774E-2 5.62819E-2 5.62819E-2 8.72369E-2 7.60279E-2 8.60651E-2 9.38942E-2 6.97038E-2 8.99529E-2 9.38942E-2 9.38942E-2 8.49242E-2 7.77978E-2 8.86942E-2 8.86942E-2 9.32608E-2 9.19759E-2 2.99532E-2 7.26956E-2 3.37201E-2 7.05945E-2 7.38241E-2 7.49643E-2 8.34342E-2 3.09859E-2 3.53308E-2 8.7758E-2 3.90067E-2 8.92535E-2 8.55043E-2 8.92535E-2 3.66877E-2 4.0005E-2 9.88438E-2 9.75997E-2 6.1417E-2 3.18339E-2 8.09171E-2 7.87053E-2 3.17729E-2 3.22741E-2 3.5281E-2 8.81858E-2 8.34925E-2 8.72556E-2 3.22384E-2 2.99215E-2 3.31658E-2 3.46606E-2 4.0005E-2 4.12579E-2 5.42481E-2 3.73522E-2 3.95119E-2 5.35665E-2 8.94384E-2 2.9499E-2
5.93858E-2 5.93858E-2 5.61488E-2 5.61488E-2 5.37777E-2 5.62819E-2 9.51916E-2 5.62819E-2 5.45193E-2 5.61488E-2 8.72369E-2 9.51916E-2 8.60651E-2 3.25397E-2 2.8002E-2 7.89707E-2 9.38942E-2 3.7484E-2 2.53306E-2 7.38241E-2 8.06723E-2 3.04127E-2 3.86233E-2 8.42987E-2 8.55043E-2 8.92535E-2 8.55043E-2 8.55043E-2 8.93214E-2 8.93214E-2 8.67646E-2 3.28232E-2 4.07053E-2 4.24688E-2 4.07053E-2 5.80407E-2 9.19312E-2 8.96905E-2 3.62153E-2 3.9022E-2 8.95347E-2 3.37476E-2 3.85355E-2 8.06838E-2 3.03549E-2 2.9499E-2 3.42023E-2 3.42023E-2 3.57464E-2 3.73522E-2 3.42023E-2 3.27181E-2 3.17288E-2 3.17288E-2 4.0005E-2 4.12579E-2 5.42481E-2 4.12579E-2 4.12579E-2 4.07578E-2 8.73496E-2 3.27181E-2
5.96044E-2 5.6907E-2 5.93858E-2 5.93858E-2 5.86112E-2 4.00042E-2 3.83459E-2 8.37078E-2 9.12224E-2 5.45193E-2 5.87802E-2 8.72369E-2 9.51916E-2 9.51916E-2 9.38942E-2 8.61544E-2 8.99529E-2 9.38942E-2 8.93214E-2 8.5526E-2 8.93214E-2 8.93214E-2 8.93214E-2 8.98142E-2 8.98142E-2 9.77331E-2 9.77331E-2 1.0191E-1 1.0191E-1 9.37023E-2 8.39607E-2 3.28232E-2 3.28232E-2 4.29776E-2 4.61987E-2 1.11491E-1 1.07518E-1 4.17611E-2 4.12579E-2 9.34927E-2 8.00391E-2 3.37476E-2 4.02608E-2 9.34927E-2 7.8933E-2 8.72556E-2 3.22384E-2 3.08082E-2 3.08082E-2 2.99215E-2 2.99215E-2 3.27181E-2 3.27181E-2 2.99215E-2 3.83145E-2 4.35851E-2 3.78317E-2 3.95119E-2 3.95119E-2 3.9022E-2 3.73522E-2 3.12918E-2
2.55766E-2 5.70872E-2 5.6907E-2 5.62819E-2 5.45193E-2 5.61488E-2 3.30225E-2 8.73957E-2 8.37078E-2 8.73957E-2 8.8648E-2 9.25026E-2 9.12224E-2 8.73957E-2 8.73957E-2 8.99529E-2 8.61544E-2 7.77978E-2 7.49643E-2 8.0474E-2 4.65592E-2 9.38942E-2 9.38942E-2 8.99529E-2 9.10108E-2 9.38942E-2 9.65749E-2 1.00679E-1 5.83303E-2 1.06237E-1 8.5526E-2 3.28232E-2 3.78504E-2 4.12044E-2 4.24688E-2 4.1963E-2 1.05689E-1 1.01877E-1 1.13493E-1 9.34927E-2 8.36253E-2 3.42023E-2 4.07578E-2 9.52282E-2 3.08586E-2 3.73522E-2 9.52282E-2 8.73496E-2 8.20497E-2 2.9499E-2 3.42023E-2 3.27181E-2 3.27181E-2 3.31658E-2 3.83145E-2 4.35851E-2 4.12579E-2 3.78317E-2 4.12579E-2 4.12579E-2 3.95119E-2 3.62153E-2
4.6047E-2 5.96044E-2 5.45193E-2 5.96044E-2 5.70872E-2 5.87802E-2 9.51916E-2 8.37078E-2 8.37078E-2 7.67336E-2 8.0155E-2 8.37078E-2 9.12224E-2 8.73957E-2 7.55778E-2 7.89707E-2 7.44337E-2 2.67792E-2 5.88837E-2 6.26624E-2 6.74646E-2 8.0474E-2 9.28756E-2 9.51916E-2 8.87914E-2 9.49233E-2 9.51916E-2 5.13537E-2 4.29776E-2 1.2151E-1 3.2742E-2 3.78504E-2 4.12044E-2 9.43631E-2 1.02626E-1 1.05689E-1 4.35851E-2 4.54789E-2 1.1828E-1 8.85157E-2 3.9022E-2 3.73522E-2 3.9022E-2 3.68762E-2 9.12159E-2 3.08586E-2 3.73522E-2 3.73522E-2 3.57464E-2 8.73496E-2 4.49372E-2 3.12918E-2 3.27181E-2 3.17288E-2 3.31658E-2 4.54789E-2 4.30719E-2 3.78317E-2 4.12579E-2 4.12579E-2 3.95119E-2 3.46606E-2
5.70872E-2 5.70872E-2 8.73957E-2 8.37078E-2 8.37078E-2 9.51916E-2 9.12224E-2 8.37078E-2 7.23126E-2 7.55778E-2 8.0155E-2 7.67336E-2 8.37078E-2 8.61544E-2 2.82066E-2 2.41864E-2 2.27023E-2 2.27023E-2 1.97106E-2 5.37009E-2 6.26624E-2 3.89708E-2 4.32553E-2 4.51209E-2 8.72369E-2 9.51916E-2 1.00679E-1 7.05877E-2 8.99529E-2 3.78504E-2 4.29776E-2 4.48175E-2 1.09331E-1 4.24688E-2 4.42993E-2 4.61987E-2 4.60047E-2 4.35851E-2 4.69122E-2 8.57216E-2 3.27181E-2 4.30719E-2 1.03128E-1 3.9022E-2 4.07578E-2 8.95347E-2 4.49372E-2 3.73522E-2 3.9022E-2 4.07578E-2 9.64438E-2 3.27181E-2 3.57464E-2 2.99215E-2 3.17288E-2 4.17611E-2 4.35851E-2 4.17611E-2 4.35851E-2 4.17611E-2 4.17611E-2 3.95119E-2
5.45193E-2 5.96044E-2 8.72369E-2 2.71846E-2 8.0155E-2 8.0155E-2 8.37078E-2 7.55778E-2 6.61501E-2 6.91712E-2 6.91712E-2 6.91712E-2 8.73957E-2 3.61254E-2 2.82066E-2 2.90627E-2 2.7767E-2 7.38241E-2 3.37201E-2 2.67792E-2 6.85716E-2 7.28287E-2 3.17821E-2 7.23126E-2 4.98503E-2 9.49233E-2 1.01926E-1 1.12031E-1 4.12176E-2 9.10108E-2 4.17066E-2 6.96668E-2 1.12031E-1 1.09331E-1 9.60304E-2 4.05013E-2 4.35851E-2 9.47119E-2 8.85157E-2 9.64438E-2 3.27181E-2 3.42023E-2 4.54789E-2 3.95119E-2 1.15439E-1 9.88438E-2 1.0063E-1 4.49372E-2 3.42023E-2 4.30719E-2 5.84048E-2 9.64438E-2 3.57464E-2 3.57464E-2 3.17288E-2 3.66877E-2 4.60047E-2 4.35851E-2 4.35851E-2 4.35851E-2 4.35851E-2 4.17611E-2
5.56697E-2 9.25026E-2 3.45389E-2 3.15519E-2 7.55778E-2 8.61544E-2 2.86511E-2 2.6951E-2 2.3481E-2 2.20374E-2 2.00633E-2 1.94844E-2 7.23126E-2 2.6951E-2 8.18706E-2 2.53306E-2 8.18706E-2 7.49643E-2 8.5526E-2 2.459E-2 7.95322E-2 8.99529E-2 9.51916E-2 9.51916E-2 9.51916E-2 9.61528E-2 1.06199E-1 6.41627E-2 1.08827E-1 1.00231E-1 4.34893E-2 4.92444E-2 1.24819E-1 1.20989E-1 3.13893E-2 9.59397E-2 1.0624E-1 1.13493E-1 1.03128E-1 1.0063E-1 8.85157E-2 3.62153E-2 4.35851E-2 4.35851E-2 1.15439E-1 4.12579E-2 9.88438E-2 4.69703E-2 3.46606E-2 3.62153E-2 4.49559E-2 1.1076E-1 5.42481E-2 4.12579E-2 3.95119E-2 3.83145E-2 4.60047E-2 4.35851E-2 4.17611E-2 4.17611E-2 4.17611E-2 4.35851E-2
8.37078E-2 2.84433E-2 3.61254E-2 2.97542E-2 2.5746E-2 3.45389E-2 3.94952E-2 3.0877E-2 8.67646E-2 3.22955E-2 2.82066E-2 2.5746E-2 2.459E-2 2.6951E-2 3.58355E-2 3.12729E-2 7.49643E-2 7.83514E-2 8.67646E-2 6.85716E-2 7.70324E-2 8.16585E-2 4.93393E-2 4.57461E-2 4.98503E-2 9.38147E-2 9.77993E-2 4.17066E-2 1.24239E-1 1.00231E-1 4.53385E-2 1.35092E-1 1.20989E-1 1.10176E-1 1.00096E-1 6.24159E-2 4.35851E-2 1.1076E-1 5.91147E-2 1.15439E-1 9.36064E-2 3.46606E-2 4.55603E-2 3.51226E-2 4.74447E-2 1.08869E-1 9.88438E-2 9.24069E-2 3.78317E-2 3.62153E-2 4.54789E-2 4.35851E-2 3.95119E-2 3.83145E-2 4.0005E-2 4.22675E-2 4.41012E-2 4.79798E-2 4.54789E-2 4.35851E-2 4.54789E-2 4.74447E-2
7.23126E-2 2.97542E-2 3.15519E-2 9.12224E-2 3.61254E-2 9.12224E-2 6.67174E-2 3.32557E-2 8.24949E-2 8.61544E-2 8.24949E-2 7.89707E-2 7.89707E-2 7.89707E-2 2.5746E-2 6.96658E-2 7.61162E-2 8.61544E-2 3.27322E-2 2.60041E-2 2.83617E-2 7.55778E-2 8.16585E-2 9.12224E-2 9.12224E-2 9.51916E-2 9.22162E-2 8.72369E-2 9.77993E-2 2.77074E-2 3.1392E-2 1.26493E-1 1.05689E-1 1.19632E-1 1.18088E-1 1.1676E-1 1.14823E-1 6.31476E-2 4.79798E-2 6.50997E-2 9.88438E-2 4.9737E-2 5.42481E-2 8.96905E-2 3.66877E-2 4.54789E-2 1.13493E-1 1.01877E-1 4.0005E-2 3.83145E-2 4.35851E-2 4.35851E-2 4.17611E-2 3.83145E-2 3.83145E-2 4.05013E-2 4.05013E-2 4.60047E-2 4.79798E-2 4.60047E-2 4.60047E-2 4.54789E-2
2.49984E-2 8.37078E-2 2.88895E-2 8.0155E-2 8.8648E-2 2.88895E-2 2.49984E-2 7.23126E-2 7.34397E-2 7.34397E-2 7.67336E-2 8.0155E-2 7.23126E-2 2.90096E-2 6.96658E-2 6.66238E-2 7.89707E-2 8.30804E-2 2.41864E-2 2.41864E-2 2.8054E-2 2.20374E-2 7.61162E-2 9.28756E-2 9.77993E-2 1.08827E-1 4.17816E-2 1.00231E-1 1.00231E-1 2.80305E-2 1.22871E-1 4.06947E-2 1.16159E-1 1.24325E-1 1.10176E-1 1.06981E-1 4.65331E-2 4.22675E-2 1.12059E-1 1.00096E-1 1.0624E-1 4.0005E-2 9.36064E-2 3.66877E-2 3.66877E-2 4.05013E-2 4.60047E-2 1.05689E-1 3.83145E-2 4.17611E-2 3.83145E-2 4.35851E-2 4.35851E-2 3.83145E-2 3.83145E-2 4.22675E-2 4.05013E-2 4.41012E-2 4.60047E-2 4.60047E-2 4.60047E-2 4.74447E-2
2.48168E-2 7.02698E-2 8.4932E-2 8.4932E-2 8.8648E-2 2.76188E-2 7.34397E-2 7.67336E-2 7.67336E-2 7.67336E-2 8.37078E-2 3.30151E-2 2.13981E-2 6.96658E-2 2.04209E-2 7.34397E-2 8.73957E-2 3.13461E-2 3.0877E-2 3.22955E-2 8.93214E-2 2.65235E-2 8.10457E-2 8.89981E-2 9.51916E-2 9.61528E-2 1.08827E-1 1.04455E-1 1.07476E-1 1.39797E-1 4.84448E-2 3.89794E-2 6.34283E-2 1.16159E-1 1.16159E-1 4.81692E-2 1.16159E-1 1.19632E-1 1.00096E-1 1.05689E-1 4.0005E-2 5.98289E-2 1.07518E-1 1.01357E-1 9.08741E-2 3.5588E-2 4.05013E-2 4.41012E-2 4.22675E-2 4.22675E-2 4.22675E-2 4.41012E-2 4.35851E-2 5.73359E-2 4.05013E-2 4.41012E-2 4.0005E-2 4.41012E-2 4.41012E-2 4.41012E-2 4.79798E-2 4.54789E-2
3.02125E-2 2.30241E-2 7.57293E-2 9.78179E-2 2.76188E-2 2.19892E-2 7.45786E-2 8.13509E-2 8.13509E-2 7.02698E-2 6.42872E-2 3.03674E-2 6.36992E-2 7.67336E-2 2.28028E-2 7.34397E-2 8.0155E-2 8.61544E-2 6.7195E-2 8.66747E-2 3.0877E-2 3.0877E-2 2.65235E-2 7.17057E-2 9.28756E-2 9.61528E-2 1.00231E-1 1.00231E-1 2.92195E-2 1.29259E-1 4.45378E-2 4.78838E-2 6.41627E-2 1.2151E-1 4.48175E-2 1.16691E-1 1.19421E-1 1.10176E-1 9.7176E-2 4.0005E-2 1.05689E-1 4.05013E-2 6.05473E-2 1.08803E-1 1.01357E-1 9.08741E-2 3.71635E-2 3.40722E-2 4.05013E-2 4.46203E-2 4.05013E-2 4.41012E-2 4.60047E-2 4.41012E-2 4.05013E-2 4.05013E-2 4.22675E-2 4.60047E-2 4.60047E-2 4.60047E-2 4.79798E-2 4.94847E-2
2.80578E-2 2.80578E-2 3.16566E-2 8.99113E-2 2.45066E-2 3.25805E-2 8.25581E-2 8.13509E-2 2.30241E-2 3.06445E-2 3.20633E-2 2.07833E-2 6.72201E-2 6.42872E-2 8.13509E-2 7.02698E-2 8.8648E-2 8.0155E-2 8.30804E-2 3.13461E-2 8.66747E-2 9.0449E-2 3.22955E-2 9.05886E-2 8.30804E-2 8.72369E-2 8.84179E-2 9.34306E-2 2.92195E-2 4.69981E-2 4.26903E-2 1.13352E-1 1.24819E-1 1.18032E-1 1.22871E-1 1.26493E-1 9.04463E-2 1.05689E-1 1.11491E-1 1.04395E-1 4.41012E-2 1.02626E-1 4.22675E-2 1.13366E-1 1.11491E-1 1.04395E-1 1.02626E-1 5.1057E-2 3.71635E-2 4.24688E-2 5.80407E-2 4.07053E-2 4.61987E-2 4.60047E-2 4.22675E-2 4.41012E-2 4.41012E-2 4.22675E-2 4.41012E-2 4.60047E-2 4.79798E-2 4.74447E-2
2.97964E-2 2.34207E-2 2.34207E-2 2.68257E-2 2.56426E-2 7.57293E-2 8.99113E-2 2.68257E-2 2.63986E-2 7.79009E-2 2.52272E-2 7.34397E-2 6.14674E-2 7.45786E-2 6.83022E-2 8.13509E-2 3.83459E-2 2.86511E-2 2.61664E-2 8.43015E-2 8.66747E-2 7.32116E-2 4.15826E-2 9.96739E-2 3.13461E-2 9.51916E-2 9.90317E-2 9.73909E-2 2.57803E-2 1.41221E-1 5.76097E-2 1.24239E-1 1.08827E-1 1.08827E-1 1.08281E-1 1.11491E-1 1.06981E-1 1.06981E-1 1.08803E-1 1.11491E-1 9.84208E-2 5.87498E-2 4.61987E-2 1.16159E-1 1.06981E-1 6.12698E-2 1.13366E-1 1.00139E-1 3.90067E-2 4.24688E-2 4.24688E-2 4.24688E-2 4.42993E-2 4.42993E-2 4.22675E-2 4.24688E-2 4.61987E-2 4.41012E-2 4.22675E-2 4.41012E-2 4.35851E-2 4.0005E-2
2.04352E-2 5.95464E-2 1.84344E-2 2.60628E-2 2.64881E-2 5.38888E-2 2.85018E-2 3.31037E-2 8.25581E-2 7.57293E-2 3.40723E-2 7.79009E-2 2.19892E-2 6.83022E-2 7.908E-2 8.99113E-2 3.89207E-2 2.78207E-2 8.73957E-2 8.37078E-2 9.22162E-2 3.2777E-2 8.80142E-2 1.04455E-1 4.36285E-2 2.99714E-2 8.4932E-2 8.9608E-2 9.34306E-2 3.04528E-2 1.3065E-1 4.75438E-2 3.78199E-2 3.78199E-2 4.99675E-2 5.14988E-2 1.02626E-1 1.17503E-1 1.08281E-1 1.18597E-1 1.08281E-1 1.03902E-1 4.48175E-2 1.16691E-1 1.12031E-1 1.09331E-1 4.24688E-2 1.09331E-1 5.35933E-2 3.9496E-2 4.29776E-2 4.61987E-2 4.24688E-2 4.61987E-2 4.10008E-2 4.46203E-2 4.42993E-2 4.42993E-2 4.41012E-2 4.60047E-2 4.54789E-2 7.60369E-2
5.78829E-2 1.95607E-2 1.47355E-2 3.87067E-2 5.23784E-2 5.46787E-2 2.85018E-2 2.60628E-2 3.61765E-2 5.3616E-2 8.7414E-2 7.908E-2 2.71822E-2 6.2493E-2 7.38673E-2 8.99113E-2 2.63986E-2 2.54118E-2 7.02698E-2 9.64996E-2 4.00042E-2 3.63262E-2 3.86246E-2 9.38147E-2 1.04455E-1 3.2777E-2 3.18199E-2 8.8648E-2 9.37936E-2 2.72036E-2 8.46267E-2 4.50708E-2 4.50708E-2 1.27873E-1 1.2151E-1 1.17503E-1 9.96739E-2 1.13885E-1 1.12031E-1 1.15196E-1 1.07528E-1 1.10621E-1 1.10621E-1 1.19928E-1 1.10621E-1 6.41627E-2 6.41627E-2 1.09331E-1 1.0493E-1 4.12044E-2 3.9496E-2 4.29776E-2 4.12044E-2 4.48175E-2 3.92625E-2 2.86274E-2 4.2732E-2 2.94903E-2 2.89917E-2 4.83629E-2 4.79798E-2 3.84954E-2
1.63891E-2 1.71352E-2 1.34547E-2 4.87736E-2 5.54761E-2 1.54164E-2 1.96083E-2 5.46787E-2 2.76948E-2 4.72976E-2 8.02706E-2 2.60628E-2 2.23699E-2 7.25026E-2 8.37768E-2 3.06756E-2 2.93405E-2 3.56248E-2 3.25805E-2 9.78179E-2 4.24853E-2 4.43739E-2 6.48091E-2 9.50242E-2 1.04455E-1 3.32632E-2 9.12224E-2 3.18199E-2 8.4932E-2 9.23501E-2 3.07887E-2 5.76097E-2 1.1938E-1 1.24239E-1 1.22871E-1 1.13352E-1 1.13352E-1 1.04455E-1 1.10621E-1 1.18032E-1 1.08827E-1 1.10621E-1 1.16514E-1 1.1938E-1 1.10621E-1 6.15545E-2 1.15196E-1 1.15196E-1 1.10621E-1 5.66131E-2 2.95287E-2 4.51422E-2 4.29776E-2 4.51422E-2 1.88499E-2 2.15085E-2 7.23552E-3 7.04176E-3 6.8334E-3 6.95637E-3 1.83994E-2 6.46347E-3
1.66555E-2 1.81928E-2 1.74089E-2 4.87736E-2 1.63891E-2 1.49844E-2 4.59802E-2 2.17757E-2 1.54164E-2 5.23784E-2 2.76948E-2 8.02706E-2 5.94983E-2 5.38888E-2 3.46096E-2 2.45066E-2 8.25581E-2 8.25581E-2 3.46096E-2 9.37936E-2 9.78179E-2 3.15895E-2 3.72403E-2 9.34306E-2 3.64399E-2 3.32632E-2 9.64996E-2 3.34203E-2 2.88895E-2 8.61674E-2 2.72036E-2 4.02049E-2 3.49011E-2 4.81464E-2 3.96991E-2 4.61412E-2 1.08827E-1 1.10133E-1 1.14679E-1 1.16514E-1 1.10133E-1 1.10133E-1 1.16514E-1 1.14679E-1 1.16514E-1 1.16514E-1 1.16514E-1 1.16514E-1 1.15196E-1 1.15196E-1 3.65978E-2 7.14302E-3 1.99631E-2 7.75637E-3 7.52696E-3 2.15085E-2 6.72658E-3 6.26688E-3 6.26688E-3 5.83389E-3 5.58274E-3 5.19044E-3
1.76857E-2 5.39437E-2 1.74089E-2 1.36895E-2 1.3081E-2 3.2978E-2 4.87736E-2 1.74089E-2 3.76314E-2 4.04335E-2 2.42154E-2 4.59802E-2 5.23784E-2 2.49152E-2 2.49152E-2 2.49152E-2 6.93963E-2 7.908E-2 3.95013E-2 2.72578E-2 9.46537E-2 3.06756E-2 8.99113E-2 9.34306E-2 3.34203E-2 4.43739E-2 8.84179E-2 4.23502E-2 8.9608E-2 3.25448E-2 3.45126E-2 5.82708E-2 5.52746E-2 1.1938E-1 5.30224E-2 5.02278E-2 1.05739E-1 1.05739E-1 1.11446E-1 1.20734E-1 1.10133E-1 1.16013E-1 1.1938E-1 1.10133E-1 6.30097E-2 1.16514E-1 1.16514E-1 1.17325E-1 3.92073E-2 3.20329E-2 1.99506E-2 7.21416E-3 7.52696E-3 7.21416E-3 7.34498E-3 6.72658E-3 7.02146E-3 6.54462E-3 8.80308E-3 1.5247E-2 5.83389E-3 5.34142E-3
2.48638E-2 1.59317E-2 2.25043E-2 1.96345E-2 1.45686E-2 1.45686E-2 4.74349E-2 2.34598E-2 1.81928E-2 2.25043E-2 4.67037E-2 5.54761E-2 2.53288E-2 3.21716E-2 8.37768E-2 3.83783E-2 2.17405E-2 5.16071E-2 5.87195E-2 8.7414E-2 9.46537E-2 3.06756E-2 8.25581E-2 9.34306E-2 3.50129E-2 3.89207E-2 9.73909E-2 3.70921E-2 9.46537E-2 3.25448E-2 2.53328E-2 6.90566E-2 9.04095E-2 1.11446E-1 1.14679E-1 1.11446E-1 1.16013E-1 1.0703E-1 1.11446E-1 7.1957E-2 7.01842E-2 7.49615E-2 1.20734E-1 1.16013E-1 7.01842E-2 6.30097E-2 1.18657E-1 6.35391E-2 7.41161E-3 7.10427E-3 7.10427E-3 7.10427E-3 7.41161E-3 7.3233E-3 7.21416E-3 7.12769E-3 6.72658E-3 6.9368E-3 1.68897E-2 5.58274E-3 6.26688E-3 5.66726E-3
1.8477E-2 1.45686E-2 1.66555E-2 1.24971E-2 1.48167E-2 1.96911E-2 5.02806E-2 1.8477E-2 1.66555E-2 4.95232E-2 5.39437E-2 2.57474E-2 2.64881E-2 2.11349E-2 5.01636E-2 5.70672E-2 2.64881E-2 4.40067E-2 5.70672E-2 5.95464E-2 3.11435E-2 3.78064E-2 9.50953E-2 9.08073E-2 3.40021E-2 8.99113E-2 9.08073E-2 5.92174E-2 6.43647E-2 3.44989E-2 6.89937E-2 3.43514E-2 9.86374E-2 1.0703E-1 8.32868E-2 1.0703E-1 7.28097E-2 7.28097E-2 6.43647E-2 6.70805E-2 6.70805E-2 7.10167E-2 7.39641E-2 7.28097E-2 7.10167E-2 7.30674E-2 7.2769E-2 1.96679E-2 1.96679E-2 1.88539E-2 1.88539E-2 7.10427E-3 7.41161E-3 7.41161E-3 1.04165E-2 7.12769E-3 1.86286E-2 1.66268E-2 1.48109E-2 5.74313E-3 5.74313E-3 5.99984E-3
1.6194E-2 1.69251E-2 1.8477E-2 1.3312E-2 1.35462E-2 1.91519E-2 5.10457E-2 5.02806E-2 5.02806E-2 4.95232E-2 1.49844E-2 1.49844E-2 2.21167E-2 1.49844E-2 4.47118E-2 5.54761E-2 1.63891E-2 1.90581E-2 4.80317E-2 6.21191E-2 3.16163E-2 8.7414E-2 6.21191E-2 3.16163E-2 8.37768E-2 9.11856E-2 8.7414E-2 3.02572E-2 3.67341E-2 5.75468E-2 7.07376E-2 2.41326E-2 3.58534E-2 6.17445E-2 6.43647E-2 6.70805E-2 6.70805E-2 7.58284E-2 6.98946E-2 6.43647E-2 7.22262E-2 7.72287E-2 1.15851E-1 1.1817E-1 1.1817E-1 5.1874E-2 2.01778E-2 2.02068E-2 2.02068E-2 1.09927E-2 1.88539E-2 9.83155E-3 7.52373E-3 7.41161E-3 1.04165E-2 1.83445E-2 1.86286E-2 1.63331E-2 1.52385E-2 5.4964E-3 5.9077E-3 6.4429E-3
1.79656E-2 1.87642E-2 1.87642E-2 1.48167E-2 1.18249E-2 4.30062E-2 1.82487E-2 1.48167E-2 1.48167E-2 1.39275E-2 1.3312E-2 3.2978E-2 4.74349E-2 4.74349E-2 5.39437E-2 1.56725E-2 3.44686E-2 5.54761E-2 2.21167E-2 6.29713E-2 6.03805E-2 6.03805E-2 9.64076E-2 9.50953E-2 3.83783E-2 7.38136E-2 3.44989E-2 3.30296E-2 2.59394E-2 6.29713E-2 6.79087E-2 2.21647E-2 2.12356E-2 5.92174E-2 6.79087E-2 6.79087E-2 6.79087E-2 7.07376E-2 7.36671E-2 6.43647E-2 4.85939E-2 1.8811E-2 5.89137E-2 2.16173E-2 2.07589E-2 2.18715E-2 2.07312E-2 2.02068E-2 2.02068E-2 2.02068E-2 2.02068E-2 7.3002E-3 7.61391E-3 2.13905E-2 2.01785E-2 2.04885E-2 1.73159E-2 1.5635E-2 6.17006E-3 1.52835E-2 5.8187E-3 6.34465E-3
1.82487E-2 1.98922E-2 1.90546E-2 1.60112E-2 1.53222E-2 2.15824E-2 1.98922E-2 1.79656E-2 1.69251E-2 1.6194E-2 1.6194E-2 1.29487E-2 3.35251E-2 4.34902E-2 5.1692E-2 1.59317E-2 4.74349E-2 5.47376E-2 4.74349E-2 5.09239E-2 4.67037E-2 5.01636E-2 5.23784E-2 3.72975E-2 3.8956E-2 5.95464E-2 6.29713E-2 5.99993E-2 6.03805E-2 6.07871E-2 6.87421E-2 5.48371E-2 2.84731E-2 5.75468E-2 6.59962E-2 6.51777E-2 6.79087E-2 7.07376E-2 7.07376E-2 1.06062E-1 1.7738E-2 1.80049E-2 1.90939E-2 1.99109E-2 2.07589E-2 2.04277E-2 2.07589E-2 2.07589E-2 1.12914E-2 2.07589E-2 2.07589E-2 1.08299E-2 1.05405E-2 2.02068E-2 7.10427E-3 8.06232E-3 2.04885E-2 1.60851E-2 6.34465E-3 1.60851E-2 1.55063E-2 5.64723E-3
