day_2/Results/Podomys_floridanus/projections/2000/RUN_0.asc
ncols         385
nrows         252
xllcorner     -91.50013924285
yllcorner     25.49986064915003
cellsize      0.041666666500000005
NODATA_value  -9999
[rows 84 to 111 of 252, columns 124 to 185 of 385]
5.52214E-2 5.19627E-2 6.49973E-2 2.86906E-2 2.75656E-2 1.85123E-2 2.80824E-2 1.84746E-2 4.66935E-2 4.71065E-2 5.61119E-2 4.72027E-2 5.42524E-2 5.86423E-2 5.86423E-2 5.03064E-2 5.76636E-2 5.16655E-2 1.66236E-2 5.48195E-2 2.2798E-2 2.67407E-2 2.22336E-2 5.3588E-2 2.47166E-2 2.28439E-2 3.69271E-2 3.67758E-2 4.64523E-2 5.17685E-2 4.91958E-2 3.99393E-2 4.39917E-2 4.07805E-2 5.43857E-2 5.73265E-2 3.97227E-2 5.62872E-2 4.21003E-2 5.04468E-2 4.20077E-2 5.46256E-2 4.92417E-2 5.17904E-2 5.2287E-2 1.94525E-2 3.0335E-2 3.78224E-2 3.60876E-2 4.36001E-2 5.78794E-2 4.57748E-2 3.71096E-2 3.73851E-2 4.21003E-2 6.66094E-2 8.23216E-2 5.92079E-2 4.45727E-2 5.19153E-2 4.44842E-2 4.91868E-2
4.82113E-2 5.52214E-2 5.32444E-2 6.17482E-2 7.01482E-2 6.51296E-2 4.36241E-2 5.51005E-2 5.20692E-2 5.20692E-2 5.08025E-2 2.6663E-2 1.90436E-2 2.05848E-2 1.76527E-2 2.86266E-2 5.87601E-2 2.81394E-2 2.1654E-2 5.31444E-2 2.69449E-2 2.69449E-2 4.44404E-2 4.80617E-2 5.49286E-2 5.62872E-2 5.31102E-2 5.73265E-2 5.76636E-2 6.32752E-2 2.22945E-2 3.17371E-2 4.84551E-2 4.74495E-2 5.04079E-2 3.69385E-2 3.98758E-2 4.30414E-2 3.89806E-2 4.21003E-2 4.11686E-2 4.806E-2 4.96038E-2 4.09429E-2 4.26373E-2 4.79575E-2 3.11061E-2 5.23682E-2 4.92417E-2 3.18845E-2 4.12507E-2 4.10389E-2 3.33193E-2 3.26082E-2 4.54637E-2 5.73161E-2 5.92079E-2 5.92079E-2 3.81713E-2 4.11686E-2 4.21847E-2 4.54637E-2
5.19627E-2 1.99007E-2 4.38403E-2 5.64505E-2 4.83103E-2 5.32444E-2 5.32444E-2 5.32444E-2 5.20692E-2 2.70305E-2 2.53364E-2 5.14981E-2 5.56409E-2 2.82498E-2 2.88543E-2 2.67175E-2 3.34177E-2 5.7548E-2 5.87601E-2 5.87601E-2 5.62872E-2 5.62872E-2 4.79238E-2 4.91958E-2 3.91867E-2 3.42136E-2 5.76636E-2 3.78758E-2 3.86223E-2 4.39917E-2 5.76636E-2 4.3353E-2 5.26151E-2 5.99852E-2 3.78758E-2 3.42136E-2 3.42828E-2 5.63992E-2 3.41343E-2 5.50373E-2 3.63917E-2 4.57748E-2 4.79575E-2 4.79575E-2 3.35968E-2 4.36001E-2 5.32483E-2 3.6464E-2 3.44167E-2 3.53176E-2 3.80953E-2 4.44842E-2 3.26735E-2 3.90588E-2 5.41907E-2 8.21614E-2 4.9002E-2 4.81554E-2 3.81713E-2 3.81713E-2 3.52471E-2 3.73106E-2
2.36562E-2 2.70305E-2 2.50412E-2 2.31965E-2 5.23841E-2 5.23841E-2 5.64505E-2 5.64505E-2 4.83103E-2 5.40403E-2 4.72027E-2 5.40403E-2 5.57398E-2 6.02129E-2 5.90575E-2 5.90575E-2 5.43622E-2 4.67879E-2 5.87601E-2 5.87601E-2 5.76636E-2 5.62872E-2 2.34645E-2 4.10515E-2 3.35528E-2 3.91444E-2 4.21924E-2 4.34403E-2 5.44716E-2 3.50315E-2 4.39917E-2 6.02129E-2 5.23308E-2 5.43857E-2 5.0509E-2 5.44946E-2 4.64523E-2 5.41907E-2 6.55013E-2 6.40876E-2 4.43148E-2 3.64267E-2 4.58648E-2 4.92417E-2 3.54858E-2 3.72939E-2 4.36001E-2 5.22658E-2 5.46256E-2 5.36935E-2 3.63917E-2 3.26082E-2 3.90588E-2 4.21003E-2 5.41907E-2 5.72024E-2 5.01504E-2 4.806E-2 5.31005E-2 4.90993E-2 5.36935E-2 3.18211E-2
5.73437E-2 5.73437E-2 5.20692E-2 5.20692E-2 4.83103E-2 5.64505E-2 5.53343E-2 5.64505E-2 4.95318E-2 5.20692E-2 4.84089E-2 5.54469E-2 4.72027E-2 2.7405E-2 2.11573E-2 4.80325E-2 5.90575E-2 2.47369E-2 1.76527E-2 4.21924E-2 4.91958E-2 2.40956E-2 2.60402E-2 5.31102E-2 5.04079E-2 5.43857E-2 5.0509E-2 5.0509E-2 5.88774E-2 5.87601E-2 5.59649E-2 3.86692E-2 5.62794E-2 6.07607E-2 5.63932E-2 5.6368E-2 5.73633E-2 5.74774E-2 4.55546E-2 5.20182E-2 5.50116E-2 4.03265E-2 5.09443E-2 4.93378E-2 3.61589E-2 3.18845E-2 4.12507E-2 4.12507E-2 4.44842E-2 4.806E-2 4.11686E-2 3.80953E-2 3.61603E-2 3.60877E-2 5.41907E-2 5.72024E-2 5.01504E-2 5.73161E-2 5.72024E-2 5.61816E-2 5.47963E-2 3.81713E-2
5.66438E-2 5.32444E-2 5.73437E-2 5.74609E-2 5.61119E-2 3.83662E-2 2.38507E-2 4.87022E-2 5.64505E-2 4.95318E-2 5.53343E-2 4.83103E-2 5.54469E-2 5.54469E-2 5.90575E-2 5.58526E-2 6.02129E-2 5.9176E-2 5.87601E-2 5.44716E-2 5.87601E-2 5.87601E-2 5.87601E-2 5.57528E-2 5.56409E-2 6.46569E-2 6.46569E-2 6.96789E-2 6.96789E-2 6.01056E-2 5.16025E-2 3.87481E-2 3.87481E-2 6.19211E-2 7.03561E-2 8.1031E-2 7.9444E-2 5.84578E-2 5.8434E-2 5.93241E-2 4.70034E-2 4.03265E-2 5.50548E-2 5.94399E-2 4.58648E-2 5.36935E-2 3.6464E-2 3.71029E-2 3.71029E-2 3.26735E-2 3.26735E-2 3.80953E-2 3.80953E-2 3.26082E-2 5.02268E-2 6.30494E-2 4.90888E-2 5.29949E-2 5.31005E-2 5.19153E-2 4.81554E-2 3.53176E-2
2.77028E-2 5.79357E-2 5.32444E-2 5.64505E-2 4.95318E-2 5.20692E-2 2.57322E-2 5.24908E-2 4.87022E-2 5.24908E-2 5.37953E-2 5.79357E-2 5.65652E-2 5.24908E-2 5.72527E-2 6.02129E-2 5.58526E-2 4.67879E-2 4.3353E-2 5.17992E-2 4.17424E-2 5.90575E-2 5.90575E-2 6.02129E-2 5.70245E-2 5.90575E-2 6.60509E-2 7.11377E-2 5.73777E-2 7.5075E-2 5.44716E-2 3.87481E-2 4.95697E-2 5.75046E-2 6.07607E-2 5.94867E-2 7.37061E-2 7.21987E-2 8.41235E-2 5.93241E-2 5.08046E-2 4.13325E-2 5.61816E-2 6.40876E-2 3.44852E-2 4.81554E-2 6.40876E-2 5.49042E-2 4.70034E-2 3.18211E-2 4.12507E-2 3.81713E-2 3.80953E-2 3.90588E-2 5.01262E-2 6.30494E-2 5.72024E-2 4.91868E-2 5.73161E-2 5.73161E-2 5.31005E-2 4.55546E-2
5.79357E-2 5.67596E-2 4.95318E-2 5.67596E-2 5.79357E-2 5.53343E-2 5.54469E-2 4.87022E-2 4.87022E-2 4.57331E-2 4.51806E-2 4.87022E-2 5.65652E-2 5.72527E-2 4.45333E-2 4.80325E-2 4.3353E-2 1.39704E-2 2.86794E-2 3.19172E-2 3.83435E-2 5.17992E-2 6.04684E-2 6.04684E-2 5.69095E-2 6.13157E-2 6.05904E-2 4.58335E-2 5.67827E-2 9.56853E-2 2.53424E-2 4.95697E-2 5.75046E-2 6.01056E-2 6.9818E-2 7.37061E-2 6.30494E-2 6.79886E-2 9.05057E-2 5.62942E-2 5.20182E-2 4.81554E-2 5.20182E-2 4.71329E-2 5.93241E-2 3.51661E-2 4.81554E-2 4.81554E-2 4.45727E-2 5.47963E-2 3.60146E-2 3.53176E-2 3.80953E-2 3.61603E-2 3.89806E-2 6.78537E-2 6.17329E-2 4.90888E-2 5.72024E-2 5.72024E-2 5.31005E-2 4.21847E-2
5.79357E-2 5.79357E-2 5.24908E-2 4.87022E-2 4.87022E-2 5.54469E-2 5.65652E-2 5.32378E-2 4.12834E-2 4.45333E-2 4.92967E-2 4.57331E-2 5.31302E-2 5.58526E-2 2.12007E-2 1.63624E-2 1.46569E-2 1.46865E-2 1.15995E-2 2.46086E-2 3.19172E-2 3.07938E-2 3.6865E-2 3.65668E-2 5.2811E-2 6.04684E-2 7.11377E-2 5.2918E-2 6.02129E-2 4.95697E-2 5.66675E-2 6.11455E-2 8.26272E-2 6.07607E-2 6.54546E-2 7.04973E-2 6.92408E-2 6.30494E-2 7.19978E-2 5.08046E-2 3.81713E-2 6.18553E-2 7.0703E-2 5.20182E-2 5.61816E-2 5.49042E-2 3.60146E-2 4.81554E-2 5.20182E-2 5.60707E-2 6.55013E-2 3.81713E-2 4.44842E-2 3.26735E-2 3.61603E-2 5.83412E-2 6.30494E-2 5.84578E-2 6.30494E-2 5.84578E-2 5.84578E-2 5.31005E-2
4.95318E-2 5.67596E-2 4.84089E-2 2.01774E-2 4.92967E-2 4.93968E-2 5.32378E-2 4.46234E-2 3.55369E-2 3.82659E-2 3.82659E-2 3.82659E-2 5.73685E-2 2.35666E-2 2.12438E-2 2.23397E-2 2.06685E-2 4.22769E-2 3.35528E-2 2.27739E-2 3.72819E-2 4.13671E-2 3.04182E-2 4.13671E-2 4.35443E-2 6.14393E-2 7.27537E-2 8.26272E-2 2.73553E-2 5.70245E-2 5.37496E-2 7.87125E-2 8.26272E-2 8.26272E-2 6.47864E-2 5.52884E-2 6.30494E-2 6.06697E-2 5.62942E-2 6.56295E-2 3.81713E-2 4.12507E-2 6.81229E-2 5.31005E-2 9.05057E-2 6.55013E-2 7.0703E-2 3.60146E-2 4.12507E-2 6.18553E-2 5.71651E-2 6.55013E-2 4.45727E-2 4.44842E-2 3.61603E-2 4.65456E-2 6.92408E-2 6.2924E-2 6.30494E-2 6.30494E-2 6.30494E-2 5.84578E-2
5.79357E-2 5.80534E-2 2.17847E-2 3.04182E-2 4.45333E-2 5.58526E-2 2.18293E-2 1.96649E-2 1.55927E-2 1.39704E-2 1.19746E-2 1.14361E-2 4.13671E-2 1.96649E-2 5.0589E-2 1.76885E-2 5.0589E-2 4.34403E-2 5.45807E-2 1.68475E-2 4.81296E-2 6.02129E-2 6.05904E-2 6.05904E-2 6.05904E-2 6.27856E-2 7.18477E-2 6.22095E-2 7.82919E-2 6.75928E-2 5.78546E-2 7.20716E-2 1.04732E-1 9.3952E-2 2.35803E-2 6.20289E-2 7.78671E-2 8.41235E-2 7.08409E-2 7.0703E-2 5.61837E-2 4.55546E-2 6.30494E-2 6.30494E-2 9.05057E-2 5.73161E-2 6.55013E-2 3.89235E-2 4.21847E-2 4.55546E-2 6.67411E-2 8.39599E-2 5.01504E-2 5.72024E-2 5.29949E-2 5.02268E-2 6.92408E-2 6.2924E-2 5.84578E-2 5.84578E-2 5.84578E-2 6.30494E-2
5.32378E-2 2.18293E-2 2.35666E-2 2.35666E-2 1.82023E-2 3.5424E-2 4.44823E-2 2.47872E-2 5.59649E-2 2.67718E-2 2.12438E-2 1.82023E-2 1.68475E-2 1.96649E-2 3.72261E-2 1.82023E-2 4.34403E-2 4.68819E-2 5.59649E-2 3.72819E-2 4.81296E-2 5.32378E-2 4.20067E-2 3.74973E-2 3.98983E-2 5.75776E-2 6.19995E-2 5.37496E-2 9.10923E-2 6.75928E-2 6.22625E-2 1.11181E-1 9.3952E-2 7.96E-2 6.69279E-2 6.42753E-2 6.31744E-2 8.39599E-2 5.8434E-2 9.05057E-2 6.21512E-2 4.21847E-2 3.69473E-2 4.32145E-2 7.32993E-2 7.78671E-2 6.55013E-2 6.06697E-2 5.01504E-2 4.55546E-2 6.79886E-2 6.30494E-2 5.4031E-2 5.02268E-2 5.40824E-2 5.96061E-2 6.42494E-2 7.46044E-2 6.78537E-2 6.30494E-2 6.79886E-2 7.32993E-2
4.13671E-2 2.35666E-2 3.04182E-2 6.1809E-2 2.35666E-2 6.1809E-2 5.19037E-2 3.28274E-2 5.19037E-2 5.59649E-2 5.19037E-2 4.81296E-2 4.81296E-2 4.81296E-2 1.82023E-2 3.8421E-2 4.46234E-2 5.59649E-2 3.19339E-2 2.17746E-2 3.26546E-2 4.46234E-2 5.32378E-2 6.1809E-2 6.1809E-2 6.05904E-2 5.84272E-2 5.2918E-2 6.19995E-2 6.22625E-2 7.75175E-2 1.02926E-1 7.37061E-2 9.22252E-2 9.4136E-2 9.22252E-2 8.57753E-2 6.56281E-2 7.47521E-2 6.94437E-2 6.55013E-2 4.30999E-2 5.01504E-2 5.74774E-2 4.66387E-2 6.79886E-2 8.39599E-2 7.21987E-2 5.41907E-2 5.02268E-2 6.30494E-2 6.2924E-2 5.84578E-2 5.02268E-2 5.02268E-2 5.52884E-2 5.52884E-2 6.92408E-2 7.46044E-2 6.92408E-2 6.92408E-2 6.79886E-2
1.73777E-2 5.32378E-2 2.24708E-2 4.93968E-2 5.89097E-2 2.24708E-2 1.73777E-2 4.13671E-2 4.25938E-2 4.25938E-2 4.59187E-2 4.94965E-2 4.13671E-2 1.60929E-2 3.83435E-2 3.55369E-2 4.81296E-2 5.20077E-2 1.63624E-2 1.63624E-2 1.51349E-2 1.39988E-2 4.47132E-2 6.05904E-2 6.77287E-2 7.84483E-2 2.79889E-2 6.77287E-2 6.75928E-2 6.35122E-2 9.76169E-2 3.71799E-2 8.72642E-2 1.03127E-1 7.9444E-2 7.53733E-2 7.0638E-2 5.96061E-2 8.56077E-2 6.70595E-2 7.78671E-2 5.42986E-2 6.20289E-2 4.66387E-2 4.65456E-2 5.53991E-2 6.92408E-2 7.37061E-2 5.02268E-2 5.84578E-2 5.02268E-2 6.2924E-2 6.2924E-2 5.02268E-2 5.02268E-2 5.96061E-2 5.52884E-2 6.42494E-2 6.92408E-2 6.92408E-2 6.92408E-2 7.32993E-2
1.73423E-2 3.94246E-2 5.45912E-2 5.00448E-2 5.89097E-2 2.08252E-2 4.25938E-2 4.58261E-2 4.58261E-2 4.58261E-2 5.32378E-2 3.28274E-2 1.33547E-2 3.83435E-2 1.23584E-2 4.25938E-2 5.74838E-2 2.54921E-2 2.47872E-2 2.68258E-2 5.89944E-2 1.91211E-2 5.19037E-2 6.19329E-2 6.07119E-2 6.29121E-2 7.82919E-2 7.27537E-2 7.32733E-2 1.12973E-1 5.11598E-2 3.44569E-2 6.67255E-2 8.72642E-2 8.72642E-2 7.59125E-2 8.74358E-2 9.22252E-2 6.69279E-2 7.38513E-2 5.42986E-2 5.95972E-2 7.96E-2 6.8502E-2 5.89015E-2 4.41695E-2 5.52884E-2 6.42494E-2 5.96061E-2 5.96061E-2 5.96061E-2 6.42494E-2 6.2924E-2 5.52495E-2 5.52884E-2 6.42494E-2 5.40824E-2 6.42494E-2 6.42494E-2 6.42494E-2 7.46044E-2 6.79886E-2
2.41953E-2 1.53225E-2 4.11787E-2 5.83244E-2 2.08252E-2 1.42258E-2 4.37567E-2 4.64543E-2 4.64543E-2 3.94246E-2 3.39704E-2 2.82403E-2 3.29322E-2 4.59187E-2 1.49023E-2 4.25077E-2 4.94965E-2 5.59649E-2 5.20077E-2 5.18102E-2 2.48373E-2 2.48373E-2 1.91211E-2 4.02459E-2 6.05904E-2 6.29121E-2 6.75928E-2 6.75928E-2 6.81592E-2 1.06752E-1 4.41197E-2 3.51931E-2 6.80947E-2 9.56853E-2 6.67986E-2 8.91044E-2 9.58736E-2 7.96E-2 6.35269E-2 5.41907E-2 7.38513E-2 5.53991E-2 6.08885E-2 8.11908E-2 6.8367E-2 5.87848E-2 4.75454E-2 4.08632E-2 5.52884E-2 6.54546E-2 5.52884E-2 6.4121E-2 6.91028E-2 6.42494E-2 5.52884E-2 5.52884E-2 5.96061E-2 6.92408E-2 6.92408E-2 6.92408E-2 7.46044E-2 7.9007E-2
2.14004E-2 2.14004E-2 1.73211E-2 5.53421E-2 1.70586E-2 3.22222E-2 4.77512E-2 5.07862E-2 1.5354E-2 1.78835E-2 1.92989E-2 1.27773E-2 3.66352E-2 3.39704E-2 5.07862E-2 3.94246E-2 5.89097E-2 4.94965E-2 5.19037E-2 2.54921E-2 5.18102E-2 5.58643E-2 2.68258E-2 6.04541E-2 5.20077E-2 5.2918E-2 5.42526E-2 5.97279E-2 6.81592E-2 4.84491E-2 4.09222E-2 8.43999E-2 1.04732E-1 9.07803E-2 9.76169E-2 1.03127E-1 8.11908E-2 7.38513E-2 8.11908E-2 7.53733E-2 6.43773E-2 6.99566E-2 5.96061E-2 8.74358E-2 8.11908E-2 7.53733E-2 6.99566E-2 4.49467E-2 4.75454E-2 6.07607E-2 5.6368E-2 5.63932E-2 7.04973E-2 6.92408E-2 5.96061E-2 6.42494E-2 6.4121E-2 5.96061E-2 6.42494E-2 6.92408E-2 7.46044E-2 7.32993E-2
2.16921E-2 2.39842E-2 3.8894E-2 1.98436E-2 1.83611E-2 4.11787E-2 5.53421E-2 1.98436E-2 1.92989E-2 4.71438E-2 1.78835E-2 4.25938E-2 3.14963E-2 4.37567E-2 3.76808E-2 5.07862E-2 4.23022E-2 2.18738E-2 1.87641E-2 5.33451E-2 5.17065E-2 5.58643E-2 2.96997E-2 6.63161E-2 2.54921E-2 6.05904E-2 6.91526E-2 5.89463E-2 5.48944E-2 1.14991E-1 4.93409E-2 9.1274E-2 7.84483E-2 7.84483E-2 7.69059E-2 8.11908E-2 7.53733E-2 7.53733E-2 8.1031E-2 8.11908E-2 6.49153E-2 5.76092E-2 7.04973E-2 8.72642E-2 7.52244E-2 6.20678E-2 8.72642E-2 6.9818E-2 5.23308E-2 6.07607E-2 6.07607E-2 6.07607E-2 6.54546E-2 6.54546E-2 5.94867E-2 6.07607E-2 7.04973E-2 6.42494E-2 5.96061E-2 6.42494E-2 6.30494E-2 5.42986E-2
2.64784E-2 6.24028E-2 2.22667E-2 1.73211E-2 1.78482E-2 5.26923E-2 2.01257E-2 2.04402E-2 5.22007E-2 4.50303E-2 3.47327E-2 4.71438E-2 1.42258E-2 3.76808E-2 4.83883E-2 6.03544E-2 2.6832E-2 2.08252E-2 5.74838E-2 5.33451E-2 5.84272E-2 2.75167E-2 5.74838E-2 7.28996E-2 4.89614E-2 2.36146E-2 5.47017E-2 5.5494E-2 5.47662E-2 7.3281E-2 9.97697E-2 4.93409E-2 3.26315E-2 3.26975E-2 6.139E-2 4.01136E-2 6.99566E-2 8.91044E-2 7.69059E-2 9.58736E-2 7.69059E-2 7.14226E-2 6.67986E-2 8.89287E-2 8.26272E-2 8.26272E-2 6.07607E-2 8.26272E-2 4.9505E-2 5.35023E-2 6.19211E-2 7.04973E-2 6.07607E-2 7.04973E-2 5.63932E-2 6.54546E-2 6.54546E-2 6.54546E-2 6.42494E-2 6.92408E-2 6.79886E-2 6.68278E-2
5.955E-2 2.45984E-2 1.5344E-2 4.3492E-2 5.02089E-2 5.41016E-2 2.01257E-2 1.73211E-2 2.16921E-2 3.59705E-2 5.27996E-2 4.83883E-2 1.46616E-2 3.24342E-2 4.11787E-2 6.03544E-2 1.92989E-2 1.78835E-2 3.95046E-2 6.21465E-2 4.20465E-2 2.98285E-2 2.6157E-2 6.29121E-2 7.28996E-2 2.75167E-2 2.6157E-2 5.89097E-2 5.95648E-2 6.01344E-2 1.06914E-1 4.49704E-2 4.49704E-2 1.04938E-1 9.58736E-2 8.91044E-2 6.63161E-2 8.91044E-2 8.2791E-2 9.07803E-2 7.67532E-2 8.43999E-2 8.43999E-2 9.76169E-2 8.43999E-2 6.80947E-2 6.80947E-2 8.26272E-2 7.67532E-2 5.76208E-2 5.33941E-2 6.20459E-2 5.76208E-2 6.67986E-2 5.63932E-2 5.61212E-2 6.54546E-2 5.61212E-2 6.04684E-2 7.60635E-2 7.46044E-2 5.1178E-2
1.83103E-2 1.97556E-2 1.32163E-2 4.46331E-2 5.54206E-2 1.6532E-2 1.78112E-2 5.41016E-2 1.92282E-2 4.22819E-2 4.55999E-2 1.89633E-2 1.46616E-2 3.82329E-2 4.90713E-2 2.48851E-2 2.30779E-2 2.30779E-2 1.98436E-2 6.35975E-2 3.11871E-2 3.05452E-2 4.94965E-2 6.42737E-2 7.28996E-2 2.82751E-2 6.19329E-2 2.6157E-2 5.47017E-2 5.59735E-2 7.46426E-2 4.52211E-2 9.24628E-2 9.93652E-2 9.76169E-2 8.4567E-2 8.4567E-2 7.28996E-2 8.43999E-2 9.07803E-2 7.84483E-2 8.43999E-2 9.24628E-2 9.24628E-2 8.42321E-2 6.31258E-2 9.06005E-2 9.06005E-2 8.43999E-2 5.44378E-2 4.92748E-2 6.66646E-2 6.19211E-2 6.66646E-2 2.45109E-2 2.64289E-2 1.16612E-2 1.14134E-2 1.14134E-2 1.11909E-2 2.3625E-2 1.03823E-2
1.88577E-2 2.18341E-2 2.0292E-2 4.46331E-2 1.83485E-2 1.58254E-2 4.03463E-2 2.12694E-2 1.6532E-2 5.03118E-2 1.92282E-2 4.55068E-2 3.93614E-2 5.26923E-2 3.26773E-2 1.70586E-2 5.20951E-2 5.20951E-2 2.20308E-2 5.95648E-2 6.35975E-2 2.6157E-2 4.03433E-2 5.97279E-2 3.09909E-2 2.82751E-2 6.22711E-2 2.66629E-2 2.24708E-2 5.14106E-2 6.01344E-2 3.66834E-2 2.86882E-2 3.59353E-2 3.60084E-2 3.34072E-2 7.84483E-2 8.01597E-2 8.60167E-2 8.49069E-2 8E-2 8E-2 8.49069E-2 8.60167E-2 8.49069E-2 8.49069E-2 8.49069E-2 8.49069E-2 9.06005E-2 9.06005E-2 5.02401E-2 1.07867E-2 2.64289E-2 1.28162E-2 1.28162E-2 2.64289E-2 1.0809E-2 9.79448E-3 9.81466E-3 8.89892E-3 8.23835E-3 7.43924E-3
2.08373E-2 5.28443E-2 2.0292E-2 1.36468E-2 1.2672E-2 3.33865E-2 4.46331E-2 2.03343E-2 4.15152E-2 4.67809E-2 1.53759E-2 4.04295E-2 5.03118E-2 1.75559E-2 1.75921E-2 1.75921E-2 3.54939E-2 4.43462E-2 4.08421E-2 2.04402E-2 5.60873E-2 2.48851E-2 6.04762E-2 5.97279E-2 2.66085E-2 3.06074E-2 5.42526E-2 2.86882E-2 5.56063E-2 2.75735E-2 4.93202E-2 4.60431E-2 4.58253E-2 9.24628E-2 6.87335E-2 3.87294E-2 7.45358E-2 7.43869E-2 7.5009E-2 8.64639E-2 7.3421E-2 8.04614E-2 8.49069E-2 7.3421E-2 6.02019E-2 8.47372E-2 8.47372E-2 9.22789E-2 5.51378E-2 5.82106E-2 2.49817E-2 1.18621E-2 1.27896E-2 1.18621E-2 1.16371E-2 1.07867E-2 1.16612E-2 1.05731E-2 9.78443E-3 1.22156E-2 8.89892E-3 7.62663E-3
2.6606E-2 1.75239E-2 1.36752E-2 1.09478E-2 1.5162E-2 1.51304E-2 4.26184E-2 2.40952E-2 2.18341E-2 1.36752E-2 4.15152E-2 5.54206E-2 1.65664E-2 2.90005E-2 4.89713E-2 3.89738E-2 1.40414E-2 4.89713E-2 6.09757E-2 5.27996E-2 5.59735E-2 2.48851E-2 5.20951E-2 5.47662E-2 3.11871E-2 4.34723E-2 5.89463E-2 3.13347E-2 5.60873E-2 2.51953E-2 5.31322E-2 7.48583E-2 7.5009E-2 7.5009E-2 7.89644E-2 7.5009E-2 8.06228E-2 6.9771E-2 7.48583E-2 8.04614E-2 8.04614E-2 8.64639E-2 8.64639E-2 8.04614E-2 8.04614E-2 6.56388E-2 9.41512E-2 3.56771E-2 1.21136E-2 1.12412E-2 1.12412E-2 1.12412E-2 1.21136E-2 1.18621E-2 1.18621E-2 1.16371E-2 1.0809E-2 1.14134E-2 1.42479E-2 8.23835E-3 9.81466E-3 8.23835E-3
2.24547E-2 1.5162E-2 1.8897E-2 1.17663E-2 1.56061E-2 1.80159E-2 4.70648E-2 2.24078E-2 1.88577E-2 4.58863E-2 5.29531E-2 1.7076E-2 1.78482E-2 1.22905E-2 4.6685E-2 5.81681E-2 1.78482E-2 3.75783E-2 5.81681E-2 6.253E-2 2.55355E-2 2.55355E-2 6.10993E-2 5.21333E-2 2.97108E-2 5.53421E-2 5.20272E-2 5.73088E-2 6.6219E-2 2.78209E-2 7.79129E-2 2.55545E-2 6.02094E-2 6.96304E-2 6.48859E-2 6.96304E-2 8.21299E-2 8.21299E-2 6.6219E-2 7.11614E-2 7.11614E-2 8.19646E-2 8.80259E-2 8.19646E-2 8.19646E-2 7.52733E-2 7.52733E-2 1.6656E-2 1.6656E-2 1.54591E-2 1.54591E-2 1.12412E-2 1.21136E-2 1.21136E-2 1.21243E-2 1.16371E-2 1.60172E-2 1.3478E-2 1.13102E-2 8.42158E-3 8.42158E-3 9.0916E-3
1.80537E-2 1.94164E-2 2.24547E-2 1.3089E-2 1.34881E-2 1.72627E-2 4.82605E-2 4.69673E-2 4.70648E-2 4.57916E-2 1.58254E-2 1.58254E-2 2.18796E-2 1.58254E-2 3.86903E-2 5.54206E-2 1.83485E-2 1.70407E-2 4.3492E-2 6.11621E-2 2.40338E-2 5.26923E-2 6.11621E-2 2.62499E-2 4.90713E-2 5.66874E-2 5.27996E-2 2.23128E-2 3.61288E-2 5.44795E-2 7.79129E-2 3.25828E-2 2.74652E-2 6.16083E-2 6.6219E-2 7.11614E-2 7.10174E-2 8.80259E-2 7.64574E-2 6.6219E-2 5.75976E-2 7.28826E-2 8.36426E-2 8.92717E-2 8.92717E-2 3.56529E-2 1.57672E-2 1.69781E-2 1.69781E-2 1.25879E-2 1.54591E-2 1.064E-2 1.20883E-2 1.21136E-2 1.21243E-2 1.5153E-2 1.60172E-2 1.25123E-2 1.1568E-2 7.80075E-3 8.62435E-3 1.00187E-2
2.14366E-2 2.30387E-2 2.30387E-2 1.56061E-2 1.08348E-2 3.6361E-2 2.20474E-2 1.56061E-2 1.56061E-2 1.40877E-2 1.3089E-2 3.33865E-2 4.27066E-2 4.27066E-2 5.28443E-2 1.70407E-2 3.59797E-2 5.54206E-2 2.18341E-2 6.25435E-2 6.39766E-2 6.41068E-2 6.253E-2 6.10993E-2 2.40338E-2 5.68027E-2 2.78783E-2 2.58857E-2 4.62446E-2 6.25435E-2 7.256E-2 2.81306E-2 2.61349E-2 5.73088E-2 7.256E-2 7.256E-2 7.256E-2 7.79129E-2 8.36426E-2 6.60846E-2 2.71995E-2 1.49699E-2 3.45206E-2 1.73018E-2 1.73381E-2 1.86579E-2 1.69781E-2 1.69781E-2 1.69781E-2 1.69781E-2 1.69781E-2 1.14592E-2 1.23414E-2 1.9332E-2 1.66905E-2 1.76097E-2 1.3478E-2 1.1568E-2 9.30513E-3 1.1404E-2 8.17141E-3 9.50167E-3
2.20011E-2 2.53812E-2 2.36812E-2 1.77858E-2 1.65552E-2 3.41324E-2 2.53812E-2 2.14366E-2 1.94164E-2 1.80913E-2 1.80913E-2 1.2565E-2 3.44067E-2 3.69805E-2 4.9195E-2 1.75239E-2 4.27066E-2 5.42477E-2 4.27066E-2 4.79793E-2 4.16007E-2 4.67809E-2 5.03118E-2 2.29453E-2 3.99645E-2 6.253E-2 6.25435E-2 5.8541E-2 6.39766E-2 5.97835E-2 7.39661E-2 7.256E-2 3.09194E-2 5.44795E-2 6.89121E-2 6.75613E-2 7.256E-2 7.77549E-2 7.79129E-2 7.36364E-2 1.2923E-2 1.2923E-2 1.49385E-2 1.60771E-2 1.73018E-2 1.60771E-2 1.73018E-2 1.73018E-2 1.28212E-2 1.73018E-2 1.73381E-2 1.19117E-2 1.16883E-2 1.70135E-2 1.12412E-2 1.40651E-2 1.76461E-2 1.18527E-2 9.50167E-3 1.18284E-2 1.22468E-2 7.74894E-3
