day_2/Results/Podomys_floridanus/projections/2000/RUN_2.asc
ncols         385
nrows         252
xllcorner     -91.50013924285
yllcorner     25.49986064915003
cellsize      0.041666666500000005
NODATA_value  -9999
[rows 112 to 139 of 252, columns 186 to 247 of 385]
7.69138E-3 5.62465E-3 6.12734E-3 6.57434E-3 1.24576E-2 6.91026E-3 1.38212E-2 7.13729E-3 7.30985E-3 1.43665E-2 7.68313E-3 7.88119E-3 1.55333E-2 1.48697E-2 2.79929E-2 2.67579E-2 1.80882E-2 3.63191E-2 3.46888E-2 3.30446E-2 3.22051E-2 1.63374E-2 3.2271E-2 2.59987E-2 1.6708E-2 1.68156E-2 1.70752E-2 2.75796E-2 1.73368E-2 1.69433E-2 1.70573E-2 1.74084E-2 1.76733E-2 4.95184E-2 4.86803E-2 4.90399E-2 4.33532E-2 5.24059E-2 5.52063E-2 5.64309E-2 5.8161E-2 6.48285E-2 6.68731E-2 4.72585E-2 4.94429E-2 7.35601E-2 7.81909E-2 5.58559E-2 8.63305E-2 9.74988E-2 1.04217E-1 1.09592E-1 1.17366E-1 1.16633E-1 2.48878E-2 2.71414E-2 2.8205E-2 2.83262E-2 2.20047E-2 1.99309E-2 -9999 -9999
1.70347E-2 1.53629E-2 5.94352E-3 6.20199E-3 6.52398E-3 7.18214E-3 1.48769E-2 1.16526E-2 7.28444E-3 7.7136E-3 1.2568E-2 1.76971E-2 2.96221E-2 3.53686E-2 2.85884E-2 3.48853E-2 2.74888E-2 1.76833E-2 3.33731E-2 3.40543E-2 3.36692E-2 2.70521E-2 2.62614E-2 1.60425E-2 1.61753E-2 1.6274E-2 1.63584E-2 1.58762E-2 1.61403E-2 4.83322E-2 2.40154E-2 4.00193E-2 3.86626E-2 1.74558E-2 5.23397E-2 4.89358E-2 4.8628E-2 4.37669E-2 4.67681E-2 5.75568E-2 5.95285E-2 6.22714E-2 6.39707E-2 6.67558E-2 7.24178E-2 5.33934E-2 8.17507E-2 8.36065E-2 9.3162E-2 9.97845E-2 1.04038E-1 1.15554E-1 1.25777E-1 1.23501E-1 2.65597E-2 2.78381E-2 2.87561E-2 2.92079E-2 2.01446E-2 9.16263E-2 -9999 -9999
1.35545E-2 1.24753E-2 1.80126E-2 1.66617E-2 5.98239E-3 1.6251E-2 1.43487E-2 1.19243E-2 2.657E-2 1.74978E-2 3.5468E-2 1.85435E-2 3.65993E-2 3.62679E-2 3.4984E-2 3.45421E-2 1.79431E-2 3.55313E-2 3.41999E-2 3.45394E-2 3.3152E-2 3.30099E-2 2.65023E-2 3.1911E-2 2.58926E-2 1.59555E-2 1.58393E-2 4.809E-2 3.88433E-2 4.69474E-2 3.9786E-2 4.7928E-2 3.94576E-2 4.7247E-2 2.44696E-2 4.15483E-2 5.35118E-2 5.32978E-2 4.52804E-2 5.25264E-2 5.50809E-2 6.5975E-2 6.64539E-2 6.98178E-2 7.21553E-2 5.4929E-2 8.01066E-2 8.57604E-2 9.48817E-2 1.05877E-1 1.0993E-1 1.16882E-1 1.29572E-1 1.30673E-1 2.72272E-2 2.87235E-2 3.2712E-2 2.93741E-2 9.06839E-2 9.34578E-2 -9999 -9999
1.31502E-2 1.32817E-2 1.34703E-2 1.29294E-2 1.53795E-2 2.55104E-2 3.14062E-2 3.20173E-2 2.71243E-2 1.74131E-2 1.83477E-2 1.85315E-2 3.64217E-2 3.7315E-2 3.7315E-2 3.59604E-2 1.81318E-2 3.50369E-2 3.54681E-2 3.34858E-2 3.34582E-2 2.70312E-2 2.69922E-2 3.24583E-2 4.72143E-2 3.77769E-2 3.86989E-2 3.85059E-2 3.98442E-2 4.97888E-2 4.11401E-2 4.88196E-2 5.0155E-2 4.89127E-2 4.82474E-2 4.84623E-2 4.90511E-2 4.39235E-2 5.36623E-2 5.46084E-2 5.91085E-2 6.67115E-2 7.10256E-2 7.17641E-2 7.63928E-2 8.16219E-2 8.57978E-2 9.32748E-2 9.81278E-2 1.03659E-1 1.08026E-1 1.10645E-1 1.28031E-1 1.26851E-1 2.99809E-2 2.91082E-2 3.05512E-2 2.00375E-2 9.16263E-2 -9999 -9999 -9999
1.30025E-2 2.86798E-2 3.01512E-2 2.9517E-2 1.56273E-2 3.35623E-2 3.21801E-2 3.47378E-2 3.32319E-2 2.79014E-2 1.85116E-2 3.62681E-2 2.83981E-2 3.60908E-2 3.03639E-2 3.50647E-2 1.76537E-2 3.53163E-2 3.40413E-2 3.437E-2 3.29386E-2 3.26081E-2 3.26944E-2 3.3285E-2 4.8439E-2 4.85793E-2 4.8683E-2 4.00193E-2 3.99025E-2 4.10194E-2 4.86057E-2 5.00076E-2 5.1478E-2 5.20235E-2 4.89674E-2 5.02653E-2 5.09779E-2 5.44262E-2 5.96021E-2 5.83148E-2 5.10899E-2 6.87076E-2 4.94436E-2 7.60134E-2 5.53394E-2 1.19791E-1 8.90281E-2 9.53183E-2 1.03315E-1 1.11116E-1 1.15856E-1 6.7789E-2 2.91213E-2 7.3457E-2 2.91934E-2 2.99499E-2 3.05868E-2 9.04674E-2 -9999 -9999 -9999 -9999
3.0189E-2 4.38407E-2 4.28985E-2 2.36394E-2 1.55092E-2 3.13666E-2 3.28998E-2 3.4515E-2 3.45641E-2 1.66362E-2 1.80025E-2 3.55697E-2 2.90204E-2 3.65167E-2 3.45669E-2 1.72609E-2 1.78187E-2 3.49184E-2 3.4668E-2 3.49125E-2 3.37434E-2 4.85918E-2 3.34184E-2 3.36629E-2 4.93206E-2 3.92788E-2 4.00778E-2 4.97888E-2 5.13267E-2 4.10194E-2 5.30187E-2 5.09187E-2 5.13356E-2 5.29993E-2 5.456E-2 5.34066E-2 5.49054E-2 5.57428E-2 5.81788E-2 5.96196E-2 6.60742E-2 6.93324E-2 7.30425E-2 5.21819E-2 8.50361E-2 1.262E-1 9.08881E-2 9.53009E-2 1.01977E-1 1.06316E-1 1.10822E-1 1.11907E-1 2.72784E-2 2.82181E-2 2.86679E-2 1.31224E-1 2.18316E-2 -9999 -9999 -9999 -9999 -9999
3.04011E-2 4.45338E-2 4.44081E-2 4.30491E-2 3.10369E-2 2.62237E-2 3.28685E-2 3.37745E-2 3.38228E-2 3.33423E-2 3.51901E-2 2.99329E-2 2.96749E-2 3.5975E-2 3.33415E-2 3.42712E-2 1.81377E-2 3.54266E-2 3.43847E-2 3.52731E-2 3.38597E-2 3.46411E-2 4.97099E-2 3.44542E-2 5.03145E-2 3.48874E-2 5.02396E-2 4.09592E-2 4.1478E-2 4.21896E-2 4.30092E-2 5.17167E-2 5.22988E-2 5.67571E-2 5.43981E-2 5.6956E-2 5.8579E-2 6.02793E-2 6.26386E-2 6.67488E-2 4.73381E-2 4.96716E-2 7.63589E-2 7.907E-2 8.45075E-2 8.7807E-2 9.4734E-2 9.91726E-2 1.06932E-1 1.14656E-1 1.20827E-1 7.10117E-2 2.66828E-2 2.80264E-2 1.27012E-1 1.33213E-1 1.0207E-1 -9999 -9999 -9999 -9999 -9999
4.20069E-2 4.10311E-2 4.36981E-2 4.64825E-2 4.26936E-2 4.21673E-2 2.54191E-2 3.35806E-2 3.31983E-2 3.30546E-2 1.81872E-2 3.69904E-2 3.63055E-2 4.92576E-2 1.76933E-2 2.77807E-2 3.28061E-2 1.81489E-2 5.10933E-2 3.45907E-2 3.42677E-2 3.45182E-2 5.11087E-2 5.07387E-2 5.07883E-2 5.17031E-2 5.17031E-2 5.22062E-2 5.3376E-2 5.44059E-2 5.46475E-2 5.59881E-2 5.58221E-2 5.6673E-2 5.6364E-2 3.29695E-2 4.27287E-2 6.40004E-2 6.76872E-2 4.67635E-2 5.05321E-2 5.25795E-2 7.79466E-2 6.99796E-2 8.86732E-2 9.02898E-2 1.00399E-1 1.0404E-1 1.07747E-1 1.14777E-1 1.23557E-1 1.297E-1 2.75271E-2 2.94339E-2 1.2957E-1 1.02415E-1 2.00656E-1 -9999 -9999 -9999 -9999 -9999
4.55387E-2 4.46247E-2 4.43323E-2 4.77336E-2 4.83564E-2 4.52944E-2 3.28379E-2 3.57066E-2 3.37488E-2 3.40906E-2 3.36945E-2 1.77654E-2 3.46346E-2 4.89732E-2 2.80843E-2 4.99259E-2 3.41899E-2 2.85321E-2 5.06935E-2 5.04743E-2 5.09604E-2 5.10345E-2 5.15562E-2 3.63037E-2 5.26176E-2 5.28487E-2 5.27855E-2 5.32194E-2 3.01404E-2 3.04595E-2 3.95108E-2 5.59881E-2 5.73033E-2 5.93029E-2 6.00199E-2 6.19388E-2 4.32906E-2 4.72043E-2 4.81448E-2 4.94638E-2 5.36662E-2 5.62399E-2 5.51545E-2 8.70091E-2 9.32664E-2 9.57541E-2 1.03632E-1 1.08034E-1 1.13952E-1 1.15535E-1 1.19525E-1 7.37604E-2 2.73371E-2 1.26485E-1 1.31491E-1 2.03654E-1 2.04766E-1 -9999 -9999 -9999 -9999 -9999
4.01025E-2 4.62726E-2 4.70108E-2 4.84517E-2 4.88016E-2 4.23673E-2 4.81047E-2 3.63425E-2 4.84911E-2 5.0731E-2 1.84743E-2 3.68753E-2 5.11672E-2 3.45706E-2 5.04228E-2 5.035E-2 5.05179E-2 2.91371E-2 5.2083E-2 5.20074E-2 3.58047E-2 5.23875E-2 5.27715E-2 5.23599E-2 3.73648E-2 5.38484E-2 5.41351E-2 3.01404E-2 3.09679E-2 3.09679E-2 3.36568E-2 6.0553E-2 5.96575E-2 4.30713E-2 4.28581E-2 4.57035E-2 4.62115E-2 4.80148E-2 5.05232E-2 5.08429E-2 5.57976E-2 8.3911E-2 8.61218E-2 7.50362E-2 9.81362E-2 1.01327E-1 1.05678E-1 1.08403E-1 1.12611E-1 1.16906E-1 1.15242E-1 2.57191E-2 2.74194E-2 1.25906E-1 2.88985E-1 1.99437E-1 2.0993E-1 -9999 -9999 -9999 -9999 -9999
1.50149E-2 3.68548E-2 3.53548E-2 3.73123E-2 4.66166E-2 4.34515E-2 4.41838E-2 4.57849E-2 2.83912E-2 5.21587E-2 2.8433E-2 4.73351E-2 4.79082E-2 4.88485E-2 4.89476E-2 5.15351E-2 5.25738E-2 1.81793E-2 5.34697E-2 5.07122E-2 5.2979E-2 5.3842E-2 3.72543E-2 5.42452E-2 5.44559E-2 5.57064E-2 3.78849E-2 3.90403E-2 3.11547E-2 3.33824E-2 3.50376E-2 4.54511E-2 4.32286E-2 4.41829E-2 4.37512E-2 4.80465E-2 4.91545E-2 5.11633E-2 5.36311E-2 5.32827E-2 8.67469E-2 8.58484E-2 8.88291E-2 9.55484E-2 1.00967E-1 1.07795E-1 1.09574E-1 1.13395E-1 1.17875E-1 1.26653E-1 1.21075E-1 2.8171E-2 2.92791E-2 1.32529E-1 2.26817E-1 2.08552E-1 2.11326E-1 -9999 -9999 -9999 -9999 -9999
4.84038E-2 2.97427E-2 1.4051E-2 4.29787E-2 4.96432E-2 4.55117E-2 4.84306E-2 5.09052E-2 5.10534E-2 2.88959E-2 5.0025E-2 4.953E-2 4.85718E-2 5.03168E-2 5.00806E-2 5.28166E-2 5.11467E-2 2.93755E-2 5.28036E-2 5.25714E-2 5.39614E-2 5.44846E-2 5.57575E-2 5.63679E-2 5.7037E-2 3.91574E-2 3.89818E-2 3.95395E-2 3.9926E-2 4.31628E-2 3.46133E-2 3.69142E-2 4.67477E-2 4.64793E-2 4.9108E-2 4.9981E-2 5.34318E-2 5.43508E-2 5.49382E-2 5.40054E-2 9.13794E-2 9.23092E-2 9.81408E-2 1.02581E-1 1.06797E-1 1.10333E-1 1.13825E-1 1.18975E-1 1.23615E-1 1.31778E-1 7.27189E-2 1.25539E-1 1.30317E-1 2.88985E-1 2.04971E-1 2.14669E-1 2.18512E-1 -9999 -9999 -9999 -9999 -9999
5.10457E-2 5.41765E-2 1.77267E-2 4.42665E-2 4.66842E-2 4.9749E-2 4.46554E-2 5.21108E-2 4.8314E-2 4.3753E-2 4.7542E-2 5.14037E-2 5.11467E-2 5.1072E-2 5.17816E-2 5.29358E-2 5.23611E-2 2.99158E-2 5.47849E-2 5.44622E-2 5.63679E-2 5.61189E-2 5.67014E-2 3.98672E-2 3.98673E-2 3.98984E-2 4.05317E-2 4.24556E-2 4.36221E-2 4.35946E-2 4.43558E-2 4.67455E-2 3.98116E-2 4.91521E-2 5.06673E-2 5.07817E-2 5.50508E-2 5.81917E-2 5.88333E-2 5.9643E-2 9.58153E-2 1.02589E-1 1.0414E-1 1.00418E-1 1.09388E-1 1.16475E-1 1.20734E-1 1.25758E-1 1.27849E-1 1.18686E-1 2.74063E-2 1.27087E-1 1.3297E-1 2.96154E-1 2.10384E-1 2.19755E-1 -9999 -9999 -9999 -9999 -9999 -9999
3.04064E-2 4.57496E-2 4.83974E-2 4.87551E-2 4.68351E-2 4.78305E-2 5.07379E-2 5.51288E-2 4.87197E-2 4.97381E-2 4.93699E-2 4.85053E-2 4.80078E-2 5.14456E-2 5.31561E-2 5.23884E-2 5.16194E-2 5.62284E-2 5.62241E-2 5.51557E-2 5.81397E-2 4.00468E-2 5.83626E-2 4.05037E-2 4.05317E-2 4.0961E-2 4.36546E-2 4.42196E-2 4.37266E-2 4.54732E-2 4.70302E-2 4.8885E-2 5.09057E-2 5.18233E-2 5.30203E-2 5.492E-2 5.81029E-2 6.19427E-2 6.27879E-2 8.84406E-2 9.91336E-2 8.33667E-2 1.01896E-1 1.07089E-1 1.16587E-1 1.1971E-1 1.21141E-1 1.2939E-1 1.28631E-1 7.58689E-2 2.96212E-2 1.35172E-1 1.36636E-1 2.31197E-1 2.19838E-1 2.23753E-1 -9999 -9999 -9999 -9999 -9999 -9999
1.92396E-2 1.78799E-2 2.83598E-2 4.4806E-2 4.70373E-2 4.71071E-2 4.65516E-2 5.47106E-2 5.43433E-2 5.29142E-2 4.9917E-2 5.12228E-2 5.22337E-2 4.97716E-2 5.27295E-2 5.33854E-2 5.50484E-2 5.9251E-2 5.39904E-2 5.67072E-2 5.68758E-2 6.03729E-2 5.99248E-2 4.0961E-2 4.22981E-2 4.43534E-2 4.4125E-2 4.55423E-2 4.58199E-2 4.7677E-2 4.90787E-2 4.94544E-2 5.23786E-2 5.5357E-2 5.64138E-2 5.90866E-2 5.97639E-2 6.19998E-2 6.383E-2 9.2878E-2 8.22186E-2 1.05256E-1 1.09659E-1 1.09106E-1 1.15338E-1 1.23756E-1 1.28923E-1 1.33243E-1 8.21652E-2 1.26316E-1 1.30553E-1 1.32244E-1 2.93323E-1 2.12598E-1 2.18515E-1 2.17531E-1 -9999 -9999 -9999 -9999 -9999 -9999
5.31285E-2 1.86355E-2 4.5435E-2 4.75234E-2 5.00919E-2 1.73287E-2 2.91763E-2 5.11299E-2 5.68511E-2 5.71014E-2 5.25588E-2 5.38152E-2 5.71861E-2 5.29882E-2 5.16652E-2 5.44671E-2 5.67015E-2 5.92081E-2 5.85664E-2 5.8392E-2 5.77495E-2 6.13378E-2 4.32033E-2 4.33342E-2 4.50004E-2 4.41156E-2 4.64505E-2 4.80401E-2 4.90344E-2 4.96811E-2 4.97569E-2 5.31011E-2 5.44183E-2 5.71947E-2 5.85477E-2 6.16241E-2 6.37326E-2 9.80349E-2 9.81535E-2 9.78588E-2 1.04104E-1 1.14429E-1 1.15758E-1 1.15347E-1 1.20038E-1 1.27648E-1 1.34302E-1 1.35365E-1 8.53592E-2 1.29833E-1 1.33199E-1 2.90145E-1 2.95487E-1 1.73214E-1 1.82655E-1 2.26081E-1 -9999 -9999 -9999 -9999 -9999 -9999
4.61288E-2 1.83635E-2 4.44208E-2 5.08422E-2 5.22306E-2 5.25441E-2 4.99349E-2 4.61231E-2 4.83043E-2 5.45096E-2 5.98143E-2 5.72609E-2 5.79484E-2 5.62061E-2 5.15979E-2 5.35968E-2 5.80129E-2 5.78693E-2 5.78485E-2 6.01223E-2 6.02125E-2 4.30078E-2 4.45198E-2 4.425E-2 4.63096E-2 4.7161E-2 5.03219E-2 4.93038E-2 4.94544E-2 5.13296E-2 5.37883E-2 5.492E-2 5.74574E-2 5.91801E-2 6.22886E-2 9.61829E-2 9.84802E-2 9.99781E-2 1.03203E-1 1.06227E-1 1.10151E-1 1.20422E-1 1.19955E-1 1.21195E-1 1.27171E-1 1.34988E-1 1.3762E-1 1.42706E-1 3.21398E-1 1.38399E-1 1.39549E-1 3.07017E-1 3.12931E-1 2.20144E-1 1.84652E-1 2.26916E-1 -9999 -9999 -9999 -9999 -9999 -9999
4.64799E-2 1.79455E-2 1.77281E-2 5.18102E-2 5.2262E-2 5.2743E-2 1.79222E-2 3.31174E-2 4.96713E-2 4.76736E-2 5.33262E-2 6.07021E-2 6.04008E-2 6.03104E-2 5.50532E-2 5.31936E-2 6.31883E-2 6.29962E-2 6.36594E-2 6.2902E-2 6.52343E-2 6.57664E-2 4.57245E-2 4.64243E-2 4.85325E-2 4.97569E-2 4.96791E-2 5.18035E-2 5.23619E-2 5.46175E-2 5.53071E-2 5.82555E-2 5.9362E-2 6.21933E-2 9.29995E-2 9.8629E-2 1.04694E-1 1.05809E-1 1.09092E-1 1.05306E-1 1.14777E-1 1.22992E-1 1.25014E-1 1.29452E-1 1.33805E-1 1.37493E-1 1.41014E-1 5.11941E-1 1.49655E-1 1.40718E-1 3.12411E-1 3.17812E-1 2.52472E-1 2.24274E-1 1.91618E-1 2.36206E-1 -9999 -9999 -9999 -9999 -9999 -9999
1.77874E-2 1.89094E-2 5.17908E-2 5.28797E-2 5.51177E-2 5.69272E-2 5.59266E-2 5.37617E-2 5.56515E-2 5.79386E-2 5.45472E-2 5.67269E-2 6.2503E-2 5.89668E-2 5.92342E-2 5.80481E-2 6.00356E-2 4.6285E-2 6.91857E-2 6.47612E-2 6.75322E-2 4.68934E-2 4.74726E-2 4.96406E-2 5.10942E-2 5.11472E-2 5.07568E-2 5.29261E-2 5.61136E-2 5.61999E-2 5.6895E-2 6.04647E-2 9.18914E-2 9.3423E-2 9.85698E-2 9.99841E-2 1.05011E-1 1.1214E-1 1.14608E-1 4.33687E-2 1.19432E-1 1.27586E-1 1.30277E-1 1.35577E-1 1.34476E-1 1.42148E-1 5.19798E-1 3.29035E-1 3.00949E-1 3.06915E-1 2.56342E-1 2.61964E-1 1.87213E-1 2.32237E-1 1.25749E-1 2.40548E-1 -9999 -9999 -9999 -9999 -9999 -9999
3.56064E-2 5.22344E-2 5.4859E-2 5.31219E-2 5.49041E-2 5.51551E-2 5.65062E-2 5.78081E-2 5.30997E-2 5.21386E-2 5.76916E-2 5.81312E-2 6.27167E-2 6.8723E-2 6.85344E-2 6.78141E-2 6.77117E-2 4.74618E-2 7.2419E-2 4.88691E-2 4.80558E-2 4.82456E-2 4.9318E-2 4.98502E-2 5.24301E-2 5.43086E-2 5.46915E-2 5.48219E-2 5.75101E-2 5.75539E-2 8.76379E-2 8.83061E-2 9.45615E-2 9.47911E-2 1.00288E-1 1.02209E-1 1.08997E-1 1.15674E-1 1.1786E-1 4.52171E-2 1.23803E-1 1.28788E-1 1.32604E-1 1.36207E-1 1.4035E-1 7.5406E-2 5.049E-1 1.45095E-1 3.06381E-1 3.07746E-1 3.12636E-1 3.16587E-1 1.88031E-1 1.21308E-1 1.26414E-1 1.2956E-1 -9999 -9999 -9999 -9999 -9999 -9999
5.43507E-2 3.67094E-2 5.65161E-2 5.66025E-2 5.8447E-2 5.68812E-2 5.87771E-2 5.60775E-2 5.40184E-2 5.35276E-2 5.77984E-2 6.04455E-2 6.51886E-2 6.70987E-2 7.04018E-2 6.94472E-2 7.17417E-2 6.91741E-2 6.90586E-2 7.0648E-2 7.21217E-2 4.96214E-2 5.02339E-2 5.29232E-2 5.25982E-2 5.61564E-2 5.72974E-2 5.93483E-2 5.92573E-2 8.69766E-2 9.10479E-2 9.39341E-2 9.52895E-2 1.01666E-1 1.02986E-1 1.11168E-1 1.10935E-1 1.2125E-1 1.21463E-1 4.72805E-2 1.2392E-1 1.32298E-1 1.37441E-1 1.43236E-1 1.48879E-1 3.3077E-2 1.49724E-1 3.23476E-1 3.21676E-1 3.23274E-1 3.27497E-1 3.34764E-1 2.35372E-1 2.37163E-1 2.04753E-1 4.00062E-1 2.71324E-1 -9999 -9999 -9999 -9999 -9999
3.88823E-2 2.20049E-2 4.11822E-2 6.27156E-2 6.09533E-2 6.33128E-2 5.96179E-2 5.99827E-2 6.12691E-2 6.37846E-2 6.40782E-2 6.4373E-2 6.87313E-2 6.84423E-2 7.12367E-2 7.01341E-2 7.07414E-2 5.07436E-2 5.51588E-2 3.03491E-2 7.85388E-2 5.28047E-2 5.42403E-2 5.47432E-2 5.54208E-2 5.6078E-2 8.98132E-2 8.84405E-2 8.84405E-2 9.34241E-2 9.30854E-2 9.45961E-2 9.895E-2 1.0511E-1 1.05271E-1 1.0943E-1 1.16624E-1 1.21095E-1 1.29034E-1 5.0555E-2 1.33586E-1 1.42463E-1 1.45219E-1 1.50168E-1 1.46671E-1 3.43679E-1 1.41253E-1 3.21205E-1 3.33293E-1 3.29303E-1 3.35712E-1 2.67819E-1 2.47388E-1 2.02343E-1 1.32777E-1 2.76295E-1 2.74116E-1 -9999 -9999 -9999 -9999 -9999
3.52098E-2 6.26494E-2 9.32772E-2 9.70366E-2 3.4487E-2 9.07012E-2 4.32949E-2 9.42533E-2 9.69422E-2 9.67958E-2 9.47594E-2 9.62038E-2 9.64952E-2 1.03587E-1 1.03332E-1 1.11262E-1 7.55953E-2 7.23054E-2 1.07944E-1 8.0976E-2 8.70355E-2 8.53549E-2 8.34282E-2 8.36826E-2 8.40658E-2 8.70931E-2 9.03639E-2 9.08358E-2 9.60463E-2 9.59004E-2 9.92509E-2 9.97039E-2 1.04557E-1 1.0569E-1 1.11103E-1 1.11676E-1 1.15676E-1 1.27864E-1 1.35127E-1 5.33543E-2 1.39601E-1 1.44923E-1 1.50235E-1 1.5258E-1 1.54658E-1 9.03775E-2 1.46386E-1 3.22634E-1 3.34887E-1 3.34099E-1 3.41886E-1 2.00215E-1 1.29556E-1 1.29639E-1 2.71367E-1 2.76905E-1 2.55709E-1 -9999 -9999 -9999 -9999 -9999
3.72778E-2 3.87815E-2 7.21015E-2 3.80402E-2 3.99785E-2 1.06873E-1 1.04792E-1 1.03941E-1 1.01316E-1 1.02397E-1 1.05292E-1 1.04388E-1 1.08229E-1 1.08393E-1 1.13557E-1 1.12436E-1 1.17916E-1 4.47786E-2 1.13961E-1 1.15965E-1 8.19909E-2 8.88459E-2 8.94972E-2 9.14153E-2 9.22553E-2 9.35932E-2 9.15688E-2 9.08733E-2 9.40218E-2 9.5029E-2 1.02196E-1 1.0142E-1 1.05529E-1 1.0827E-1 1.1049E-1 1.16736E-1 1.23148E-1 1.27018E-1 1.29169E-1 1.31951E-1 1.34148E-1 1.45713E-1 1.49134E-1 1.55103E-1 1.59517E-1 9.85077E-2 1.50978E-1 3.271E-1 3.40801E-1 3.51789E-1 3.52854E-1 2.49518E-1 2.40657E-1 2.48811E-1 4.79366E-1 2.79694E-1 3.84999E-1 -9999 -9999 -9999 -9999 -9999
4.26081E-2 4.22074E-2 4.24597E-2 4.37752E-2 1.1181E-1 1.16392E-1 1.08352E-1 1.11989E-1 1.12329E-1 1.11054E-1 1.07408E-1 1.09152E-1 1.17871E-1 1.18207E-1 1.19714E-1 1.16724E-1 1.22906E-1 1.21797E-1 8.65878E-2 4.84366E-2 4.537E-2 8.20705E-2 8.28752E-2 9.21633E-2 9.37298E-2 9.35925E-2 9.4368E-2 9.58232E-2 9.44563E-2 9.75331E-2 1.01205E-1 1.02391E-1 1.05157E-1 1.10828E-1 1.15676E-1 1.18069E-1 1.22714E-1 1.27398E-1 1.30767E-1 9.42382E-2 1.39342E-1 1.46398E-1 1.51019E-1 1.56053E-1 5.70209E-1 5.61475E-1 1.66366E-1 3.36144E-1 3.50487E-1 3.52978E-1 2.80773E-1 2.51089E-1 2.56069E-1 2.53112E-1 4.80306E-1 2.83375E-1 3.91718E-1 -9999 -9999 -9999 -9999 -9999
4.84887E-2 4.82762E-2 4.77846E-2 4.62253E-2 1.22716E-1 1.20998E-1 8.01641E-2 1.12364E-1 1.17673E-1 1.17673E-1 1.17138E-1 1.17392E-1 1.22875E-1 1.23062E-1 1.17072E-1 1.25361E-1 1.24985E-1 1.27069E-1 8.73405E-2 9.12314E-2 4.86718E-2 1.21797E-1 1.23266E-1 8.51495E-2 9.00229E-2 9.26844E-2 9.75552E-2 9.41675E-2 9.97736E-2 1.00079E-1 1.01544E-1 1.04996E-1 1.07355E-1 1.12017E-1 1.19155E-1 1.20549E-1 1.29224E-1 1.33179E-1 1.35556E-1 1.39099E-1 9.78397E-2 1.48269E-1 1.58399E-1 5.60468E-1 5.66569E-1 5.71099E-1 6.42209E-1 3.41013E-1 3.52305E-1 3.5711E-1 2.88585E-1 2.56175E-1 2.57546E-1 2.60521E-1 4.81843E-1 2.56537E-1 2.59023E-1 -9999 -9999 -9999 -9999 -9999
5.07745E-2 5.19894E-2 5.40161E-2 5.24567E-2 5.04082E-2 1.33708E-1 4.97726E-2 8.64963E-2 1.27771E-1 1.27964E-1 1.21106E-1 1.24036E-1 1.33754E-1 4.87479E-2 4.77701E-2 1.27803E-1 9.20552E-2 5.23883E-2 9.38805E-2 6.56119E-2 3.5374E-2 5.22924E-2 4.96205E-2 9.1457E-2 1.01663E-1 6.65604E-2 9.61531E-2 9.61002E-2 9.76356E-2 1.02602E-1 1.08014E-1 1.11847E-1 1.15833E-1 1.2322E-1 1.26833E-1 1.28253E-1 1.3337E-1 1.3412E-1 1.41098E-1 1.42828E-1 5.57324E-2 1.49639E-1 5.56162E-1 5.68092E-1 5.80242E-1 5.91585E-1 3.50251E-1 3.51035E-1 3.54645E-1 3.53639E-1 2.57008E-1 2.55723E-1 2.57616E-1 4.79689E-1 4.86752E-1 4.58346E-1 3.88818E-1 2.63853E-1 -9999 -9999 -9999 -9999
5.21351E-2 5.48059E-2 9.96503E-2 5.88537E-2 5.6215E-2 5.52403E-2 5.40415E-2 1.36387E-1 1.33749E-1 1.33227E-1 4.87899E-2 1.32878E-1 1.40833E-1 5.62772E-2 5.34002E-2 9.70399E-2 9.719E-2 3.76283E-2 1.01993E-1 1.01957E-1 3.94299E-2 4.13789E-2 4.07383E-2 3.90309E-2 1.02383E-1 1.07094E-1 4.13171E-2 4.13826E-2 4.1514E-2 1.08081E-1 1.10853E-1 1.1952E-1 1.24468E-1 1.27864E-1 1.2774E-1 1.30691E-1 1.32742E-1 1.38118E-1 1.4261E-1 1.4896E-1 5.89894E-2 1.52E-1 5.63333E-1 5.76098E-1 9.0578E-1 8.7725E-1 3.64473E-1 3.56715E-1 3.56066E-1 2.85994E-1 2.55234E-1 2.59284E-1 2.56891E-1 4.89939E-1 4.87862E-1 4.65196E-1 4.58676E-1 2.55272E-1 -9999 -9999 -9999 -9999
