day_2/Results/Podomys_floridanus/projections/2000/RUN_0.asc
ncols         385
nrows         252
xllcorner     -91.50013924285
yllcorner     25.49986064915003
cellsize      0.041666666500000005
NODATA_value  -9999
[rows 140 to 167 of 252, columns 0 to 61 of 385]
1.47454E-3 1.53838E-3 1.63769E-3 1.85595E-3 1.85595E-3 1.93684E-3 1.82044E-3 2.28476E-3 2.28476E-3 5.98547E-3 4.80796E-3 5.5274E-3 2.06471E-3 4.63364E-3 5.11416E-3 4.54459E-3 6.24254E-3 6.50249E-3 6.46735E-3 8.82344E-3 7.53306E-3 1.02261E-2 1.02557E-2 1.06261E-2 1.26711E-2 1.46818E-2 -9999 -9999 -9999 -9999 -9999 -9999 -9999 -9999 -9999 -9999 -9999 -9999 2.52409E-1 2.52409E-1 -9999 2.17337E-1 1.92705E-1 2.35619E-1 2.44733E-1 2.5918E-1 2.69447E-1 -9999 2.73992E-1 2.89134E-1 2.78537E-1 -9999 -9999 -9999 2.72245E-1 2.72245E-1 -9999 -9999 -9999 -9999 -9999 -9999
1.60819E-3 1.71103E-3 1.82044E-3 2.1487E-3 2.1487E-3 2.1487E-3 2.23487E-3 2.23487E-3 2.23487E-3 2.32915E-3 2.57603E-3 2.2862E-3 2.24603E-3 2.24094E-3 2.33637E-3 2.58058E-3 2.43525E-3 5.76719E-3 6.72557E-3 7.82278E-3 8.56558E-3 9.387E-3 9.72923E-3 1.32318E-2 1.36908E-2 1.34373E-2 9.76728E-2 -9999 -9999 -9999 -9999 -9999 -9999 -9999 -9999 -9999 -9999 1.73393E-1 1.73393E-1 1.87972E-1 2.08221E-1 2.21746E-1 2.30292E-1 2.34753E-1 2.44098E-1 -9999 -9999 -9999 2.76783E-1 -9999 -9999 -9999 2.96106E-1 2.81321E-1 2.81321E-1 2.71348E-1 -9999 -9999 -9999 -9999 -9999 -9999
1.7872E-3 1.86628E-3 2.23487E-3 2.23487E-3 2.23487E-3 2.32915E-3 2.4738E-3 2.4268E-3 2.4268E-3 2.3828E-3 2.52216E-3 2.47722E-3 2.47722E-3 2.29809E-3 2.68144E-3 5.76719E-3 5.67323E-3 6.61062E-3 6.85925E-3 7.96056E-3 8.72698E-3 9.72923E-3 1.36908E-2 1.36908E-2 1.49256E-2 9.29325E-2 1.00779E-1 1.54631E-1 1.66462E-1 1.78494E-1 1.91455E-1 -9999 -9999 -9999 -9999 1.80235E-1 1.92199E-1 1.92199E-1 1.84403E-1 1.96049E-1 2.08512E-1 2.16965E-1 2.2138E-1 2.30161E-1 -9999 -9999 -9999 -9999 2.81321E-1 2.85283E-1 2.89808E-1 2.89808E-1 2.89808E-1 2.89808E-1 2.79866E-1 2.84399E-1 -9999 -9999 -9999 -9999 -9999 -9999
2.06471E-3 2.19295E-3 2.32915E-3 2.57603E-3 2.57603E-3 2.57019E-3 2.6818E-3 2.52216E-3 2.62655E-3 2.62655E-3 2.58058E-3 2.5747E-3 6.10728E-3 5.3603E-3 5.06459E-3 6.5955E-3 6.13773E-3 7.13172E-3 7.82756E-3 8.70694E-3 1.06735E-2 1.23109E-2 1.34373E-2 9.76728E-2 1.00779E-1 1.09104E-1 1.40849E-1 1.59021E-1 1.78494E-1 1.91455E-1 2.04979E-1 2.09997E-1 1.45862E-1 1.55966E-1 1.72781E-1 1.76888E-1 1.80653E-1 1.84841E-1 1.92456E-1 2.04674E-1 2.12886E-1 2.25351E-1 2.29808E-1 -9999 -9999 -9999 2.70197E-1 2.79866E-1 2.79866E-1 2.79866E-1 2.94326E-1 2.94326E-1 2.88928E-1 2.88928E-1 2.88928E-1 2.7928E-1 -9999 -9999 -9999 -9999 -9999 -9999
2.67572E-3 2.67572E-3 2.52216E-3 2.78487E-3 2.78487E-3 2.95272E-3 2.62655E-3 2.73457E-3 2.58058E-3 6.10728E-3 6.10728E-3 6.00437E-3 6.2497E-3 5.28064E-3 5.80587E-3 6.75014E-3 7.02052E-3 9.08337E-3 1.01148E-2 1.04961E-2 1.08888E-2 7.9988E-2 9.59483E-2 1.03953E-1 1.40849E-1 1.45035E-1 1.56248E-1 1.67667E-1 1.79982E-1 2.01266E-1 1.39633E-1 1.49423E-1 1.72781E-1 1.76509E-1 1.73364E-1 1.84841E-1 1.89071E-1 1.89071E-1 1.92931E-1 2.04979E-1 -9999 -9999 -9999 -9999 -9999 -9999 2.74738E-1 2.7928E-1 2.7928E-1 2.83247E-1 2.92863E-1 2.92863E-1 2.97372E-1 2.87778E-1 2.87778E-1 2.82974E-1 -9999 -9999 -9999 -9999 -9999 -9999
3.25382E-3 3.2464E-3 3.07063E-3 3.06363E-3 6.84859E-3 6.84859E-3 6.10728E-3 6.35478E-3 6.35478E-3 5.90844E-3 7.25111E-3 6.85925E-3 7.13172E-3 5.72324E-3 6.29641E-3 7.74703E-3 8.48367E-3 8.94753E-3 9.80109E-3 7.23354E-2 7.4916E-2 1.12919E-1 1.34388E-1 1.38472E-1 1.49301E-1 1.60345E-1 1.64853E-1 1.76944E-1 1.22384E-1 1.33649E-1 1.58696E-1 1.69646E-1 1.73364E-1 1.77494E-1 1.74524E-1 1.78305E-1 1.82507E-1 1.82507E-1 1.94041E-1 2.05952E-1 2.09919E-1 2.22229E-1 2.25854E-1 -9999 -9999 2.73883E-1 2.73883E-1 2.73883E-1 2.78429E-1 2.78429E-1 2.92303E-1 2.92303E-1 2.91714E-1 2.86935E-1 2.86935E-1 2.86935E-1 -9999 -9999 -9999 -9999 -9999 -9999
7.97233E-3 7.53306E-3 7.53306E-3 7.82278E-3 7.39593E-3 7.39593E-3 7.25111E-3 6.85925E-3 7.5348E-3 6.75014E-3 7.41311E-3 7.80958E-3 9.08337E-3 8.6076E-3 7.62658E-3 8.82152E-3 8.36893E-3 6.2161E-2 6.78054E-2 9.30211E-2 1.01045E-1 1.20385E-1 1.35947E-1 1.46562E-1 1.57725E-1 1.69436E-1 1.12254E-1 1.20318E-1 1.43272E-1 1.66339E-1 1.66339E-1 1.63574E-1 1.74524E-1 1.78305E-1 1.82507E-1 1.86755E-1 1.79711E-1 1.77096E-1 1.87838E-1 2.06723E-1 2.06723E-1 2.18361E-1 2.30758E-1 2.34799E-1 -9999 2.73883E-1 2.65027E-1 2.73323E-1 2.77877E-1 2.77877E-1 2.86935E-1 2.91466E-1 2.91466E-1 2.86982E-1 2.86982E-1 2.77621E-1 -9999 -9999 -9999 -9999 -9999 -9999
9.05447E-3 9.05447E-3 8.88529E-3 8.41028E-3 7.96056E-3 8.2651E-3 8.2651E-3 7.41311E-3 9.58531E-3 9.08337E-3 8.94753E-3 9.43663E-3 9.29848E-3 6.53887E-2 6.2161E-2 6.44982E-2 6.69038E-2 8.74537E-2 9.1779E-2 9.96776E-2 1.07833E-1 1.22193E-1 1.31926E-1 1.54936E-1 1.07131E-1 1.10223E-1 1.31538E-1 1.46773E-1 1.50645E-1 1.60983E-1 1.67268E-1 1.71367E-1 1.75515E-1 1.66328E-1 1.70096E-1 1.80945E-1 1.74277E-1 1.85224E-1 1.96529E-1 1.96107E-1 2.0773E-1 2.19672E-1 2.27369E-1 2.39348E-1 2.5207E-1 2.60446E-1 2.69047E-1 2.73618E-1 2.73618E-1 2.78191E-1 2.86398E-1 2.90938E-1 2.90938E-1 2.82187E-1 2.82187E-1 -9999 -9999 -9999 -9999 -9999 -9999 2.58538E-1
1.18844E-2 1.18844E-2 1.18844E-2 1.06735E-2 1.04961E-2 1.04961E-2 1.04961E-2 1.03307E-2 9.80109E-3 9.80109E-3 6.2161E-2 6.44982E-2 6.44982E-2 6.69038E-2 8.74537E-2 8.74537E-2 9.50516E-2 1.03135E-1 1.01858E-1 1.06444E-1 1.26113E-1 1.35733E-1 8.95587E-2 1.17233E-1 1.25731E-1 1.34919E-1 1.3865E-1 1.4213E-1 1.51982E-1 1.55951E-1 1.65966E-1 1.65966E-1 1.76713E-1 1.5557E-1 1.7201E-1 1.69535E-1 1.63415E-1 1.86714E-1 1.97907E-1 2.08974E-1 2.16241E-1 2.28269E-1 2.35984E-1 2.40566E-1 2.48504E-1 2.60713E-1 2.6906E-1 2.73646E-1 2.82187E-1 2.73646E-1 2.78235E-1 2.86751E-1 2.91312E-1 2.90718E-1 2.82244E-1 -9999 -9999 -9999 -9999 -9999 2.62646E-1 -9999
8.55533E-2 8.55533E-2 8.13299E-2 7.9988E-2 7.60695E-2 7.23354E-2 7.4916E-2 7.4916E-2 6.78054E-2 7.38425E-2 7.02908E-2 9.1779E-2 8.74537E-2 9.06293E-2 9.81923E-2 1.06444E-1 1.01632E-1 1.15192E-1 1.24446E-1 8.18337E-2 8.83555E-2 1.11956E-1 1.15336E-1 1.18783E-1 1.27538E-1 1.36409E-1 1.40187E-1 1.44027E-1 1.47602E-1 1.57523E-1 1.61595E-1 1.67828E-1 1.71635E-1 1.63774E-1 1.67595E-1 1.67595E-1 1.65809E-1 1.81985E-1 1.99519E-1 2.06397E-1 2.17552E-1 2.24847E-1 2.29425E-1 2.49267E-1 2.57188E-1 2.61808E-1 2.69921E-1 2.69921E-1 2.73967E-1 2.82244E-1 2.82244E-1 2.86825E-1 2.86825E-1 2.86825E-1 -9999 -9999 -9999 -9999 -9999 -9999 2.71968E-1 -9999
1.24301E-1 1.24301E-1 1.12919E-1 8.14688E-2 1.02516E-1 9.63066E-2 1.11915E-1 1.21363E-1 1.27177E-1 1.04516E-1 1.03135E-1 1.02907E-1 1.01632E-1 1.10069E-1 1.10069E-1 1.1874E-1 8.18337E-2 7.82137E-2 1.0275E-1 1.10444E-1 1.18783E-1 1.22296E-1 1.25876E-1 1.25597E-1 1.29236E-1 1.38382E-1 1.41904E-1 1.45796E-1 1.4975E-1 1.53426E-1 1.63415E-1 1.63415E-1 1.61622E-1 1.65444E-1 1.69681E-1 1.73974E-1 1.73974E-1 1.84059E-1 2.01368E-1 2.0809E-1 2.19584E-1 2.26709E-1 2.31332E-1 2.38154E-1 2.50304E-1 2.57998E-1 2.70516E-1 2.70516E-1 2.75152E-1 2.75152E-1 2.83185E-1 2.82601E-1 -9999 2.87202E-1 -9999 -9999 -9999 -9999 -9999 -9999 -9999 -9999
1.32181E-1 1.20385E-1 1.1486E-1 1.23972E-1 1.1323E-1 1.25178E-1 1.2358E-1 1.2358E-1 1.2358E-1 1.33629E-1 1.15192E-1 1.1874E-1 1.1874E-1 7.82137E-2 8.45068E-2 9.83091E-2 1.15336E-1 1.13815E-1 1.22296E-1 1.22296E-1 1.309E-1 1.40187E-1 1.38382E-1 1.42219E-1 1.31109E-1 1.40236E-1 1.38392E-1 1.42279E-1 1.51768E-1 1.55842E-1 1.59624E-1 1.59624E-1 1.63812E-1 1.68059E-1 1.71986E-1 1.77932E-1 1.82326E-1 1.92971E-1 1.99347E-1 2.1003E-1 2.16781E-1 2.28352E-1 2.4015E-1 2.47464E-1 2.47464E-1 2.59091E-1 2.66746E-1 2.71403E-1 2.79214E-1 2.79214E-1 2.83847E-1 -9999 -9999 -9999 -9999 -9999 -9999 -9999 -9999 -9999 -9999 2.62691E-1
1.37986E-1 1.31926E-1 1.26113E-1 1.45831E-1 1.50408E-1 1.43925E-1 1.37699E-1 9.10402E-2 9.95863E-2 9.52225E-2 9.40495E-2 9.40495E-2 1.01238E-1 1.09043E-1 1.18783E-1 1.27538E-1 1.32693E-1 1.4213E-1 1.45976E-1 1.49881E-1 1.53846E-1 1.53508E-1 1.51556E-1 1.4975E-1 1.47757E-1 1.42279E-1 1.4088E-1 1.4484E-1 1.48535E-1 1.58126E-1 1.62326E-1 1.62326E-1 1.66219E-1 1.70533E-1 1.80754E-1 1.80356E-1 1.90856E-1 1.95398E-1 2.01638E-1 2.12682E-1 2.19285E-1 2.30259E-1 2.37203E-1 2.49025E-1 2.5631E-1 2.61018E-1 2.68457E-1 2.68457E-1 2.80151E-1 2.80151E-1 -9999 -9999 -9999 -9999 -9999 -9999 -9999 -9999 -9999 -9999 1.88319E-1 2.67451E-1
1.12205E-1 1.0738E-1 1.0738E-1 1.02521E-1 1.02521E-1 1.01238E-1 1.01238E-1 9.69114E-2 1.09043E-1 1.04458E-1 1.12408E-1 1.07749E-1 1.25597E-1 1.309E-1 1.40187E-1 1.45976E-1 1.55951E-1 1.65966E-1 1.65966E-1 1.70096E-1 1.61595E-1 1.6536E-1 1.6536E-1 1.63415E-1 1.55842E-1 1.44517E-1 1.43258E-1 1.52619E-1 1.56421E-1 1.60626E-1 1.64895E-1 1.64895E-1 1.68852E-1 1.78943E-1 1.78943E-1 1.83423E-1 1.93892E-1 1.99552E-1 2.10907E-1 2.1045E-1 2.21585E-1 2.32934E-1 2.39708E-1 2.46121E-1 2.57944E-1 2.65182E-1 2.69905E-1 -9999 2.77279E-1 -9999 -9999 -9999 -9999 -9999 -9999 -9999 -9999 -9999 -9999 -9999 1.91398E-1 -9999
1.13815E-1 1.13815E-1 1.16993E-1 1.12157E-1 1.12157E-1 1.12157E-1 1.15584E-1 1.15584E-1 1.15584E-1 1.14286E-1 1.1908E-1 1.27698E-1 1.32646E-1 1.47602E-1 1.53508E-1 1.70096E-1 1.74277E-1 1.87838E-1 1.84824E-1 1.84824E-1 1.82394E-1 1.79744E-1 1.71454E-1 1.65444E-1 1.63812E-1 1.61966E-1 1.55203E-1 1.49947E-1 1.59426E-1 1.6335E-1 1.67693E-1 1.67693E-1 1.77682E-1 1.82186E-1 1.81784E-1 1.92128E-1 2.02731E-1 2.02731E-1 2.13575E-1 2.19394E-1 2.30597E-1 2.30597E-1 2.41986E-1 2.48732E-1 2.55633E-1 2.67451E-1 2.66888E-1 1.93139E-1 -9999 -9999 -9999 -9999 -9999 -9999 -9999 -9999 -9999 -9999 1.35115E-1 -9999 -9999 -9999
1.23785E-1 1.23785E-1 1.24062E-1 1.27413E-1 1.27413E-1 1.32646E-1 1.27413E-1 1.31109E-1 1.31109E-1 1.25999E-1 1.34871E-1 1.40236E-1 1.49419E-1 1.55228E-1 1.71635E-1 1.82394E-1 1.89141E-1 2.00075E-1 1.93085E-1 1.97481E-1 1.95072E-1 1.88428E-1 1.80073E-1 1.61966E-1 1.71986E-1 1.70533E-1 1.69227E-1 1.58009E-1 1.57082E-1 1.66677E-1 1.7073E-1 1.7618E-1 1.80703E-1 1.90949E-1 1.90949E-1 2.01009E-1 2.01009E-1 2.11726E-1 2.17864E-1 2.2895E-1 2.35392E-1 2.46802E-1 2.46802E-1 1.77799E-1 1.82789E-1 1.68569E-1 1.73327E-1 1.76583E-1 -9999 -9999 -9999 -9999 -9999 -9999 -9999 1.40022E-1 1.40022E-1 1.37406E-1 1.37406E-1 -9999 -9999 -9999
-9999 -9999 -9999 1.39925E-1 1.39925E-1 1.49419E-1 1.49419E-1 1.49419E-1 1.47757E-1 1.47757E-1 1.47757E-1 1.57494E-1 1.63055E-1 1.67227E-1 1.73385E-1 1.90668E-1 2.01919E-1 2.01919E-1 1.95072E-1 1.99088E-1 2.1046E-1 2.0809E-1 1.8849E-1 1.80754E-1 1.78943E-1 1.73237E-1 1.77682E-1 1.7618E-1 1.7073E-1 1.69884E-1 1.79771E-1 1.79372E-1 1.89509E-1 1.94199E-1 1.99896E-1 2.0466E-1 2.10054E-1 2.1487E-1 2.20863E-1 2.26999E-1 1.63552E-1 1.5499E-1 1.62678E-1 1.62678E-1 1.672E-1 1.31158E-1 1.34804E-1 1.34804E-1 -9999 -9999 -9999 -9999 -9999 -9999 1.38708E-1 1.40022E-1 1.40022E-1 -9999 -9999 -9999 -9999 -9999
-9999 -9999 -9999 -9999 -9999 1.63055E-1 1.67227E-1 1.67227E-1 1.67227E-1 1.65444E-1 1.65444E-1 1.69681E-1 1.75351E-1 1.81587E-1 1.92423E-1 1.92423E-1 2.03568E-1 2.03568E-1 2.0809E-1 2.0546E-1 2.0546E-1 2.03461E-1 1.90856E-1 1.88911E-1 1.87546E-1 1.81784E-1 1.86338E-1 1.85286E-1 1.79771E-1 1.78591E-1 1.83231E-1 1.88645E-1 1.93372E-1 1.98508E-1 2.03301E-1 2.03301E-1 1.46156E-1 1.38427E-1 1.45673E-1 1.49424E-1 1.20759E-1 1.20759E-1 1.24137E-1 1.30216E-1 1.33766E-1 1.33766E-1 1.40022E-1 1.40022E-1 1.42321E-1 1.40022E-1 -9999 -9999 -9999 -9999 -9999 1.41355E-1 -9999 -9999 -9999 -9999 -9999 -9999
-9999 -9999 -9999 -9999 -9999 -9999 1.88018E-1 1.92423E-1 1.85954E-1 1.85954E-1 1.84059E-1 1.77932E-1 1.84059E-1 1.88077E-1 1.94411E-1 2.12192E-1 1.98914E-1 2.1003E-1 2.1003E-1 2.08051E-1 2.18813E-1 2.05803E-1 2.04181E-1 1.98074E-1 1.96331E-1 1.95185E-1 1.89509E-1 1.88645E-1 1.94199E-1 1.87936E-1 1.92276E-1 1.97721E-1 1.38105E-1 1.27088E-1 1.30306E-1 1.33692E-1 1.33692E-1 -9999 1.13734E-1 1.16866E-1 1.20079E-1 1.2601E-1 1.29386E-1 1.32538E-1 1.36075E-1 1.38708E-1 1.38708E-1 1.38708E-1 1.44954E-1 1.41355E-1 1.41355E-1 1.44014E-1 1.44014E-1 -9999 -9999 -9999 -9999 -9999 -9999 -9999 -9999 -9999
-9999 -9999 -9999 2.19113E-1 -9999 2.14542E-1 2.0764E-1 2.00931E-1 2.00931E-1 2.0546E-1 2.0546E-1 2.03461E-1 2.03461E-1 1.9664E-1 2.07599E-1 2.07599E-1 2.12222E-1 2.12222E-1 2.1045E-1 2.1045E-1 2.14673E-1 2.08401E-1 2.06984E-1 2.05738E-1 2.05738E-1 2.0421E-1 1.98508E-1 1.97721E-1 1.97721E-1 1.34234E-1 1.23217E-1 1.26411E-1 1.30005E-1 1.02226E-1 1.02226E-1 1.07704E-1 1.07704E-1 -9999 1.16094E-1 1.19223E-1 1.21879E-1 1.25085E-1 1.2837E-1 1.34401E-1 1.37838E-1 1.37838E-1 1.44014E-1 1.44014E-1 1.44014E-1 1.44014E-1 1.43681E-1 1.46346E-1 1.42866E-1 1.42866E-1 -9999 1.4556E-1 -9999 -9999 -9999 -9999 -9999 -9999
-9999 -9999 -9999 2.26226E-1 2.30347E-1 2.30347E-1 2.23236E-1 2.27863E-1 2.27863E-1 2.20929E-1 2.25578E-1 2.18813E-1 2.18813E-1 2.16885E-1 2.09992E-1 2.14673E-1 2.21106E-1 2.14673E-1 2.19394E-1 2.17864E-1 2.11264E-1 2.11264E-1 2.10054E-1 2.1487E-1 2.09016E-1 2.03301E-1 1.26794E-1 1.30005E-1 1.26411E-1 9.94096E-2 9.94096E-2 1.01974E-1 1.01734E-1 1.07161E-1 1.0433E-1 1.09802E-1 1.12712E-1 1.15119E-1 1.18375E-1 1.21431E-1 1.2456E-1 1.27466E-1 1.33426E-1 1.36767E-1 1.36767E-1 1.42866E-1 1.46346E-1 1.46346E-1 1.46346E-1 1.49021E-1 1.49021E-1 1.4556E-1 1.4556E-1 1.49021E-1 1.49021E-1 1.49021E-1 1.48265E-1 -9999 -9999 -9999 -9999 -9999
-9999 -9999 -9999 -9999 2.46941E-1 2.3964E-1 2.44322E-1 2.43802E-1 2.48497E-1 2.41397E-1 2.41397E-1 2.34466E-1 2.39196E-1 2.32435E-1 2.25835E-1 2.301E-1 2.23668E-1 2.22175E-1 2.22175E-1 2.26999E-1 2.20863E-1 1.38427E-1 1.38109E-1 1.34238E-1 1.37476E-1 1.05117E-1 1.02226E-1 1.02226E-1 1.01734E-1 1.01734E-1 1.0433E-1 1.0433E-1 1.04193E-1 1.06963E-1 1.09632E-1 1.12212E-1 1.17824E-1 1.20802E-1 1.20802E-1 -9999 -9999 -9999 -9999 1.38857E-1 1.42172E-1 1.4556E-1 1.4556E-1 1.45222E-1 1.47922E-1 1.47922E-1 1.47922E-1 1.47922E-1 1.47922E-1 1.51354E-1 1.54041E-1 1.54041E-1 1.54041E-1 1.56734E-1 -9999 -9999 -9999 -9999
-9999 -9999 -9999 -9999 -9999 2.5577E-1 2.60469E-1 2.60469E-1 2.59919E-1 2.57397E-1 2.57397E-1 2.57397E-1 2.55091E-1 2.48202E-1 2.52995E-1 2.46275E-1 2.21687E-1 1.50344E-1 1.4616E-1 1.4534E-1 1.41358E-1 1.11131E-1 1.08085E-1 1.0487E-1 1.07451E-1 1.04555E-1 1.07161E-1 1.0671E-1 1.0433E-1 1.06963E-1 1.09373E-1 1.09373E-1 1.06602E-1 1.09295E-1 1.14805E-1 1.17649E-1 1.20558E-1 1.23535E-1 -9999 -9999 -9999 -9999 -9999 -9999 -9999 1.4456E-1 1.47922E-1 1.50632E-1 1.50632E-1 1.50632E-1 1.50632E-1 1.50632E-1 1.53351E-1 1.56734E-1 1.56734E-1 1.56734E-1 1.56734E-1 1.56734E-1 1.59064E-1 1.55718E-1 1.56079E-1 -9999
-9999 -9999 -9999 -9999 -9999 -9999 -9999 -9999 -9999 2.74063E-1 2.66888E-1 1.87482E-1 1.87482E-1 1.8238E-1 1.80912E-1 1.76059E-1 1.76059E-1 1.24137E-1 1.20478E-1 1.19799E-1 1.16593E-1 1.13468E-1 1.10421E-1 1.12446E-1 1.09802E-1 1.09543E-1 1.0671E-1 1.09373E-1 1.12072E-1 1.12072E-1 1.09295E-1 1.12025E-1 1.12025E-1 1.1176E-1 1.17295E-1 1.20132E-1 -9999 -9999 -9999 -9999 -9999 -9999 -9999 -9999 -9999 -9999 -9999 -9999 1.52996E-1 1.52996E-1 1.52996E-1 1.55718E-1 1.59064E-1 1.59064E-1 1.59064E-1 1.59064E-1 1.59064E-1 1.59064E-1 1.59064E-1 1.61761E-1 1.58447E-1 -9999
-9999 -9999 -9999 -9999 -9999 -9999 -9999 -9999 -9999 -9999 -9999 -9999 -9999 1.46096E-1 1.48897E-1 1.44978E-1 1.44978E-1 1.32538E-1 1.29086E-1 1.25717E-1 1.24793E-1 -9999 -9999 -9999 1.17824E-1 1.14914E-1 -9999 1.14534E-1 1.14534E-1 1.14534E-1 1.17295E-1 1.12931E-1 1.09574E-1 1.09574E-1 1.2009E-1 -9999 -9999 -9999 -9999 -9999 -9999 -9999 -9999 -9999 -9999 -9999 -9999 -9999 -9999 1.58447E-1 1.58447E-1 1.58447E-1 1.61761E-1 1.61761E-1 1.61761E-1 1.61761E-1 1.61761E-1 1.64462E-1 1.64462E-1 1.64462E-1 1.64462E-1 -9999
-9999 -9999 -9999 -9999 -9999 -9999 -9999 -9999 -9999 -9999 -9999 -9999 -9999 -9999 1.51362E-1 1.54182E-1 1.50296E-1 1.46499E-1 1.34089E-1 1.30739E-1 1.30161E-1 1.29389E-1 1.32129E-1 1.26282E-1 1.23244E-1 1.23033E-1 1.20132E-1 1.20132E-1 -9999 1.19806E-1 1.2009E-1 1.16507E-1 1.06032E-1 -9999 -9999 -9999 -9999 -9999 -9999 -9999 -9999 -9999 -9999 -9999 -9999 -9999 -9999 -9999 -9999 -9999 1.60808E-1 1.60808E-1 1.60808E-1 1.60808E-1 1.64081E-1 1.64462E-1 1.66778E-1 1.66778E-1 1.70071E-1 1.66778E-1 -9999 -9999
-9999 -9999 -9999 -9999 -9999 -9999 -9999 -9999 -9999 -9999 -9999 -9999 1.69162E-1 1.65022E-1 1.67435E-1 1.63794E-1 1.59856E-1 1.62333E-1 1.58509E-1 1.54767E-1 1.39137E-1 -9999 -9999 1.32129E-1 1.31802E-1 1.31802E-1 1.31276E-1 1.28333E-1 1.2545E-1 1.2545E-1 -9999 -9999 -9999 -9999 -9999 -9999 -9999 -9999 -9999 -9999 -9999 -9999 -9999 -9999 -9999 -9999 -9999 -9999 -9999 -9999 1.63541E-1 1.63541E-1 1.60362E-1 1.63541E-1 1.66278E-1 1.66278E-1 1.66278E-1 1.69475E-1 1.72726E-1 -9999 -9999 -9999
-9999 -9999 -9999 -9999 -9999 -9999 -9999 -9999 -9999 -9999 -9999 -9999 -9999 -9999 1.70229E-1 1.66239E-1 1.66239E-1 1.61385E-1 1.61385E-1 -9999 -9999 -9999 -9999 -9999 -9999 -9999 -9999 -9999 -9999 -9999 -9999 -9999 -9999 -9999 -9999 -9999 -9999 -9999 -9999 -9999 -9999 -9999 -9999 -9999 -9999 -9999 -9999 -9999 -9999 -9999 -9999 1.65892E-1 1.65892E-1 -9999 1.68626E-1 1.68626E-1 1.68626E-1 -9999 -9999 -9999 -9999 -9999
