day_2/Results/Podomys_floridanus/projections/2000/RUN_3.asc
ncols         385
nrows         252
xllcorner     -91.50013924285
yllcorner     25.49986064915003
cellsize      0.041666666500000005
NODATA_value  -9999
[rows 140 to 167 of 252, columns 0 to 61 of 385]
4.23892E-3 4.34342E-3 4.54456E-3 4.97249E-3 4.97249E-3 5.16761E-3 4.94207E-3 5.77741E-3 6.04379E-3 1.10465E-2 7.37049E-3 1.06749E-2 5.46634E-3 6.76294E-3 7.44889E-3 7.03912E-3 1.14387E-2 1.15295E-2 8.94508E-3 1.4668E-2 1.03942E-2 1.62591E-2 1.7157E-2 1.06431E-2 1.85951E-2 2.18731E-2 -9999 -9999 -9999 -9999 -9999 -9999 -9999 -9999 -9999 -9999 -9999 -9999 9.30298E-2 9.30298E-2 -9999 2.23536E-1 1.7812E-1 2.36793E-1 2.43609E-1 2.53671E-1 2.64128E-1 -9999 2.6731E-1 2.81346E-1 2.73991E-1 -9999 -9999 -9999 2.69987E-1 2.69987E-1 -9999 -9999 -9999 -9999 -9999 -9999
4.51761E-3 4.7255E-3 4.94207E-3 5.52878E-3 5.52878E-3 5.52878E-3 5.74329E-3 5.74329E-3 5.83025E-3 5.96569E-3 6.37304E-3 5.84494E-3 5.81507E-3 5.81507E-3 6.04224E-3 6.45397E-3 6.18422E-3 7.40246E-3 8.23432E-3 9.28033E-3 9.87589E-3 1.06598E-2 1.08843E-2 1.54136E-2 1.59637E-2 1.56695E-2 1.22176E-1 -9999 -9999 -9999 -9999 -9999 -9999 -9999 -9999 -9999 -9999 6.90942E-2 2.13993E-1 2.01636E-1 2.17096E-1 2.26591E-1 2.36262E-1 2.39392E-1 2.46191E-1 -9999 -9999 -9999 2.76753E-1 -9999 -9999 -9999 2.94389E-1 2.80054E-1 2.80054E-1 2.72833E-1 -9999 -9999 -9999 -9999 -9999 -9999
4.91329E-3 5.03195E-3 5.74329E-3 5.74329E-3 5.74329E-3 5.87672E-3 6.23051E-3 6.10384E-3 6.10384E-3 6.07206E-3 6.33926E-3 6.21348E-3 6.30753E-3 5.92467E-3 6.60333E-3 7.40246E-3 7.26076E-3 8.19898E-3 8.3845E-3 9.44381E-3 1.00474E-2 1.10487E-2 1.59637E-2 1.59637E-2 1.69253E-2 1.17845E-1 1.24459E-1 1.47314E-1 1.55028E-1 1.65246E-1 1.75938E-1 -9999 -9999 -9999 -9999 1.95605E-1 2.04595E-1 2.10147E-1 1.98535E-1 2.10373E-1 2.19725E-1 2.26158E-1 2.32312E-1 2.3896E-1 -9999 -9999 -9999 -9999 2.80054E-1 2.76567E-1 2.79832E-1 2.82396E-1 2.79832E-1 2.79832E-1 2.72742E-1 2.78556E-1 -9999 -9999 -9999 -9999 -9999 -9999
5.46634E-3 5.71108E-3 5.96569E-3 6.37304E-3 6.37304E-3 6.46949E-3 6.617E-3 6.33926E-3 6.48512E-3 6.58326E-3 6.45397E-3 6.45397E-3 7.72167E-3 6.95997E-3 6.67042E-3 8.19898E-3 7.717E-3 8.70322E-3 9.26804E-3 1.01992E-2 1.3162E-2 1.47656E-2 1.56695E-2 1.22176E-1 1.24459E-1 1.33175E-1 1.35595E-1 1.49883E-1 1.65246E-1 1.73549E-1 1.84584E-1 1.87497E-1 1.99105E-1 1.52777E-1 1.89701E-1 1.92601E-1 1.95527E-1 2.01167E-1 2.0723E-1 2.19379E-1 2.25785E-1 2.38592E-1 2.41817E-1 -9999 -9999 -9999 2.68218E-1 2.72742E-1 2.72742E-1 2.75255E-1 2.85699E-1 2.85699E-1 2.81871E-1 2.81871E-1 2.81871E-1 2.7559E-1 -9999 -9999 -9999 -9999 -9999 -9999
6.617E-3 6.617E-3 6.33926E-3 6.76739E-3 6.76739E-3 7.16748E-3 6.58326E-3 6.73424E-3 6.45397E-3 7.72167E-3 7.72167E-3 7.57316E-3 7.74723E-3 6.93273E-3 7.40141E-3 8.35269E-3 8.5428E-3 1.1669E-2 1.26466E-2 1.31164E-2 1.34004E-2 1.0559E-1 1.20084E-1 1.2857E-1 1.35595E-1 1.39989E-1 1.47429E-1 1.57274E-1 1.67589E-1 1.81661E-1 1.93031E-1 1.48045E-1 1.89701E-1 1.92601E-1 1.92272E-1 2.01167E-1 2.06936E-1 2.06936E-1 2.10011E-1 2.22254E-1 -9999 -9999 -9999 -9999 -9999 -9999 2.71514E-1 2.74826E-1 2.7559E-1 2.78925E-1 2.85988E-1 2.85988E-1 2.89339E-1 2.82276E-1 2.82276E-1 2.78672E-1 -9999 -9999 -9999 -9999 -9999 -9999
7.64185E-3 7.64185E-3 7.32782E-3 7.32782E-3 8.39734E-3 8.39734E-3 7.72167E-3 7.89754E-3 7.89754E-3 7.54208E-3 8.73719E-3 8.51127E-3 8.70322E-3 7.37542E-3 7.86852E-3 1.0328E-2 1.10049E-2 1.16318E-2 1.23783E-2 9.80138E-2 1.00027E-1 1.15509E-1 1.32796E-1 1.35236E-1 1.44503E-1 1.52113E-1 1.56923E-1 1.6495E-1 1.75604E-1 1.87089E-1 1.78276E-1 1.86793E-1 1.92272E-1 1.95229E-1 1.94984E-1 1.98001E-1 2.03764E-1 2.03764E-1 2.12944E-1 2.25285E-1 2.22005E-1 2.3149E-1 2.34654E-1 -9999 -9999 2.71961E-1 2.71961E-1 2.71961E-1 2.75309E-1 2.75309E-1 2.85641E-1 2.85641E-1 2.85641E-1 2.82052E-1 2.82052E-1 2.82052E-1 -9999 -9999 -9999 -9999 -9999 -9999
9.32297E-3 8.94661E-3 8.94661E-3 9.28033E-3 8.90654E-3 8.90654E-3 8.73719E-3 8.3845E-3 9.06679E-3 8.35269E-3 8.89885E-3 9.4081E-3 1.1669E-2 1.12058E-2 1.01448E-2 1.14257E-2 1.09742E-2 8.7495E-2 9.28143E-2 9.97814E-2 1.0716E-1 1.21733E-1 1.34915E-1 1.42181E-1 1.51786E-1 1.59642E-1 1.64644E-1 1.26019E-1 1.64814E-1 1.83973E-1 1.86489E-1 1.83723E-1 1.94984E-1 1.98001E-1 2.03764E-1 2.06873E-1 2.03637E-1 2.00848E-1 2.01929E-1 2.19023E-1 2.19023E-1 2.29078E-1 2.38673E-1 2.41968E-1 -9999 2.71799E-1 2.65022E-1 2.71799E-1 2.75175E-1 2.75175E-1 2.82052E-1 2.85447E-1 2.85447E-1 2.81979E-1 2.81979E-1 2.75189E-1 -9999 -9999 -9999 -9999 -9999 -9999
1.04391E-2 1.04391E-2 1.02399E-2 9.83469E-3 9.44381E-3 9.65076E-3 9.65076E-3 9.03336E-3 1.21491E-2 1.1669E-2 1.16318E-2 1.21092E-2 1.18936E-2 9.08915E-2 8.7495E-2 8.93728E-2 9.26024E-2 9.45713E-2 9.95646E-2 1.05427E-1 1.13122E-1 1.23831E-1 1.32516E-1 1.49413E-1 1.59359E-1 1.17952E-1 1.54568E-1 1.69886E-1 1.72708E-1 1.83522E-1 1.89191E-1 1.94791E-1 1.97841E-1 1.8937E-1 1.87507E-1 1.96165E-1 1.92372E-1 2.01163E-1 2.10154E-1 2.10764E-1 2.19969E-1 2.29354E-1 2.35609E-1 2.45286E-1 2.55117E-1 2.61706E-1 2.68393E-1 2.71782E-1 2.71782E-1 2.75189E-1 2.81979E-1 2.85405E-1 2.85405E-1 2.78614E-1 2.78614E-1 -9999 -9999 -9999 -9999 -9999 -9999 2.59208E-1
1.42487E-2 1.42487E-2 1.42487E-2 1.3162E-2 1.29215E-2 1.31164E-2 1.31164E-2 1.28805E-2 1.23783E-2 1.27547E-2 8.7495E-2 8.93728E-2 9.06663E-2 9.26024E-2 9.45713E-2 9.59361E-2 1.0164E-1 1.09123E-1 1.07411E-1 1.11341E-1 1.2801E-1 1.36921E-1 1.3949E-1 1.42238E-1 1.49627E-1 1.59435E-1 1.62182E-1 1.67243E-1 1.75431E-1 1.80792E-1 1.82038E-1 1.8453E-1 1.93127E-1 1.74247E-1 1.8982E-1 1.87348E-1 1.82463E-1 2.02241E-1 2.11229E-1 2.20404E-1 2.26468E-1 2.35946E-1 2.42236E-1 2.45585E-1 2.51989E-1 2.61885E-1 2.68491E-1 2.71912E-1 2.78614E-1 2.71912E-1 2.75351E-1 2.82056E-1 2.85514E-1 2.85514E-1 2.78809E-1 -9999 -9999 -9999 -9999 -9999 2.6267E-1 -9999
1.09904E-1 1.11476E-1 1.05918E-1 1.0559E-1 1.03206E-1 9.94254E-2 1.01466E-1 1.00027E-1 9.4155E-2 9.97814E-2 9.61366E-2 9.81511E-2 9.59361E-2 9.79654E-2 1.05239E-1 1.11341E-1 1.07411E-1 1.19362E-1 1.26037E-1 1.30301E-1 9.95502E-2 1.37579E-1 1.40106E-1 1.44667E-1 1.52137E-1 1.62059E-1 1.64866E-1 1.70023E-1 1.66169E-1 1.76615E-1 1.79556E-1 1.86788E-1 1.8982E-1 1.81924E-1 1.855E-1 1.855E-1 1.83177E-1 1.97206E-1 2.11813E-1 2.17691E-1 2.26968E-1 2.33073E-1 2.36414E-1 2.52351E-1 2.58779E-1 2.62206E-1 2.68734E-1 2.68734E-1 2.72188E-1 2.78809E-1 2.78809E-1 2.82284E-1 2.82284E-1 2.82284E-1 -9999 -9999 -9999 -9999 -9999 -9999 2.69657E-1 -9999
1.24092E-1 1.24092E-1 1.15509E-1 1.07411E-1 1.07411E-1 1.07815E-1 1.391E-1 1.47032E-1 1.52311E-1 1.09327E-1 1.09123E-1 1.09123E-1 1.07411E-1 1.15216E-1 1.15216E-1 1.21727E-1 1.30301E-1 1.25888E-1 1.28614E-1 1.35522E-1 1.44667E-1 1.47294E-1 1.52048E-1 1.52048E-1 1.56931E-1 1.64817E-1 1.63344E-1 1.66181E-1 1.70721E-1 1.7365E-1 1.82463E-1 1.82463E-1 1.8014E-1 1.83177E-1 1.86247E-1 1.8935E-1 1.8935E-1 1.97975E-1 2.12517E-1 2.18341E-1 2.27594E-1 2.33638E-1 2.37013E-1 2.43171E-1 2.52852E-1 2.59208E-1 2.69123E-1 2.69123E-1 2.72611E-1 2.72611E-1 2.79153E-1 2.79153E-1 -9999 2.82663E-1 -9999 -9999 -9999 -9999 -9999 -9999 -9999 -9999
1.3061E-1 1.21733E-1 1.17478E-1 1.25831E-1 1.20601E-1 1.5414E-1 1.53888E-1 1.53888E-1 1.53888E-1 1.60204E-1 1.2106E-1 1.21727E-1 1.23456E-1 1.25888E-1 9.61615E-2 1.24306E-1 1.40106E-1 1.3804E-1 1.47294E-1 1.47294E-1 1.56994E-1 1.64866E-1 1.64817E-1 1.67687E-1 1.53442E-1 1.61135E-1 1.60576E-1 1.6343E-1 1.71921E-1 1.74889E-1 1.77891E-1 1.77891E-1 1.80928E-1 1.83998E-1 1.87103E-1 1.92487E-1 1.95657E-1 2.04406E-1 2.10054E-1 2.19114E-1 2.24984E-1 2.34334E-1 2.4384E-1 2.50027E-1 2.50027E-1 2.59779E-1 2.66153E-1 2.69657E-1 2.76119E-1 2.76119E-1 2.79647E-1 -9999 -9999 -9999 -9999 -9999 -9999 -9999 -9999 -9999 -9999 2.59699E-1
1.37145E-1 1.32516E-1 1.2801E-1 1.69177E-1 1.74716E-1 1.73628E-1 1.67853E-1 1.7107E-1 1.82877E-1 1.745E-1 1.2182E-1 1.20112E-1 1.26704E-1 1.35415E-1 1.44667E-1 1.52137E-1 1.59284E-1 1.67243E-1 1.70089E-1 1.75348E-1 1.78293E-1 1.73705E-1 1.71341E-1 1.70721E-1 1.68484E-1 1.6392E-1 1.61821E-1 1.64715E-1 1.67644E-1 1.75715E-1 1.78751E-1 1.78751E-1 1.81822E-1 1.84928E-1 1.93414E-1 1.93414E-1 2.02095E-1 2.05364E-1 2.10965E-1 2.20013E-1 2.2583E-1 2.35161E-1 2.41182E-1 2.50769E-1 2.5698E-1 2.60492E-1 2.66796E-1 2.66796E-1 2.76726E-1 2.75E-1 -9999 -9999 -9999 -9999 -9999 -9999 -9999 -9999 -9999 -9999 2.23862E-1 2.63255E-1
1.37579E-1 1.34915E-1 1.38743E-1 1.36036E-1 1.36036E-1 1.35378E-1 1.34025E-1 1.29561E-1 1.42633E-1 1.32814E-1 1.39898E-1 1.33462E-1 1.52048E-1 1.56994E-1 1.64866E-1 1.72435E-1 1.80792E-1 1.82038E-1 1.8453E-1 1.87507E-1 1.81318E-1 1.84317E-1 1.84862E-1 1.82463E-1 1.74889E-1 1.64715E-1 1.62682E-1 1.70609E-1 1.7361E-1 1.76646E-1 1.79718E-1 1.79718E-1 1.82825E-1 1.91244E-1 1.91244E-1 1.94454E-1 2.03134E-1 2.08665E-1 2.17649E-1 2.17649E-1 2.26805E-1 2.36121E-1 2.42085E-1 2.48135E-1 2.57798E-1 2.62365E-1 2.65904E-1 -9999 2.72187E-1 -9999 -9999 -9999 -9999 -9999 -9999 -9999 -9999 -9999 -9999 -9999 2.26977E-1 -9999
1.45959E-1 1.47422E-1 1.50132E-1 1.45299E-1 1.45299E-1 1.45299E-1 1.48001E-1 1.48001E-1 1.48001E-1 1.45937E-1 1.50738E-1 1.56911E-1 1.53433E-1 1.68467E-1 1.73705E-1 1.87507E-1 1.92372E-1 2.03882E-1 2.01163E-1 2.01751E-1 1.9911E-1 1.96551E-1 1.8857E-1 1.83177E-1 1.80928E-1 1.78751E-1 1.71573E-1 1.66604E-1 1.7461E-1 1.77683E-1 1.80792E-1 1.80792E-1 1.89147E-1 1.92361E-1 1.92361E-1 2.00978E-1 2.09781E-1 2.09781E-1 2.18762E-1 2.24459E-1 2.33715E-1 2.32213E-1 2.41571E-1 2.47531E-1 2.53575E-1 2.63255E-1 2.63255E-1 2.29238E-1 -9999 -9999 -9999 -9999 -9999 -9999 -9999 -9999 -9999 -9999 1.18108E-1 -9999 -9999 -9999
1.4996E-1 1.4996E-1 1.55658E-1 1.52682E-1 1.52682E-1 1.57594E-1 1.52682E-1 1.55439E-1 1.55439E-1 1.50602E-1 1.58231E-1 1.62735E-1 1.70721E-1 1.75963E-1 1.8982E-1 1.9911E-1 2.04881E-1 2.1395E-1 2.08041E-1 2.11229E-1 2.08593E-1 2.02846E-1 1.94808E-1 1.78751E-1 1.87103E-1 1.84928E-1 1.82825E-1 1.72641E-1 1.70739E-1 1.78827E-1 1.81976E-1 1.8712E-1 1.90339E-1 1.98896E-1 1.98896E-1 2.0764E-1 2.0764E-1 2.15153E-1 2.20752E-1 2.29901E-1 2.35693E-1 2.45095E-1 2.45095E-1 2.1333E-1 2.18559E-1 2.18559E-1 2.23862E-1 2.26977E-1 -9999 -9999 -9999 -9999 -9999 -9999 -9999 7.55575E-2 7.55575E-2 7.44179E-2 7.44179E-2 -9999 -9999 -9999
-9999 -9999 -9999 1.63222E-1 1.63222E-1 1.7123E-1 1.7123E-1 1.7123E-1 1.68987E-1 1.68987E-1 1.68987E-1 1.77136E-1 1.82463E-1 1.855E-1 1.90971E-1 2.05402E-1 2.14446E-1 2.14446E-1 2.08593E-1 2.11813E-1 2.20964E-1 2.18341E-1 2.01175E-1 1.93414E-1 1.91244E-1 1.85968E-1 1.89147E-1 1.8712E-1 1.81976E-1 1.80082E-1 1.88386E-1 1.88386E-1 1.96885E-1 1.98896E-1 2.04225E-1 2.07596E-1 2.13041E-1 2.16471E-1 2.22027E-1 2.27668E-1 1.98097E-1 2.03099E-1 2.11257E-1 2.11257E-1 2.16424E-1 1.15165E-1 7.32898E-2 7.32898E-2 -9999 -9999 -9999 -9999 -9999 -9999 3.74595E-2 3.78404E-2 7.55575E-2 -9999 -9999 -9999 -9999 -9999
-9999 -9999 -9999 -9999 -9999 1.82463E-1 1.855E-1 1.855E-1 1.855E-1 1.83177E-1 1.83177E-1 1.86247E-1 1.91673E-1 1.97206E-1 2.0604E-1 2.0604E-1 2.15062E-1 2.15062E-1 2.18341E-1 2.15801E-1 2.15801E-1 2.13343E-1 2.02095E-1 1.9986E-1 1.97699E-1 1.92361E-1 1.95611E-1 1.93594E-1 1.88386E-1 1.865E-1 1.88511E-1 1.93658E-1 1.96973E-1 2.0224E-1 2.0562E-1 2.0562E-1 1.78866E-1 1.83557E-1 1.91337E-1 1.96204E-1 1.06634E-1 1.06634E-1 6.77766E-2 7.06908E-2 7.25376E-2 7.25376E-2 7.55575E-2 7.55575E-2 7.67087E-2 7.55575E-2 -9999 -9999 -9999 -9999 -9999 3.80497E-2 -9999 -9999 -9999 -9999 -9999 -9999
-9999 -9999 -9999 -9999 -9999 -9999 2.02846E-1 2.0604E-1 2.00371E-1 2.00371E-1 1.97975E-1 1.92487E-1 1.97975E-1 2.01175E-1 2.06795E-1 2.21648E-1 2.10054E-1 2.19114E-1 2.19114E-1 2.16663E-1 2.2583E-1 2.14291E-1 2.11998E-1 2.06441E-1 2.04292E-1 2.02216E-1 1.96885E-1 1.93658E-1 1.98896E-1 1.91796E-1 1.95118E-1 2.00325E-1 1.69721E-1 1.69721E-1 1.72638E-1 1.77197E-1 1.77197E-1 -9999 6.19557E-2 6.36368E-2 6.53506E-2 6.8201E-2 6.99907E-2 7.18133E-2 7.36689E-2 7.48121E-2 7.48121E-2 7.48121E-2 7.78713E-2 7.59671E-2 3.80497E-2 3.86464E-2 3.86464E-2 -9999 -9999 -9999 -9999 -9999 -9999 -9999 -9999 -9999
-9999 -9999 -9999 2.27594E-1 -9999 2.24265E-1 2.18341E-1 2.12517E-1 2.12517E-1 2.15801E-1 2.15801E-1 2.13343E-1 2.13343E-1 2.0767E-1 2.16663E-1 2.16663E-1 2.20013E-1 2.20013E-1 2.17649E-1 2.17649E-1 2.21038E-1 2.15364E-1 2.13155E-1 2.09644E-1 2.09644E-1 2.07596E-1 2.0224E-1 2.00325E-1 2.00325E-1 1.65267E-1 1.65267E-1 1.68157E-1 1.72638E-1 5.60845E-2 5.60845E-2 5.86912E-2 5.86912E-2 -9999 6.30275E-2 6.47196E-2 6.58156E-2 6.75504E-2 6.93173E-2 7.22547E-2 7.40949E-2 7.40949E-2 7.7134E-2 7.7134E-2 3.86464E-2 3.86464E-2 3.86464E-2 3.92494E-2 3.82839E-2 3.82839E-2 -9999 3.88892E-2 -9999 -9999 -9999 -9999 -9999 -9999
-9999 -9999 -9999 2.33638E-1 2.37013E-1 2.37013E-1 2.3095E-1 2.34334E-1 2.34334E-1 2.28348E-1 2.31741E-1 2.2583E-1 2.2583E-1 2.23394E-1 2.17649E-1 2.21038E-1 2.26805E-1 2.21038E-1 2.23006E-1 2.20752E-1 2.15153E-1 2.15153E-1 2.13041E-1 2.16471E-1 2.11002E-1 2.0562E-1 1.69721E-1 1.72638E-1 1.68157E-1 8.84588E-2 5.4545E-2 5.55552E-2 5.55552E-2 5.8144E-2 5.65796E-2 5.91949E-2 6.08027E-2 6.18795E-2 6.353E-2 6.52118E-2 6.6925E-2 3.43272E-2 3.58142E-2 3.67412E-2 3.67412E-2 3.82839E-2 3.92494E-2 3.92494E-2 3.92494E-2 3.9859E-2 3.9859E-2 3.88892E-2 3.88892E-2 3.9859E-2 3.9859E-2 3.9859E-2 3.95011E-2 -9999 -9999 -9999 -9999 -9999
-9999 -9999 -9999 -9999 2.50027E-1 2.4384E-1 2.47292E-1 2.47292E-1 2.50769E-1 2.44645E-1 2.44645E-1 2.38609E-1 2.42085E-1 2.36121E-1 2.28762E-1 2.32213E-1 2.26438E-1 2.24194E-1 2.24194E-1 2.27668E-1 2.22027E-1 1.83557E-1 1.83557E-1 1.78866E-1 1.81833E-1 5.76563E-2 5.60845E-2 5.60845E-2 5.55552E-2 5.55552E-2 5.65796E-2 5.65796E-2 5.6073E-2 5.76184E-2 5.86717E-2 6.02601E-2 6.29704E-2 3.22738E-2 3.22738E-2 -9999 -9999 -9999 -9999 3.69991E-2 3.79359E-2 3.88892E-2 3.88892E-2 3.88892E-2 3.95011E-2 3.95011E-2 3.95011E-2 3.95011E-2 3.95011E-2 4.0475E-2 4.10975E-2 4.10975E-2 4.10975E-2 4.17265E-2 -9999 -9999 -9999 -9999
-9999 -9999 -9999 -9999 -9999 2.5698E-1 2.60492E-1 2.60492E-1 2.60492E-1 2.57798E-1 2.57798E-1 2.57798E-1 2.55191E-1 2.49116E-1 2.52672E-1 2.45095E-1 2.39203E-1 1.98097E-1 1.93173E-1 1.91337E-1 1.86547E-1 6.08974E-2 5.92605E-2 5.76563E-2 5.86912E-2 5.71072E-2 5.8144E-2 5.76184E-2 5.65796E-2 5.76184E-2 5.86717E-2 5.86717E-2 5.7114E-2 5.81698E-2 6.0822E-2 3.11578E-2 3.19912E-2 3.28408E-2 -9999 -9999 -9999 -9999 -9999 -9999 -9999 3.85434E-2 3.95011E-2 4.01196E-2 4.01196E-2 4.01196E-2 4.01196E-2 4.01196E-2 4.07449E-2 4.17265E-2 4.17265E-2 4.17265E-2 4.17265E-2 4.17265E-2 4.23619E-2 4.13768E-2 4.13768E-2 -9999
-9999 -9999 -9999 -9999 -9999 -9999 -9999 -9999 -9999 2.71164E-1 2.64922E-1 2.25319E-1 2.25319E-1 2.19986E-1 2.1784E-1 2.12644E-1 2.11257E-1 6.77766E-2 6.60066E-2 6.53506E-2 6.36368E-2 6.19557E-2 6.03072E-2 6.08027E-2 5.91949E-2 5.91949E-2 5.76184E-2 5.86717E-2 5.97395E-2 5.97395E-2 5.81698E-2 5.92404E-2 5.92404E-2 5.92404E-2 3.08968E-2 3.17203E-2 -9999 -9999 -9999 -9999 -9999 -9999 -9999 -9999 -9999 -9999 -9999 -9999 4.07449E-2 4.07449E-2 4.07449E-2 4.13768E-2 4.23619E-2 4.23619E-2 4.23619E-2 4.23619E-2 4.23619E-2 4.23619E-2 4.23619E-2 4.30039E-2 4.20154E-2 -9999
-9999 -9999 -9999 -9999 -9999 -9999 -9999 -9999 -9999 -9999 -9999 -9999 -9999 1.1893E-1 1.20713E-1 1.1774E-1 1.16926E-1 7.18133E-2 6.99907E-2 6.8201E-2 6.75504E-2 -9999 -9999 -9999 6.29704E-2 6.13397E-2 -9999 6.0822E-2 6.0822E-2 6.0822E-2 6.19192E-2 5.99121E-2 5.9396E-2 2.96178E-2 3.1461E-2 -9999 -9999 -9999 -9999 -9999 -9999 -9999 -9999 -9999 -9999 -9999 -9999 -9999 -9999 4.20154E-2 4.20154E-2 4.20154E-2 4.30039E-2 4.30039E-2 4.30039E-2 4.30039E-2 4.30039E-2 4.36523E-2 4.36523E-2 4.36523E-2 4.36523E-2 -9999
-9999 -9999 -9999 -9999 -9999 -9999 -9999 -9999 -9999 -9999 -9999 -9999 -9999 -9999 1.22513E-1 1.2433E-1 1.21336E-1 1.18389E-1 7.22547E-2 7.04464E-2 6.98024E-2 6.9184E-2 7.03337E-2 6.74506E-2 6.57478E-2 6.51949E-2 6.35421E-2 6.35421E-2 -9999 3.1461E-2 3.1461E-2 3.11837E-2 2.93565E-2 -9999 -9999 -9999 -9999 -9999 -9999 -9999 -9999 -9999 -9999 -9999 -9999 -9999 -9999 -9999 -9999 -9999 4.26606E-2 4.26606E-2 4.26606E-2 4.26606E-2 4.36523E-2 4.36523E-2 4.43073E-2 4.43073E-2 4.53164E-2 4.43073E-2 -9999 -9999
-9999 -9999 -9999 -9999 -9999 -9999 -9999 -9999 -9999 -9999 -9999 -9999 1.35453E-1 1.3231E-1 1.34175E-1 1.31072E-1 1.28014E-1 1.29881E-1 1.2686E-1 1.2303E-1 7.45686E-2 -9999 -9999 7.03337E-2 6.97444E-2 3.48745E-2 3.45869E-2 3.372E-2 3.28688E-2 3.28688E-2 -9999 -9999 -9999 -9999 -9999 -9999 -9999 -9999 -9999 -9999 -9999 -9999 -9999 -9999 -9999 -9999 -9999 -9999 -9999 -9999 4.33126E-2 4.33126E-2 4.23324E-2 4.33126E-2 4.39713E-2 4.39713E-2 4.39713E-2 4.49687E-2 4.59802E-2 -9999 -9999 -9999
-9999 -9999 -9999 -9999 -9999 -9999 -9999 -9999 -9999 -9999 -9999 -9999 -9999 -9999 1.36056E-1 1.32946E-1 1.32946E-1 1.28735E-1 1.28735E-1 -9999 -9999 -9999 -9999 -9999 -9999 -9999 -9999 -9999 -9999 -9999 -9999 -9999 -9999 -9999 -9999 -9999 -9999 -9999 -9999 -9999 -9999 -9999 -9999 -9999 -9999 -9999 -9999 -9999 -9999 -9999 -9999 4.39713E-2 4.39713E-2 -9999 4.46366E-2 4.46366E-2 4.46366E-2 -9999 -9999 -9999 -9999 -9999
