day_2/Results/Podomys_floridanus/projections/PaleoClim/-11000/RUN_3.asc
ncols         385
nrows         252
xllcorner     -91.50013924285
yllcorner     25.49986064915003
cellsize      0.041666666500000005
NODATA_value  -9999
[rows 27 to 53 of 252, columns 244 to 304 of 385]
3.70697E-4 5.91508E-4 3.09759E-4 1.47944E-4 2.15096E-4 2.01398E-4 3.97318E-4 8.12904E-4 7.46964E-4 1.7509E-4 2.71853E-4 4.97598E-4 3.67071E-4 4.29529E-4 3.86386E-4 3.85848E-4 5.21802E-4 9.64114E-4 2.51939E-4 4.53833E-4 3.18156E-4 2.97256E-4 3.78231E-4 3.65257E-4 3.79483E-4 3.55944E-4 3.93343E-4 1.38167E-3 5.32693E-4 3.48401E-4 2.67339E-4 3.62833E-4 3.44485E-4 4.0648E-4 3.71545E-4 7.25644E-4 3.40853E-4 4.28024E-4 3.35773E-4 7.73833E-4 3.57918E-4 3.66389E-4 4.04847E-4 4.46978E-4 3.9485E-4 4.03484E-4 3.84968E-4 3.93505E-4 3.47462E-4 3.47389E-4 3.83817E-4 4.08476E-4 4.2422E-4 4.33582E-4 4.67958E-4 4.78478E-4 5.27217E-4 5.27532E-4 5.47073E-4 5.80762E-4 7.90667E-4
8.10878E-4 7.13315E-4 3.3204E-4 2.14467E-4 2.54764E-4 1.96078E-4 4.955E-4 4.35657E-4 3.66851E-4 1.58936E-4 2.23458E-4 4.64988E-4 4.6679E-4 4.0242E-4 4.29814E-4 8.79118E-4 8.77682E-4 2.35644E-4 2.79137E-4 5.017E-4 4.7401E-4 5.6039E-4 3.92145E-4 4.14568E-4 4.6154E-4 4.047E-4 3.69471E-4 4.63146E-4 2.97424E-4 6.55697E-4 6.88268E-4 2.96388E-4 3.28473E-4 4.84672E-4 7.86147E-4 8.23883E-4 3.48887E-4 4.73849E-4 8.436E-4 3.71646E-4 3.95923E-4 4.30974E-4 4.47289E-4 4.26609E-4 4.09705E-4 4.0967E-4 4.18805E-4 3.99499E-4 3.60946E-4 3.83865E-4 3.98586E-4 4.24098E-4 4.97272E-4 4.50375E-4 4.85432E-4 5.27174E-4 5.35378E-4 5.80837E-4 6.02279E-4 5.67549E-4 8.06037E-4
6.96166E-4 3.45948E-4 1.43896E-4 1.94633E-4 2.08286E-4 1.83064E-4 1.83251E-4 2.3208E-4 4.45682E-4 4.47628E-4 2.04272E-4 3.56435E-4 5.45406E-4 4.78553E-4 4.47572E-4 5.08684E-4 8.43054E-4 2.06507E-4 3.43627E-4 3.35415E-4 6.60888E-4 1.25975E-3 6.56769E-4 8.6057E-4 6.70691E-3 4.61299E-4 4.19375E-4 4.63089E-4 4.51157E-4 3.50587E-4 3.08684E-4 8.58917E-4 3.63134E-4 4.65243E-4 9.14435E-4 9.12966E-4 3.85865E-4 3.62464E-4 9.3382E-4 4.10657E-4 3.94821E-4 4.46972E-4 4.93216E-4 4.36199E-4 4.18861E-4 4.25239E-4 4.34555E-4 3.84184E-4 3.98688E-4 3.98738E-4 4.07765E-4 4.67767E-4 4.85593E-4 5.27281E-4 4.67342E-4 5.14792E-4 5.46958E-4 6.02038E-4 6.15131E-4 6.24525E-4 7.17203E-4
1.60794E-4 1.50124E-4 1.52692E-4 1.40172E-4 1.78498E-4 1.56482E-4 1.67166E-4 1.40247E-4 2.74787E-4 5.30476E-4 1.7912E-4 4.95897E-4 6.05524E-4 5.31469E-4 4.78233E-4 3.85988E-4 4.01928E-4 1.96681E-4 2.6533E-4 4.13833E-4 5.6608E-4 8.87671E-4 3.68108E-4 2.75634E-4 7.36723E-4 3.55306E-4 3.63671E-4 3.93316E-4 4.08425E-4 3.97727E-4 4.77638E-4 4.02391E-4 8.57607E-4 4.10477E-4 4.82682E-4 4.27007E-4 4.26653E-4 5.36165E-4 5.36025E-4 3.94685E-4 4.35852E-4 4.36018E-4 4.36018E-4 4.52338E-4 4.25371E-4 4.62251E-4 4.24276E-4 4.24186E-4 4.40087E-4 4.40286E-4 4.50007E-4 4.56826E-4 4.96131E-4 5.46852E-4 5.15167E-4 5.34223E-4 5.79256E-4 5.79528E-4 6.37401E-4 6.60952E-4 6.61241E-4
2.12291E-4 2.12479E-4 4.12713E-4 3.82571E-4 2.47787E-4 2.75461E-4 2.75832E-4 2.11955E-4 1.95359E-4 5.74314E-4 1.8713E-4 5.2929E-4 4.97708E-4 4.58737E-4 4.47089E-4 4.40471E-4 4.01449E-4 2.90036E-4 3.42094E-4 5.11629E-4 3.20699E-4 2.95325E-4 2.47763E-4 2.74467E-4 2.92963E-4 3.3802E-4 3.6912E-4 3.54527E-4 4.51128E-4 4.13153E-4 4.28313E-4 4.44061E-4 4.2639E-4 3.76326E-4 4.26384E-4 5.3255E-4 4.71216E-4 1.00807E-3 5.56411E-4 4.35746E-4 4.45494E-4 4.52277E-4 4.52323E-4 4.62441E-4 4.69352E-4 4.79667E-4 4.5798E-4 4.68044E-4 4.40409E-4 4.85495E-4 4.67212E-4 4.67209E-4 4.8472E-4 5.66884E-4 5.67362E-4 5.79488E-4 5.66105E-4 6.00583E-4 6.22871E-4 6.74781E-4 7.41123E-4
4.92267E-4 4.15442E-4 1.07919E-3 8.31164E-4 2.76488E-4 2.32701E-4 3.13459E-4 2.51644E-4 2.2091E-4 5.88439E-4 5.90376E-4 6.31247E-4 5.31333E-4 4.58941E-4 1.00492E-3 5.41397E-4 2.45162E-4 2.38615E-4 2.38113E-4 3.20519E-4 3.33504E-4 4.46151E-4 3.46999E-4 3.40475E-4 2.67446E-4 6.61676E-4 3.76404E-4 4.80218E-4 5.21956E-4 5.497E-4 4.95484E-4 4.1125E-4 3.76437E-4 3.53438E-4 4.41922E-4 5.11748E-4 4.88654E-4 4.2548E-4 5.78013E-4 4.25106E-4 4.25282E-4 4.34645E-4 4.41231E-4 5.09554E-4 4.79898E-4 4.97678E-4 4.6827E-4 4.85692E-4 4.96433E-4 4.96369E-4 5.14895E-4 5.34115E-4 5.34353E-4 5.45921E-4 6.00869E-4 6.01134E-4 5.53445E-4 5.53442E-4 5.99914E-4 6.99251E-4 6.83846E-4
2.11499E-3 2.06372E-3 5.30769E-4 4.37016E-4 2.53704E-4 3.00775E-4 2.32308E-4 2.68128E-4 3.38089E-4 6.11167E-4 6.12243E-4 5.91041E-4 5.90895E-4 7.10218E-4 1.03326E-3 3.46623E-4 2.53561E-4 3.70015E-4 2.04116E-4 2.1713E-4 3.32789E-4 3.46361E-4 4.9289E-4 3.16979E-4 2.78186E-4 6.28292E-4 7.65467E-4 4.79617E-4 4.0623E-4 5.40711E-4 3.72685E-4 4.10943E-4 4.00277E-4 3.76246E-4 3.53464E-4 5.51722E-4 4.99359E-4 4.69495E-4 4.41366E-4 4.41253E-4 4.69432E-4 4.51237E-4 4.51084E-4 4.57886E-4 5.28716E-4 5.48464E-4 5.16454E-4 5.27388E-4 5.46853E-4 5.15204E-4 5.3425E-4 5.45812E-4 6.0063E-4 6.00822E-4 6.60725E-4 6.84955E-4 5.74691E-4 6.22209E-4 6.83894E-4 7.39643E-4 6.68812E-4
1.10274E-3 9.9392E-4 4.3636E-4 1.9806E-4 2.6478E-4 2.5801E-4 2.86192E-4 2.35699E-4 2.68117E-4 3.16714E-4 2.97731E-4 8.2272E-4 7.95043E-4 7.83097E-4 8.64852E-4 2.10462E-4 1.98499E-4 2.32015E-4 3.38214E-4 2.12163E-4 2.57101E-4 3.82424E-4 4.3495E-4 3.98148E-4 2.89113E-4 6.04305E-4 4.22357E-4 4.61205E-4 8.06109E-4 4.38218E-4 5.26653E-4 4.38134E-4 8.36582E-4 5.11004E-4 3.84898E-4 5.30253E-4 5.06961E-4 4.87113E-4 4.58215E-4 4.51015E-4 5.28625E-4 4.97703E-4 4.68365E-4 4.68174E-4 5.48131E-4 5.60287E-4 5.81041E-4 5.47031E-4 5.34357E-4 5.79256E-4 5.88455E-4 5.6636E-4 5.87112E-4 5.87254E-4 6.457E-4 6.59699E-4 7.24635E-4 7.40071E-4 7.66803E-4 6.93701E-4 1.71985E-3
3.82945E-4 4.28278E-4 1.94004E-4 4.08719E-4 2.20032E-4 2.74422E-4 2.45242E-4 2.61572E-4 2.29871E-4 1.85995E-4 3.30282E-4 5.96631E-4 5.74994E-4 5.65338E-4 6.88528E-4 7.44916E-4 2.07465E-4 2.96973E-4 3.45891E-4 3.1671E-4 2.20705E-4 3.15703E-4 4.50452E-4 5.30403E-4 2.54848E-4 5.74596E-4 3.36445E-4 5.63564E-4 2.9665E-4 7.92893E-4 3.71336E-4 5.26818E-4 4.36263E-4 4.42592E-4 4.5229E-4 5.3835E-4 5.50361E-4 5.25701E-4 5.37043E-4 4.40761E-4 5.28432E-4 5.0528E-4 5.48408E-4 5.16454E-4 5.27521E-4 5.80691E-4 6.39162E-4 5.34783E-4 5.87991E-4 5.66246E-4 6.60562E-4 6.23514E-4 5.99991E-4 6.22133E-4 6.31542E-4 6.83795E-4 7.09049E-4 7.78345E-4 7.94466E-4 7.23368E-4 1.00254E-3
6.90232E-4 2.45529E-4 2.78789E-4 5.37087E-4 2.62598E-4 2.51161E-4 3.68733E-4 3.74814E-4 4.14203E-4 3.65085E-4 1.00642E-3 6.0012E-4 5.89522E-4 3.38944E-4 7.90047E-4 7.65893E-4 2.51592E-4 2.35026E-4 2.85159E-4 4.40562E-4 3.73695E-4 2.67373E-4 3.72123E-4 5.99376E-4 3.41831E-4 5.75376E-4 7.92136E-4 5.39677E-4 3.86464E-4 7.62329E-4 5.0463E-4 4.82684E-4 4.42836E-4 4.52384E-4 4.41257E-4 4.86664E-4 5.58623E-4 5.37289E-4 5.82675E-4 5.48781E-4 4.86074E-4 5.27138E-4 5.68545E-4 5.8107E-4 5.89944E-4 5.67623E-4 6.24282E-4 6.37811E-4 5.66554E-4 5.87258E-4 6.36203E-4 7.41122E-4 6.32163E-4 6.83796E-4 6.68942E-4 7.23878E-4 7.94466E-4 8.2293E-4 7.93454E-4 7.49586E-4 1.12331E-3
4.44154E-4 3.01311E-4 2.90582E-4 5.03488E-4 1.98896E-4 2.60957E-4 3.68857E-4 3.83469E-4 3.59388E-4 3.59584E-4 5.52204E-4 1.09635E-3 8.0515E-4 8.91415E-4 6.54711E-4 2.39295E-4 3.42065E-4 2.61745E-4 2.60562E-4 3.1596E-4 4.79496E-4 3.41744E-4 6.40394E-4 4.66881E-4 3.55009E-4 6.39509E-4 3.19631E-4 3.49199E-4 4.10907E-4 7.75182E-4 4.5349E-4 5.00972E-4 4.81361E-4 4.695E-4 4.41549E-4 4.57853E-4 6.05267E-4 6.28427E-4 6.04367E-4 6.0433E-4 5.69217E-4 5.04247E-4 5.46991E-4 6.39163E-4 6.62727E-4 6.62852E-4 6.37812E-4 7.00996E-4 6.36611E-4 6.46172E-4 6.59908E-4 7.24826E-4 7.51281E-4 7.24158E-4 7.08405E-4 8.22616E-4 8.52663E-4 7.76985E-4 1.06137E-3 2.04355E-3 2.24146E-3
1.19693E-3 2.71987E-4 6.46032E-4 5.97999E-4 2.68759E-4 2.29932E-4 3.92563E-4 5.00601E-4 3.10031E-4 3.89023E-4 5.21154E-4 5.18805E-4 6.48051E-4 1.11324E-3 8.90231E-4 2.50215E-4 3.87426E-4 7.20986E-4 2.45411E-4 2.88988E-4 3.63383E-4 4.11676E-4 5.15791E-4 4.66042E-4 5.03321E-4 4.82059E-4 8.56223E-4 4.64502E-4 4.54077E-4 4.26741E-4 5.43574E-4 5.19539E-4 4.99128E-4 5.06649E-4 5.17723E-4 4.68297E-4 4.68174E-4 6.40496E-4 6.51473E-4 6.6506E-4 6.7886E-4 5.68119E-4 6.02456E-4 6.62465E-4 6.86803E-4 7.01169E-4 6.61372E-4 7.26447E-4 6.70086E-4 7.24862E-4 7.51229E-4 7.6688E-4 7.94578E-4 8.23244E-4 7.93948E-4 7.77295E-4 8.34526E-4 1.07796E-3 2.11836E-3 2.1961E-3 2.40696E-3
5.2811E-4 2.71214E-4 7.05498E-4 6.07509E-4 1.31681E-3 1.22737E-3 3.12601E-4 4.52151E-4 4.62372E-4 5.00048E-4 5.0712E-3 3.4076E-4 5.32611E-4 4.88149E-4 5.38205E-4 1.03039E-3 6.36413E-4 3.41963E-4 3.41079E-4 3.63505E-4 4.01804E-4 6.48348E-4 3.95003E-4 4.84461E-4 5.4631E-4 4.83702E-4 8.91645E-4 8.57827E-4 4.70298E-4 4.71021E-4 4.52477E-4 4.69403E-4 4.69495E-4 4.87024E-4 5.28932E-4 5.05579E-4 5.16381E-4 5.24242E-4 7.05155E-4 7.31325E-4 7.46281E-4 7.46382E-4 6.87382E-4 6.47969E-4 7.01218E-4 7.26539E-4 7.41593E-4 7.68316E-4 7.40358E-4 7.66951E-4 7.78698E-4 8.06289E-4 8.40059E-4 8.70423E-4 8.83587E-4 9.01171E-4 8.1748E-4 1.2069E-3 2.27719E-3 2.4569E-3 2.61311E-3
1.46435E-3 2.65157E-4 7.6166E-4 7.08303E-4 1.77801E-3 5.63169E-4 5.54559E-4 2.26882E-4 2.26803E-4 2.74504E-4 3.2474E-4 4.345E-4 4.50705E-4 5.18631E-4 4.97859E-4 6.31087E-4 3.47138E-4 3.77359E-4 3.25283E-4 3.77439E-4 3.77209E-4 3.32925E-4 3.1241E-4 3.40148E-4 4.43373E-4 6.01642E-4 4.71703E-4 4.71022E-4 4.81261E-4 4.88553E-4 4.69558E-4 5.06753E-4 5.17749E-4 5.37016E-4 5.82633E-4 6.28346E-4 6.0453E-4 6.17163E-4 7.19964E-4 8.03196E-4 8.19904E-4 8.35957E-4 8.00857E-4 8.16635E-4 7.86258E-4 7.53207E-4 7.68259E-4 7.95887E-4 8.24492E-4 8.41498E-4 8.7174E-4 2.08899E-3 8.70139E-4 9.53537E-4 9.33784E-4 8.34886E-4 2.2088E-3 2.59576E-3 2.69108E-3 2.66756E-3 2.84304E-3
1.86932E-3 2.65753E-4 3.78334E-4 8.89173E-4 2.02575E-3 3.18444E-4 8.78646E-4 9.59202E-4 7.6358E-4 2.68907E-4 3.82947E-4 3.89265E-4 3.21625E-4 3.55861E-4 3.63942E-4 5.57535E-4 3.8436E-4 3.92073E-4 3.91936E-4 4.4492E-4 3.19628E-4 4.43165E-4 4.5395E-4 3.68506E-4 4.69126E-4 4.53441E-4 5.8699E-4 4.8888E-4 4.99154E-4 4.99328E-4 5.17803E-4 5.50327E-4 5.37125E-4 5.82792E-4 5.91859E-4 6.41626E-4 7.05659E-4 7.20285E-4 7.46009E-4 8.1934E-4 9.52497E-4 8.65702E-4 8.96224E-4 8.45978E-4 8.26901E-4 8.43521E-4 7.67324E-4 7.94676E-4 8.23147E-4 8.89028E-4 9.73653E-4 1.27858E-3 9.68142E-4 1.02199E-3 9.3343E-4 2.45752E-3 2.47264E-3 2.52346E-3 2.84214E-3 3.02187E-3 3.08298E-3
4.2984E-4 3.9329E-4 3.63881E-4 1.11099E-3 9.50057E-4 1.07726E-3 1.01069E-3 6.97512E-4 6.79016E-4 4.35301E-4 4.58134E-4 4.88165E-4 4.46299E-4 5.48921E-4 5.16633E-4 6.05728E-4 6.67497E-4 4.91046E-4 4.34405E-4 7.99128E-4 3.26297E-4 8.34904E-4 4.5329E-4 5.00806E-4 1.05007E-3 4.42583E-4 5.63777E-4 4.99635E-4 5.06754E-4 5.50288E-4 5.62209E-4 5.7091E-4 5.83028E-4 6.41593E-4 6.81196E-4 7.0594E-4 7.31289E-4 7.46428E-4 7.46529E-4 8.36022E-4 8.6566E-4 8.45944E-4 9.82082E-4 8.93739E-4 9.24775E-4 9.43154E-4 8.54775E-4 8.71619E-4 8.40479E-4 9.20674E-4 1.30419E-3 1.04378E-3 1.08086E-3 1.37094E-3 2.54701E-3 2.52393E-3 2.84214E-3 2.86178E-3 2.96369E-3 3.19109E-3 3.37068E-3
4.02735E-4 3.78573E-4 4.45492E-4 4.74925E-4 9.21138E-4 9.85881E-4 1.89899E-3 1.70596E-3 2.9756E-4 3.21086E-4 4.86411E-4 6.08949E-4 4.47041E-4 4.1319E-4 4.85287E-4 5.69871E-4 6.50342E-4 5.09207E-4 1.01719E-3 9.43192E-4 9.85935E-4 9.06352E-4 4.32278E-4 4.70985E-4 5.19636E-4 5.19699E-4 5.38819E-4 5.84768E-4 5.18315E-4 5.70495E-4 6.063E-4 6.67322E-4 6.81421E-4 7.05905E-4 7.06023E-4 7.75774E-4 7.91774E-4 8.69107E-4 8.86442E-4 9.71726E-4 9.49888E-4 9.14612E-4 1.01624E-3 9.79798E-4 9.58029E-4 9.76627E-4 9.55569E-4 1.33212E-3 1.35212E-3 1.37958E-3 1.5102E-3 1.10223E-3 1.14019E-3 2.94589E-3 2.91938E-3 2.86316E-3 2.96497E-3 3.02478E-3 3.1319E-3 3.30905E-3 3.80649E-3
8.58447E-4 8.05909E-4 3.33231E-4 4.45454E-4 4.92566E-4 1.1159E-3 2.30409E-3 3.56822E-4 4.04606E-4 3.55806E-4 2.93587E-4 4.66583E-4 5.84603E-4 5.69825E-4 5.44258E-4 6.7724E-4 6.50882E-4 5.41508E-4 1.04029E-3 8.86534E-4 5.55855E-4 9.84309E-4 5.11174E-4 5.19252E-4 5.72814E-4 5.39022E-4 5.50512E-4 5.70599E-4 6.43869E-4 5.83263E-4 6.28505E-4 6.81149E-4 7.48939E-4 7.64403E-4 7.7607E-4 8.39231E-4 9.20786E-4 1.00966E-3 1.02941E-3 1.0647E-3 1.12193E-3 1.16036E-3 9.80235E-4 1.1733E-3 1.13103E-3 1.09004E-3 1.04663E-3 2.85131E-3 2.90714E-3 3.18039E-3 1.27219E-3 1.24678E-3 3.00651E-3 3.11024E-3 3.30416E-3 3.48698E-3 3.55511E-3 3.48882E-3 3.42572E-3 3.93682E-3 4.22921E-3
9.40495E-4 4.12428E-4 8.95676E-4 3.69369E-4 4.92158E-4 1.30571E-3 2.91631E-3 4.9495E-4 9.06505E-4 4.20121E-4 8.95876E-4 4.25632E-4 5.83443E-4 5.50116E-4 6.9393E-4 6.27781E-4 7.02033E-4 5.61535E-4 1.10739E-3 1.48579E-3 1.09287E-3 1.02972E-3 1.15907E-3 6.08268E-4 6.08908E-4 5.59041E-4 6.06259E-4 5.79665E-4 6.28335E-4 6.81013E-4 6.91776E-4 7.06116E-4 7.75622E-4 8.39394E-4 8.69107E-4 8.69264E-4 8.99908E-4 9.71837E-4 1.06449E-3 1.06038E-3 1.09685E-3 1.11752E-3 1.1733E-3 1.28729E-3 1.17051E-3 1.12815E-3 1.16676E-3 3.18061E-3 3.24171E-3 1.38871E-3 1.36126E-3 3.65687E-3 3.58539E-3 3.51608E-3 3.74828E-3 3.77909E-3 3.80783E-3 3.4963E-3 3.61691E-3 3.7447E-3 4.3789E-3
4.7467E-4 4.45806E-4 4.12824E-4 5.57495E-4 4.63017E-4 4.6292E-4 4.3489E-4 1.27714E-3 3.47693E-4 4.63832E-4 1.06896E-3 2.09096E-3 5.05918E-4 6.05809E-4 3.6088E-4 5.02711E-4 7.60032E-4 5.97142E-4 1.28002E-3 1.20567E-3 1.18338E-3 6.5232E-4 6.08546E-4 6.31178E-4 5.94169E-4 6.06381E-4 6.28544E-4 6.67435E-4 6.41754E-4 6.64894E-4 7.60017E-4 8.22739E-4 7.91773E-4 9.20786E-4 9.53235E-4 9.71961E-4 1.06483E-3 1.0853E-3 1.06092E-3 1.09685E-3 1.13479E-3 1.0937E-3 1.13098E-3 1.30668E-3 1.27947E-3 1.25197E-3 1.77921E-3 3.54193E-3 3.66412E-3 1.46253E-3 3.78287E-3 3.51716E-3 3.58364E-3 3.60927E-3 3.70962E-3 3.88096E-3 4.01476E-3 4.23294E-3 3.95264E-3 4.23953E-3 4.85344E-3
3.78795E-4 9.16157E-4 4.39185E-4 5.2367E-4 4.34873E-4 4.92457E-4 4.8031E-4 1.03049E-3 4.44068E-4 1.18143E-3 2.15718E-3 7.89442E-4 9.64365E-4 6.04121E-4 5.90315E-4 4.91249E-4 7.74704E-4 6.47882E-4 3.30577E-3 2.82156E-3 9.89649E-4 5.60435E-4 6.70171E-4 6.8407E-4 6.54236E-4 6.28873E-4 6.77545E-4 6.91626E-4 6.65193E-4 9.96434E-4 7.31267E-4 8.03237E-4 8.68811E-4 9.52914E-4 9.71774E-4 1.06469E-3 1.16556E-3 1.20539E-3 1.25052E-3 1.64196E-3 1.22263E-3 1.28747E-3 1.23729E-3 1.35127E-3 1.42297E-3 1.90832E-3 3.86659E-3 3.99812E-3 2.26493E-3 4.06696E-3 3.68121E-3 3.75118E-3 3.68172E-3 3.80875E-3 3.95704E-3 4.0951E-3 4.02462E-3 4.24295E-3 4.17239E-3 4.31723E-3 4.78461E-3
9.05302E-4 4.30055E-4 4.75169E-4 1.0974E-3 1.16817E-3 4.73276E-4 5.43649E-4 5.63867E-4 4.92578E-4 3.29211E-3 3.47644E-3 1.01808E-3 1.13732E-3 1.05253E-3 5.0999E-4 6.49069E-4 7.16014E-4 7.41821E-4 3.81199E-3 2.99385E-3 1.45155E-3 6.70137E-4 6.84207E-4 6.44389E-4 7.08674E-4 7.34026E-4 7.06116E-4 7.16668E-4 1.05733E-3 1.0789E-3 8.03541E-4 8.19798E-4 8.99385E-4 9.31313E-4 1.00541E-3 1.12172E-3 1.16063E-3 1.18246E-3 1.29241E-3 1.33667E-3 1.89025E-3 1.30739E-3 1.37655E-3 1.42273E-3 1.60358E-3 1.54786E-3 4.29547E-3 4.43813E-3 4.66942E-3 4.58037E-3 4.31244E-3 4.69326E-3 4.60772E-3 4.53992E-3 4.69454E-3 5.19715E-3 5.37176E-3 5.37781E-3 5.28833E-3 5.56404E-3 5.47744E-3
4.87569E-4 5.72596E-4 5.3867E-4 5.93766E-4 6.54149E-4 6.77056E-4 6.00252E-4 6.60696E-4 3.6483E-3 3.65679E-3 2.1339E-3 1.45926E-3 5.55302E-4 1.42455E-3 1.1229E-3 1.14612E-3 7.1445E-4 8.03334E-4 4.13209E-3 1.24022E-3 6.46667E-4 7.26445E-4 6.84609E-4 6.67893E-4 7.34027E-4 7.05928E-4 7.75416E-4 7.75903E-4 1.09559E-3 2.1522E-3 8.99106E-4 9.17022E-4 1.37284E-3 1.04015E-3 1.0603E-3 1.09685E-3 1.20014E-3 1.24152E-3 1.28753E-3 1.45864E-3 3.7637E-3 1.99042E-3 1.55199E-3 4.16789E-3 1.66047E-3 1.65271E-3 4.76237E-3 4.67075E-3 5.17023E-3 5.07495E-3 5.10949E-3 5.10543E-3 4.94077E-3 5.10694E-3 5.64753E-3 5.83584E-3 5.8391E-3 6.13615E-3 5.75447E-3 5.66445E-3 5.68042E-3
6.61991E-4 4.98068E-4 5.49528E-4 6.05366E-4 6.14986E-4 4.80286E-4 7.64579E-4 7.9289E-4 7.16925E-4 6.21723E-4 6.21456E-4 6.21456E-4 6.21425E-4 6.60548E-4 6.74298E-4 1.54946E-3 5.96776E-4 8.81568E-4 4.45333E-3 1.54713E-3 7.55781E-4 7.37827E-4 7.52604E-4 7.79313E-4 7.49571E-4 1.03651E-3 1.05754E-3 8.03237E-4 1.18561E-3 2.36251E-3 9.17068E-4 2.49607E-3 1.04002E-3 1.55606E-3 1.58608E-3 1.64093E-3 1.26394E-3 1.38065E-3 1.89057E-3 1.95447E-3 1.5851E-3 4.32005E-3 4.54263E-3 4.69325E-3 4.4112E-3 4.83463E-3 5.0827E-3 5.38802E-3 5.51586E-3 5.69691E-3 5.46944E-3 5.37207E-3 5.55014E-3 6.13058E-3 6.4404E-3 6.65111E-3 6.34327E-3 5.94832E-3 6.25385E-3 6.46179E-3 6.48154E-3
1.14143E-3 4.67675E-4 5.16294E-4 4.46027E-4 5.16104E-4 6.19332E-4 6.94211E-4 8.12695E-4 8.58455E-4 6.74768E-4 6.84743E-4 6.84407E-4 6.74377E-4 7.16476E-4 7.88014E-4 7.88264E-4 7.57035E-4 8.8247E-4 4.28106E-3 1.7639E-3 7.82659E-4 7.52855E-4 7.79377E-4 8.067E-4 8.72935E-4 2.16196E-3 1.16174E-3 2.28223E-3 9.67092E-4 2.44821E-3 1.39296E-3 1.05554E-3 1.09683E-3 2.98604E-3 1.67132E-3 1.82719E-3 1.88955E-3 3.56045E-3 1.98969E-3 2.20438E-3 2.28402E-3 1.63243E-3 2.61405E-3 1.86826E-3 2.83655E-3 5.63372E-3 5.62297E-3 5.90384E-3 5.94757E-3 6.2447E-3 5.83759E-3 6.02693E-3 6.33104E-3 6.64894E-3 6.54409E-3 6.86944E-3 6.88021E-3 6.77583E-3 6.67569E-3 6.69665E-3 6.81709E-3
3.09551E-3 1.26047E-3 1.30778E-3 1.00233E-3 6.35544E-4 1.10862E-3 5.23816E-4 5.78582E-4 8.40376E-4 7.45956E-4 8.71027E-4 7.42023E-4 7.87447E-4 8.36607E-4 9.18814E-4 9.19283E-4 8.83272E-4 9.51001E-4 4.91593E-3 1.96249E-3 7.52328E-4 8.11012E-4 8.27083E-4 1.10021E-3 9.39005E-4 9.0399E-4 2.31763E-3 8.99197E-4 9.30713E-4 1.03988E-3 2.67445E-3 2.72557E-3 1.6396E-3 3.26605E-3 3.32765E-3 3.4419E-3 3.56002E-3 3.88718E-3 2.126E-3 2.31826E-3 4.38338E-3 4.59784E-3 4.55661E-3 4.91968E-3 5.30638E-3 5.2086E-3 5.89956E-3 6.28875E-3 6.33961E-3 6.65404E-3 6.5536E-3 6.53972E-3 6.44507E-3 6.34364E-3 7.0952E-3 6.25792E-3 6.27221E-3 6.18265E-3 6.38827E-3 6.72124E-3 7.16941E-3
3.63692E-3 1.41828E-3 1.95618E-3 1.18519E-3 5.49188E-4 1.4404E-3 4.85727E-4 6.66173E-4 5.90912E-4 5.99648E-4 8.06576E-4 7.15871E-4 7.16099E-4 8.52055E-4 8.81872E-4 9.35735E-4 1.02667E-3 1.02848E-3 4.99604E-3 1.99914E-3 2.09587E-3 8.77361E-4 8.56646E-4 2.29237E-3 9.03534E-4 1.00958E-3 1.32155E-3 2.44774E-3 2.39203E-3 1.46971E-3 2.88583E-3 2.89649E-3 3.08846E-3 3.25676E-3 3.3927E-3 3.61264E-3 3.95757E-3 4.09041E-3 4.30407E-3 4.44907E-3 4.71782E-3 5.22654E-3 5.21564E-3 5.67003E-3 5.6601E-3 6.1482E-3 5.75418E-3 6.13297E-3 6.44083E-3 6.65211E-3 6.98301E-3 6.86966E-3 6.5533E-3 7.21626E-3 7.45232E-3 6.79836E-3 6.69955E-3 7.04375E-3 6.8459E-3 7.07374E-3 8.26431E-3
