day_2/Results/Podomys_floridanus/projections/PaleoClim/-11000/RUN_1.asc
ncols         385
nrows         252
xllcorner     -91.50013924285
yllcorner     25.49986064915003
cellsize      0.041666666500000005
NODATA_value  -9999
[rows 81 to 107 of 252, columns 0 to 60 of 385]
5.04121E-2 4.90734E-2 5.25175E-2 5.2296E-2 4.66658E-2 4.63032E-2 4.62505E-2 4.61985E-2 1.9379E-2 4.71236E-2 3.82369E-2 1.74443E-2 1.55357E-2 1.67467E-2 1.4093E-2 1.54068E-2 1.43932E-2 1.31714E-2 1.49013E-2 1.86751E-2 1.85061E-2 1.82513E-2 2.47723E-2 2.43779E-2 1.85531E-2 7.34726E-3 8.32915E-3 9.88723E-3 9.7884E-3 8.30153E-3 9.84422E-3 8.11502E-3 7.98434E-3 8.23326E-3 9.7952E-3 7.98949E-3 1.94771E-2 2.19218E-2 1.45293E-2 1.27268E-2 1.23602E-2 1.35948E-2 1.14048E-2 9.18474E-3 5.46068E-3 7.99358E-3 4.86399E-3 4.23468E-3 6.41993E-3 5.46529E-3 1.48149E-3 1.66359E-3 4.76306E-3 6.92931E-3 6.38674E-3 2.68036E-3 4.45146E-3 4.96706E-3 1.94077E-3 4.93991E-3 6.25619E-3
5.0039E-2 5.81159E-2 4.7816E-2 4.74026E-2 1.95495E-2 1.79615E-2 1.79357E-2 1.78698E-2 1.93746E-2 1.94346E-2 1.77816E-2 1.61381E-2 1.58988E-2 1.43699E-2 1.86173E-2 1.72704E-2 1.82416E-2 1.98418E-2 1.99893E-2 1.28564E-2 1.02498E-2 2.46025E-2 1.93465E-2 2.07619E-2 8.56931E-3 1.07455E-2 9.89027E-3 8.4952E-3 8.4125E-3 9.85185E-3 8.91816E-3 7.39484E-3 7.45514E-3 7.60498E-3 8.37634E-3 1.09253E-2 7.47128E-3 1.76143E-2 1.73661E-2 1.4013E-2 1.55442E-2 1.24873E-2 1.26295E-2 7.91417E-3 5.60332E-3 7.36128E-3 3.93966E-3 3.14112E-3 4.31559E-3 5.91784E-3 4.45576E-3 5.35255E-3 6.48119E-3 6.05072E-3 6.39986E-3 6.60688E-3 2.23246E-3 5.90187E-3 2.01208E-3 4.25136E-3 7.12389E-3
5.5404E-2 5.50433E-2 5.53699E-2 4.87765E-2 5.4724E-2 1.99838E-2 1.98639E-2 1.81837E-2 1.76562E-2 1.75542E-2 1.72302E-2 1.71786E-2 1.74128E-2 1.60536E-2 1.58332E-2 1.85751E-2 2.05066E-2 1.53863E-2 1.49319E-2 2.86976E-2 2.1129E-2 2.08495E-2 8.03607E-3 1.10332E-2 8.44573E-3 9.20792E-3 7.54822E-3 1.07488E-2 1.54067E-2 1.61422E-2 1.45167E-2 6.06279E-3 6.49036E-3 6.90663E-3 8.29197E-3 7.93083E-3 1.58978E-2 6.05885E-3 5.59958E-3 1.51899E-2 1.28371E-2 1.167E-2 1.04458E-2 1.05424E-2 4.57861E-3 4.96626E-3 3.97132E-3 4.91996E-3 3.9014E-3 3.69098E-3 5.46298E-3 6.07052E-3 7.04686E-3 2.69453E-3 4.96679E-3 4.93243E-3 2.56913E-3 6.0043E-3 3.27841E-3 5.5551E-3 7.26002E-3
4.53886E-2 4.93181E-2 5.56812E-2 4.93318E-2 1.86369E-2 1.85308E-2 1.99672E-2 2.00519E-2 1.99395E-2 1.95513E-2 1.64231E-2 1.87154E-2 1.89142E-2 1.74117E-2 1.72982E-2 2.00957E-2 2.41095E-2 1.44601E-2 1.19788E-2 2.50451E-2 7.36027E-3 8.67906E-3 9.60343E-3 8.90597E-3 1.87846E-2 7.77461E-3 5.29143E-3 8.17156E-3 5.79564E-3 6.83655E-3 6.18693E-3 1.30193E-2 5.03181E-3 6.09402E-3 1.3629E-2 4.92752E-3 6.20927E-3 1.47067E-2 1.21292E-2 1.39502E-2 1.21294E-2 9.5346E-3 1.07733E-2 8.80624E-3 6.45783E-3 3.83431E-3 4.438E-3 3.31864E-3 4.02997E-3 3.79118E-3 4.56218E-3 5.12334E-3 7.91218E-3 2.59352E-3 5.64289E-3 5.71694E-3 6.59697E-3 6.95345E-3 7.52779E-3 6.35051E-3 7.57599E-3
5.21343E-2 4.63667E-2 5.00897E-2 1.90063E-2 1.89689E-2 1.87776E-2 2.03151E-2 2.0041E-2 1.99769E-2 1.93727E-2 1.80281E-2 1.77614E-2 1.77858E-2 1.76414E-2 2.04241E-2 2.42145E-2 1.74899E-2 2.75889E-2 2.48926E-2 1.96373E-2 8.07853E-3 1.16436E-2 8.38021E-3 8.8057E-3 8.04841E-3 7.23983E-3 5.77563E-3 7.65272E-3 8.26836E-3 5.72924E-3 4.92242E-3 9.15136E-3 9.15437E-3 3.73207E-3 4.44562E-3 6.09875E-3 1.37432E-2 9.44845E-3 1.02844E-2 9.42462E-3 8.32083E-3 8.94382E-3 8.04684E-3 7.20184E-3 7.04088E-3 3.83098E-3 2.99566E-3 2.94972E-3 3.77049E-3 3.89541E-3 4.69161E-3 4.27715E-3 7.89812E-3 3.5323E-3 7.29792E-3 2.27724E-3 4.76071E-3 8.6427E-3 6.5479E-3 8.24888E-3 9.1122E-3
5.23995E-2 4.75535E-2 1.94808E-2 1.72808E-2 1.89439E-2 1.89609E-2 2.06597E-2 1.85944E-2 1.98356E-2 1.97039E-2 1.79464E-2 1.78241E-2 1.94538E-2 1.79417E-2 2.08754E-2 2.06523E-2 1.33142E-2 1.09117E-2 8.62099E-3 2.24326E-2 7.86904E-3 1.08454E-2 7.72492E-3 6.74745E-3 8.04444E-3 7.29487E-3 1.29042E-2 6.12607E-3 6.94707E-3 6.04306E-3 9.15447E-3 3.06547E-3 3.44334E-3 3.75598E-3 4.52262E-3 4.95861E-3 4.14006E-3 4.13027E-3 4.18901E-3 1.02938E-2 1.13007E-2 6.86194E-3 6.15668E-3 4.92142E-3 3.55205E-3 3.5483E-3 2.85216E-3 2.79004E-3 3.40407E-3 3.42335E-3 4.81662E-3 4.33245E-3 6.61712E-3 7.9988E-3 2.98941E-3 2.96309E-3 6.64935E-3 6.74507E-3 9.02464E-3 9.1001E-3 4.4938E-3
4.98876E-2 5.38447E-2 4.60621E-2 4.90654E-2 1.62E-2 1.93658E-2 1.90427E-2 1.91629E-2 1.92711E-2 1.85384E-2 1.69559E-2 1.81784E-2 1.83054E-2 1.82532E-2 2.34569E-2 3.91815E-2 2.656E-2 8.4832E-3 9.37057E-3 1.04427E-2 1.31197E-2 2.13193E-2 7.99799E-3 8.21201E-3 7.88803E-3 7.41375E-3 5.34819E-3 4.00041E-3 4.78852E-3 5.12876E-3 3.90327E-3 2.56821E-3 2.88952E-3 4.21022E-3 3.83363E-3 7.75946E-3 7.67322E-3 3.96333E-3 4.02966E-3 3.5403E-3 7.02769E-3 2.53287E-3 6.81637E-3 5.60459E-3 1.41626E-3 3.61342E-3 1.26328E-3 9.86499E-4 2.67459E-3 2.94062E-3 3.60885E-3 4.84662E-3 5.55165E-3 6.74632E-3 3.01182E-3 6.69332E-3 8.34891E-3 1.02116E-2 7.2265E-3 9.21229E-3 1.04018E-2
4.14357E-2 1.85446E-2 4.51243E-2 4.51106E-2 4.5554E-2 1.78555E-2 1.89435E-2 1.89085E-2 1.88229E-2 1.88996E-2 1.73015E-2 1.86403E-2 1.85034E-2 2.14368E-2 2.14776E-2 1.66053E-2 1.17656E-2 2.34329E-2 8.77506E-3 1.33612E-2 9.1208E-3 8.67989E-3 9.63364E-3 1.27977E-2 5.64571E-3 7.87013E-3 6.51258E-3 5.34198E-3 4.3725E-3 7.26331E-3 3.14953E-3 2.61596E-3 3.51244E-3 4.28259E-3 3.26516E-3 7.78105E-3 5.88356E-3 5.79619E-3 7.25024E-3 2.56847E-3 6.90045E-3 6.30813E-3 7.00246E-3 1.83177E-3 2.73351E-3 3.44539E-3 1.81597E-3 1.18485E-3 3.43405E-3 1.27987E-3 2.52475E-3 1.44718E-3 4.72835E-3 2.79781E-3 5.75827E-3 6.87151E-3 7.57948E-3 7.72689E-3 7.6441E-3 2.80013E-3 3.53988E-3
4.25287E-2 1.73311E-2 1.70242E-2 1.6703E-2 1.66976E-2 1.53497E-2 1.65549E-2 1.76139E-2 1.74547E-2 1.73357E-2 1.7199E-2 1.7199E-2 1.85776E-2 2.20513E-2 1.49475E-2 1.1833E-2 9.26571E-3 8.87649E-3 1.2433E-2 1.14057E-2 1.12406E-2 1.11748E-2 8.70083E-3 5.82365E-3 5.17742E-3 1.12621E-2 6.13963E-3 5.99708E-3 3.42329E-3 6.15949E-3 2.48455E-3 3.25591E-3 3.99896E-3 8.26154E-3 9.08488E-3 9.70658E-3 5.55852E-3 7.26658E-3 5.33729E-3 5.79195E-3 6.63366E-3 6.77012E-3 4.78734E-3 7.83167E-4 3.00575E-3 3.50301E-3 2.5564E-3 2.28592E-3 4.25183E-3 2.53195E-3 2.04399E-3 1.85069E-3 6.42957E-3 2.87526E-3 6.69928E-3 7.03554E-3 7.68189E-3 8.61114E-3 3.20637E-3 5.49818E-3 5.42091E-3
4.91262E-2 4.39199E-2 3.56528E-2 3.84583E-2 3.55962E-2 1.57858E-2 1.68143E-2 1.81145E-2 1.66848E-2 1.64368E-2 1.63849E-2 1.65326E-2 1.90003E-2 1.89969E-2 1.36413E-2 2.5161E-2 2.51187E-2 8.44897E-3 1.39546E-2 1.00739E-2 9.05755E-3 8.49191E-3 9.53385E-3 7.9266E-3 6.52348E-3 6.81307E-3 1.03908E-2 6.87067E-3 3.73925E-3 6.23387E-3 3.10182E-3 3.77481E-3 3.36902E-3 2.71839E-3 3.29751E-3 8.50671E-3 8.25497E-3 7.63833E-3 2.19486E-3 2.94881E-3 1.22773E-3 2.91803E-3 5.00855E-3 1.02645E-3 2.61932E-3 4.06814E-3 1.51584E-3 8.87595E-4 3.11738E-3 4.36476E-3 2.43368E-3 1.88092E-3 6.02022E-3 7.55744E-3 8.54802E-3 2.6325E-3 6.54562E-3 8.06245E-3 8.90783E-3 8.97217E-3 8.46434E-3
4.38772E-2 3.81425E-2 3.74368E-2 3.31016E-2 1.34767E-2 1.57364E-2 1.48833E-2 1.3664E-2 1.35789E-2 1.33628E-2 1.44908E-2 1.4382E-2 1.79255E-2 3.76618E-2 2.69156E-2 2.79284E-2 8.99438E-3 1.3276E-2 1.12809E-2 9.02707E-3 9.12453E-3 1.80386E-2 6.62809E-3 7.30315E-3 5.81885E-3 4.79419E-3 1.31125E-2 8.70393E-3 2.95634E-3 3.58279E-3 3.8684E-3 3.99746E-3 8.88108E-3 6.4389E-3 5.58897E-3 3.12956E-3 7.58769E-3 8.47618E-3 5.83205E-3 4.68364E-3 1.47651E-3 3.2693E-3 4.07656E-3 1.19891E-3 4.07307E-3 4.51841E-3 1.41935E-3 9.32358E-4 2.06919E-3 4.48446E-3 1.83822E-3 2.01108E-3 6.83839E-3 8.6641E-3 4.17923E-3 2.52912E-3 5.05809E-3 6.00944E-3 6.63928E-3 7.30945E-3 8.30005E-3
3.82064E-2 3.54415E-2 1.26336E-2 1.3628E-2 1.36933E-2 1.36162E-2 1.48683E-2 1.38212E-2 3.30293E-2 1.38127E-2 1.38516E-2 1.42231E-2 1.6564E-2 3.65507E-2 1.09007E-2 1.4835E-2 1.43255E-2 1.32977E-2 1.04897E-2 2.10818E-2 8.32705E-3 9.03647E-3 1.52017E-2 5.52498E-3 5.53093E-3 1.19641E-2 1.07726E-2 7.49149E-3 8.15133E-3 2.73526E-3 4.4831E-3 1.04772E-2 8.99308E-3 3.33086E-3 2.64457E-3 6.32443E-3 6.43505E-3 4.82006E-3 5.94631E-3 6.61505E-3 1.70353E-3 3.09936E-3 3.91829E-3 4.85368E-3 3.84207E-3 1.32106E-3 1.4594E-3 9.82733E-4 1.76504E-3 3.67757E-3 5.31701E-3 1.51061E-3 5.71147E-3 9.57444E-3 1.09912E-2 4.66299E-3 8.73464E-3 2.53177E-3 5.54861E-3 6.16268E-3 7.8446E-3
3.27133E-2 3.5126E-2 3.12311E-2 1.28543E-2 1.29009E-2 1.28286E-2 1.28581E-2 1.28146E-2 1.29926E-2 1.39214E-2 1.49755E-2 1.56272E-2 1.66057E-2 1.44112E-2 1.5251E-2 1.28094E-2 9.0497E-3 1.0592E-2 8.71277E-3 1.98456E-2 1.63972E-2 1.57356E-2 6.22866E-3 1.30453E-2 1.15781E-2 1.54953E-2 9.69533E-3 8.17077E-3 3.34825E-3 3.75496E-3 4.28091E-3 8.33573E-3 3.72913E-3 9.9133E-3 8.95036E-3 4.90983E-3 5.53401E-3 5.47033E-3 5.43011E-3 6.11798E-3 3.91027E-3 3.30949E-3 5.37288E-3 5.4232E-3 1.27314E-3 1.82028E-3 4.00455E-3 1.02136E-3 7.85253E-4 3.43052E-3 4.88409E-3 2.41195E-3 5.42305E-3 9.08046E-3 9.27847E-3 3.53196E-3 1.17203E-2 5.37999E-3 2.13814E-3 7.3734E-3 6.9483E-3
2.94802E-2 2.9538E-2 3.53747E-2 1.10015E-2 1.09226E-2 1.09712E-2 2.93368E-2 1.11381E-2 1.20375E-2 1.21112E-2 1.64492E-2 3.11241E-2 3.04857E-2 1.03061E-2 3.02488E-2 9.56559E-3 7.94086E-3 6.95412E-3 1.18529E-2 5.66817E-3 8.00033E-3 8.68826E-3 7.71466E-3 5.84657E-3 1.30668E-2 5.74863E-3 1.18065E-2 8.63886E-3 4.29293E-3 3.54927E-3 4.84148E-3 1.21188E-2 9.51733E-3 9.46478E-3 7.08813E-3 1.76364E-3 4.98867E-3 6.19823E-3 3.73095E-3 5.68088E-3 2.724E-3 5.47729E-3 5.7078E-3 4.50671E-3 1.0671E-3 2.35133E-3 4.66268E-3 7.69092E-4 2.58721E-3 3.58006E-3 4.19956E-3 1.86002E-3 6.894E-3 7.13581E-3 9.55546E-3 2.97078E-3 9.05861E-3 1.49462E-2 5.05093E-3 1.94106E-3 7.5389E-3
2.76672E-2 3.56645E-2 3.28639E-2 3.27434E-2 2.92158E-2 1.09317E-2 1.02936E-2 1.12636E-2 1.11586E-2 1.18166E-2 1.40052E-2 2.49553E-2 2.4712E-2 2.60616E-2 2.79002E-2 2.75737E-2 1.04303E-2 9.55418E-3 9.84971E-3 9.65125E-3 1.54972E-2 1.09178E-2 1.44943E-2 1.65115E-2 5.9731E-3 6.50634E-3 4.71094E-3 9.90107E-3 1.17766E-2 5.72361E-3 5.94226E-3 1.49872E-2 3.93492E-3 9.00327E-3 7.89497E-3 1.87501E-3 5.68607E-3 7.7572E-3 5.40197E-3 7.12635E-3 6.95976E-3 4.73798E-3 5.59754E-3 3.81814E-3 6.93575E-4 3.7022E-3 5.6255E-3 1.09045E-3 3.92353E-3 4.13261E-3 5.24469E-3 5.99815E-3 7.66931E-3 5.83502E-3 8.81538E-3 2.78216E-3 7.8371E-3 1.37844E-2 1.284E-2 3.41019E-3 1.95507E-3
3.22777E-2 3.00835E-2 2.99419E-2 2.43923E-2 2.4474E-2 2.64074E-2 1.08304E-2 1.11116E-2 1.2872E-2 1.35703E-2 1.2672E-2 1.08054E-2 1.25104E-2 2.6674E-2 2.61254E-2 9.4364E-3 9.42053E-3 2.3137E-2 1.97561E-2 5.72836E-3 1.51789E-2 1.32469E-2 6.46501E-3 7.10539E-3 1.26008E-2 1.16273E-2 9.13898E-3 2.97841E-3 6.88721E-3 8.31979E-3 4.9259E-3 1.82204E-2 3.41828E-3 9.23761E-3 7.64178E-3 3.00109E-3 6.23288E-3 7.39447E-3 7.9663E-3 7.29282E-3 2.34377E-3 3.9663E-3 4.8721E-3 3.47935E-3 1.51095E-3 4.28159E-3 4.49422E-3 9.2389E-4 1.38197E-3 6.00422E-3 7.40694E-3 6.72491E-3 2.10275E-3 4.85638E-3 9.51501E-3 3.5236E-3 9.69227E-3 1.43652E-2 4.27766E-3 4.80197E-3 2.83618E-3
3.02284E-2 2.75564E-2 2.7508E-2 2.75381E-2 2.2883E-2 2.50104E-2 1.02484E-2 1.20878E-2 1.00523E-2 2.91684E-2 1.06261E-2 2.02796E-2 2.1444E-2 2.44263E-2 2.10653E-2 1.76961E-2 1.26862E-2 1.51957E-2 6.65493E-3 1.24186E-2 5.85355E-3 7.03888E-3 6.98297E-3 1.50539E-2 1.32816E-2 1.30412E-2 3.71843E-3 2.72327E-3 5.21802E-3 6.42803E-3 1.22643E-2 5.22506E-3 4.7641E-3 4.73083E-3 6.00881E-3 3.88716E-3 2.25369E-3 8.16524E-3 1.10784E-2 7.48393E-3 6.10956E-3 1.40313E-3 5.05531E-3 5.57651E-3 6.14986E-3 5.92977E-3 2.39898E-3 1.32424E-3 1.02826E-3 5.5237E-3 7.76949E-3 1.66821E-3 4.67125E-3 4.99946E-3 6.04846E-3 1.00779E-2 9.17247E-3 1.38922E-2 4.49763E-3 1.22396E-2 6.07792E-3
2.62587E-2 2.61544E-2 2.36972E-2 2.35388E-2 1.94002E-2 2.32182E-2 1.09686E-2 2.96863E-2 1.95975E-2 2.19862E-2 1.77411E-2 1.3552E-2 7.55582E-3 8.84268E-3 8.33241E-3 8.19379E-3 2.19906E-2 7.2528E-3 1.97258E-2 3.0381E-3 1.22867E-2 1.30674E-2 1.02123E-2 5.8616E-3 1.34378E-2 7.16482E-3 3.14095E-3 7.12908E-3 1.04687E-2 2.84982E-3 3.20787E-3 1.21996E-2 1.20804E-2 8.34232E-3 8.16113E-3 8.98295E-3 1.02229E-2 1.11543E-2 8.36791E-3 8.38518E-3 5.58484E-3 5.28303E-3 5.84742E-3 4.64805E-3 4.40355E-3 6.86848E-3 6.84441E-3 1.24887E-3 4.2065E-3 6.98874E-3 3.93507E-3 1.53591E-3 1.99531E-3 7.0647E-3 5.33714E-3 8.32876E-3 7.08637E-3 1.29159E-2 1.30611E-2 1.13943E-2 1.71339E-2
2.12721E-2 2.47722E-2 2.00842E-2 2.23849E-2 2.15391E-2 2.28451E-2 1.14148E-2 2.91476E-2 2.36074E-2 5.94303E-3 5.30051E-3 1.72018E-2 1.87474E-2 1.66857E-2 1.73023E-2 1.5249E-2 1.52225E-2 1.1842E-2 1.64215E-2 8.59446E-3 1.22033E-2 5.96187E-3 1.20661E-2 1.61299E-2 1.32329E-2 1.6605E-2 3.74411E-3 3.21849E-3 2.69365E-3 7.6081E-3 1.02611E-2 1.27635E-2 1.21941E-2 1.26861E-2 1.48101E-2 1.16399E-2 1.58481E-2 9.52256E-3 8.73508E-3 9.70662E-3 2.27444E-3 4.37779E-3 9.524E-3 7.62521E-3 1.3896E-3 5.42311E-3 6.67152E-3 5.77669E-3 4.8486E-3 6.42684E-3 1.1007E-2 2.00862E-3 1.86966E-3 7.21111E-3 6.55673E-3 8.0223E-3 1.01044E-2 1.15983E-2 7.17058E-3 1.2156E-2 1.5976E-2
2.33899E-2 2.52428E-2 2.1147E-2 2.02901E-2 2.21608E-2 2.15669E-2 1.07567E-2 2.40387E-2 7.22502E-3 1.90718E-2 1.89204E-2 1.24426E-2 1.03199E-2 1.53676E-2 1.53994E-2 5.15501E-3 1.57867E-2 1.0917E-2 6.67942E-3 1.54604E-2 1.5038E-2 1.59916E-2 9.52692E-3 1.28522E-2 5.00168E-3 1.16731E-2 2.71425E-3 1.11415E-2 5.17663E-3 2.04391E-3 2.51279E-3 1.06555E-2 1.39122E-2 1.47313E-2 6.17615E-3 2.81362E-3 2.89842E-3 2.90586E-3 2.58211E-3 2.54506E-3 2.77282E-3 2.58404E-3 6.63251E-3 8.77267E-3 2.97615E-3 1.40163E-3 2.21635E-3 8.12469E-3 6.61239E-3 6.68507E-3 9.32548E-3 2.92567E-3 7.5371E-3 2.93784E-3 6.10732E-3 1.00254E-2 1.01552E-2 9.19166E-3 1.50747E-2 1.35404E-2 1.83848E-2
2.63567E-2 2.54345E-2 2.3159E-2 1.85415E-2 1.68681E-2 8.04303E-3 9.22372E-3 7.83629E-3 8.3812E-3 1.76801E-2 6.25919E-3 1.90182E-2 1.07867E-2 1.40006E-2 8.93173E-3 4.56707E-3 1.29374E-2 1.03073E-2 5.11001E-3 9.87208E-3 3.51505E-3 3.15927E-3 8.83397E-3 1.75091E-2 5.67546E-3 1.41558E-2 3.09096E-3 1.05215E-2 1.30352E-2 2.73395E-3 2.36867E-3 8.41755E-3 1.55254E-2 1.7404E-2 4.7001E-3 2.56629E-3 8.34955E-3 4.08996E-3 3.01953E-3 8.36139E-3 6.79543E-3 8.21968E-3 2.39248E-3 9.90043E-3 8.97334E-3 2.30006E-3 1.6283E-3 1.77966E-3 7.11706E-3 7.69185E-3 4.62869E-3 2.27688E-3 8.45262E-3 3.8406E-3 5.85569E-3 1.14165E-2 4.23306E-3 1.16409E-2 1.37906E-2 1.70114E-2 1.86155E-2
2.44471E-2 2.63744E-2 2.56503E-2 9.15357E-3 1.21033E-2 1.99489E-2 1.41642E-2 1.79188E-2 1.25376E-2 7.10878E-3 1.21333E-2 1.2752E-2 5.74238E-3 1.30158E-2 3.31156E-3 9.26975E-3 9.43389E-3 6.70543E-3 3.97695E-3 2.88366E-3 3.17854E-3 3.57786E-3 2.31888E-3 4.83157E-3 1.55101E-2 1.20534E-2 2.36599E-3 4.82898E-3 1.07414E-2 1.04645E-2 3.64326E-3 1.00444E-2 1.30135E-2 1.96733E-2 4.6674E-3 2.43644E-3 1.06056E-2 1.27275E-2 1.03645E-2 6.95022E-3 2.70033E-3 7.73982E-3 2.03374E-3 2.84707E-3 9.45789E-3 8.46795E-3 2.38264E-3 1.7156E-3 3.93139E-3 7.73395E-3 9.45369E-3 3.95447E-3 1.00058E-2 2.38852E-3 7.90941E-3 8.63555E-3 9.12633E-3 1.28352E-2 1.00311E-2 1.64935E-2 1.89965E-2
2.98534E-2 2.95198E-2 2.32098E-2 1.80057E-2 2.19789E-2 1.71249E-2 1.72252E-2 1.63646E-2 5.23673E-3 1.49982E-2 1.22581E-2 4.46351E-3 9.68858E-3 1.14892E-2 5.99191E-3 2.42912E-3 2.19873E-3 2.44118E-3 7.93494E-3 6.80631E-3 5.99415E-3 7.16713E-3 2.94944E-3 8.28186E-3 1.46328E-2 9.79655E-3 2.94072E-3 1.22644E-2 1.18103E-2 1.32185E-2 1.23905E-2 1.14921E-2 1.81523E-2 1.79879E-2 6.19379E-3 3.13752E-3 1.55744E-2 3.9842E-3 3.09571E-3 8.93517E-3 2.8072E-3 9.42315E-3 3.2127E-3 1.96068E-3 7.10892E-3 1.1593E-2 9.05607E-3 2.2209E-3 2.36055E-3 2.43416E-3 7.93755E-3 9.9763E-3 1.20716E-2 3.74924E-3 6.0534E-3 1.07883E-2 1.09089E-2 1.34547E-2 1.08512E-2 1.75536E-2 1.74586E-2
3.10476E-2 3.02575E-2 2.37973E-2 5.3663E-3 1.98249E-2 1.58661E-2 4.34924E-3 7.50853E-3 2.0068E-2 1.65999E-2 1.36132E-2 2.71159E-3 2.46317E-3 2.4329E-3 4.95246E-3 2.09838E-3 1.81443E-3 1.60646E-3 4.98516E-3 2.97812E-3 1.78658E-3 1.7987E-3 2.72319E-3 2.98106E-3 4.0504E-3 6.74399E-3 1.02994E-2 1.13346E-2 1.47633E-2 1.26958E-2 1.04994E-2 1.04779E-2 1.71007E-2 1.53784E-2 8.47032E-3 4.43147E-3 9.77864E-3 3.14969E-3 2.69538E-3 1.08572E-2 9.17223E-3 8.15495E-3 7.54861E-3 6.18135E-3 6.10318E-3 2.92002E-3 8.01955E-3 3.6492E-3 1.96451E-3 6.68678E-3 5.78801E-3 8.97768E-3 1.34381E-2 1.13392E-2 2.72439E-3 1.18246E-2 1.26029E-2 1.14416E-2 1.5091E-2 1.89401E-2 1.77137E-2
2.44652E-2 2.3544E-2 8.66658E-3 5.14601E-3 1.37551E-2 1.20918E-2 6.44323E-3 1.83633E-2 1.28051E-2 1.51746E-2 4.21287E-3 2.34979E-3 1.86831E-3 3.47344E-3 1.05894E-2 2.5095E-3 1.81448E-3 1.80111E-3 8.15885E-3 2.47886E-3 1.79717E-3 2.39509E-3 4.87529E-3 2.44762E-3 2.71445E-3 2.00178E-3 2.22121E-3 3.36479E-3 3.32381E-3 5.08578E-3 1.26259E-2 1.15491E-2 1.54482E-2 1.84581E-2 6.49966E-3 2.91199E-3 1.52978E-2 4.06172E-3 3.05835E-3 1.11509E-2 1.3226E-2 3.28757E-3 1.32996E-2 6.92645E-3 6.77602E-3 4.06976E-3 2.7273E-3 1.23024E-2 2.61864E-3 2.06174E-3 2.22794E-3 7.74802E-3 1.26951E-2 6.29819E-3 1.00582E-2 1.15107E-2 1.26493E-2 1.14976E-2 2.02952E-2 8.42598E-3 6.03131E-3
2.87818E-2 2.76075E-2 7.17239E-3 1.83368E-2 1.66046E-2 5.39116E-3 2.59901E-3 4.52103E-3 8.12056E-3 3.70312E-3 2.99572E-3 3.26758E-3 1.58363E-3 5.34884E-3 9.67183E-3 1.54773E-3 1.00759E-3 5.76361E-3 1.90624E-3 1.38501E-3 1.10265E-3 5.14263E-3 3.01067E-3 2.86679E-3 5.78479E-3 2.46033E-3 1.97549E-3 2.77571E-3 7.72782E-3 1.13096E-2 3.84173E-3 4.79514E-3 1.44044E-2 1.72372E-2 1.61468E-2 4.55702E-3 4.35485E-3 3.25605E-3 1.05839E-2 1.37225E-2 4.56518E-3 3.33429E-3 8.01026E-3 1.1331E-2 8.52299E-3 9.56489E-3 3.14403E-3 9.54625E-3 9.64254E-3 4.76902E-3 2.37701E-3 5.83045E-3 1.42415E-2 2.99764E-3 9.98969E-3 1.51608E-2 4.43867E-3 1.14779E-2 2.04381E-2 1.02674E-2 7.8896E-3
3.21425E-2 1.84415E-2 2.10093E-2 2.29369E-2 3.40855E-3 3.06109E-3 1.5972E-3 2.76351E-3 2.11092E-3 2.29278E-3 9.5234E-3 2.26028E-3 5.51042E-3 5.5801E-3 3.09322E-3 1.11582E-3 8.86397E-4 7.12754E-3 1.78226E-3 3.93158E-3 5.15437E-3 4.28802E-3 1.33931E-3 1.86799E-3 7.4892E-3 2.03155E-3 2.2734E-3 1.67233E-3 8.81028E-3 8.25481E-3 2.84791E-3 1.12197E-2 1.27588E-2 1.84708E-2 1.452E-2 1.3944E-2 3.81908E-3 3.9785E-3 1.27982E-2 4.38632E-3 2.42054E-3 2.34698E-3 8.20268E-3 1.06761E-2 1.04553E-2 1.09516E-2 1.00962E-2 3.62047E-3 9.20554E-3 7.30333E-3 3.4752E-3 2.99675E-3 1.17563E-2 6.73758E-3 3.03097E-3 1.43315E-2 5.50209E-3 9.15628E-3 1.68126E-2 9.69052E-3 1.98186E-2
