day_2/Results/Podomys_floridanus/projections/PaleoClim/-11000/RUN_3.asc
ncols         385
nrows         252
xllcorner     -91.50013924285
yllcorner     25.49986064915003
cellsize      0.041666666500000005
NODATA_value  -9999
[rows 27 to 53 of 252, columns 305 to 365 of 385]
6.2501E-4 5.02856E-4 5.02289E-4 5.33216E-4 5.21382E-4 5.53222E-4 6.08645E-4 1.4209E-3 1.45098E-3 6.0787E-4 8.299E-4 1.58034E-3 9.30411E-4 1.50625E-3 1.32566E-3 1.63905E-3 1.54817E-3 1.60601E-3 1.86874E-3 1.73028E-3 1.79524E-3 1.73387E-3 2.20756E-3 2.01817E-3 1.97916E-3 8.21941E-4 8.59444E-4 1.68878E-3 7.19709E-4 2.8698E-3 3.04005E-3 2.74717E-3 1.14598E-3 1.21395E-3 1.32654E-3 1.1357E-3 2.94727E-3 4.20901E-3 1.80302E-3 1.36725E-3 2.13949E-3 1.79464E-3 1.83018E-3 1.93071E-3 2.09436E-3 1.63534E-3 1.74333E-3 1.75382E-3 1.95488E-3 1.96839E-3 2.00378E-3 1.95222E-3 2.05413E-3 2.00238E-3 1.98182E-3 1.96938E-3 2.00592E-3 1.95821E-3 1.9404E-3 1.97695E-3 1.9772E-3
6.48159E-4 5.87637E-4 5.21655E-4 5.53113E-4 5.73869E-4 5.86315E-4 5.86357E-4 6.44734E-4 1.59879E-3 1.65633E-3 6.82507E-4 6.68661E-4 1.34721E-3 1.42652E-3 1.45988E-3 1.90797E-3 1.98006E-3 1.89868E-3 1.87121E-3 1.94122E-3 2.13073E-3 2.13506E-3 2.0935E-3 1.91337E-3 8.40659E-4 6.77727E-4 2.18431E-3 9.4674E-4 1.03685E-3 1.09973E-3 3.04817E-3 3.4489E-3 1.23406E-3 1.28632E-3 1.43434E-3 1.1025E-3 1.29111E-3 3.45864E-3 4.46801E-3 1.49907E-3 1.62849E-3 1.80474E-3 1.95993E-3 2.0364E-3 2.23841E-3 1.72338E-3 1.89752E-3 1.76662E-3 1.88123E-3 2.16344E-3 2.10861E-3 2.12315E-3 2.16147E-3 2.01901E-3 1.99927E-3 2.07416E-3 2.07448E-3 2.0942E-3 2.00747E-3 1.97752E-3 2.01815E-3
7.58699E-4 6.85843E-4 6.09635E-4 5.53197E-4 5.86429E-4 8.29413E-4 1.59722E-3 9.11828E-4 7.23093E-4 1.66592E-3 1.80097E-3 7.76468E-4 1.66716E-3 1.6064E-3 1.86932E-3 2.01E-3 2.05351E-3 2.01234E-3 1.73506E-3 1.90426E-3 2.25669E-3 2.37505E-3 2.1005E-3 6.68034E-4 9.42262E-4 9.77641E-4 1.03662E-3 1.07552E-3 1.12348E-3 3.09558E-3 3.10919E-3 3.6428E-3 3.30692E-3 1.13653E-3 2.90288E-3 1.55086E-3 1.31976E-3 1.5408E-3 4.10449E-3 5.29842E-3 1.69952E-3 1.81656E-3 2.10594E-3 2.08153E-3 1.70216E-3 1.81331E-3 1.99664E-3 1.94557E-3 1.89569E-3 2.76899E-3 2.21789E-3 2.13999E-3 2.1789E-3 2.03687E-3 2.10578E-3 2.14479E-3 2.16559E-3 2.16523E-3 2.04576E-3 2.08736E-3 3.49005E-3
7.69231E-4 8.44371E-4 7.68948E-4 6.45869E-4 6.31071E-4 1.65795E-3 1.69325E-3 1.71909E-3 1.80179E-3 1.06053E-3 1.66716E-3 1.90807E-3 2.04277E-3 1.89941E-3 2.05219E-3 2.129E-3 2.17452E-3 2.25447E-3 2.33757E-3 2.47328E-3 2.56407E-3 2.34678E-3 2.30218E-3 1.85227E-3 8.33539E-4 7.64346E-4 8.36713E-4 8.86936E-4 1.34126E-3 3.51726E-3 3.46257E-3 3.47862E-3 4.12699E-3 3.01276E-3 1.55113E-3 1.34699E-3 1.46647E-3 1.62879E-3 1.64041E-3 1.95879E-3 1.8823E-3 1.77311E-3 2.05542E-3 2.2263E-3 1.79395E-3 1.8265E-3 1.88874E-3 1.95957E-3 2.06323E-3 2.1938E-3 2.30783E-3 2.15856E-3 2.29214E-3 2.08785E-3 2.21713E-3 2.20614E-3 2.2058E-3 2.07695E-3 2.12341E-3 3.54301E-3 2.17847E-2
8.4873E-4 1.63324E-3 8.91321E-4 8.12563E-4 6.94408E-4 7.08392E-4 1.8615E-3 1.92958E-3 1.80319E-3 1.90966E-3 2.16218E-3 1.79425E-3 2.2052E-3 2.12912E-3 1.90074E-3 2.20671E-3 2.25458E-3 2.38614E-3 2.61319E-3 2.56425E-3 2.80592E-3 2.81192E-3 2.61469E-3 1.17352E-3 1.19852E-3 1.26869E-3 9.7139E-4 8.92503E-4 1.05014E-3 1.50177E-3 1.55669E-3 3.92351E-3 4.35676E-3 4.60082E-3 1.3696E-3 1.37738E-3 1.40648E-3 1.83115E-3 1.93417E-3 1.94794E-3 2.11202E-3 2.00175E-3 2.27017E-3 1.8545E-3 1.86727E-3 1.98819E-3 2.02558E-3 2.06305E-3 2.1327E-3 2.17182E-3 2.2515E-3 2.27102E-3 2.31256E-3 2.25859E-3 2.23976E-3 2.28065E-3 2.18836E-3 2.19633E-3 2.17847E-2 2.21862E-2 2.21876E-2
6.08704E-4 1.73073E-3 7.23336E-4 8.24031E-4 9.2171E-4 8.23968E-4 1.97347E-3 2.04292E-3 1.87144E-3 2.12787E-3 2.3345E-3 2.13128E-3 2.2877E-3 2.08671E-3 1.9052E-3 2.33627E-3 2.38671E-3 2.47375E-3 2.61711E-3 1.21406E-3 2.96539E-3 3.30652E-3 2.3435E-3 1.3109E-3 1.35795E-3 2.57392E-3 1.3411E-3 1.08967E-3 1.12933E-3 1.25814E-3 1.3041E-3 1.37937E-3 1.53319E-3 3.89352E-3 4.64931E-3 1.45848E-3 1.54253E-3 1.84444E-3 1.94764E-3 2.05529E-3 2.12764E-3 2.10143E-3 2.2855E-3 1.69538E-3 1.75916E-3 1.82004E-3 1.9383E-3 2.01144E-3 2.07989E-3 2.1186E-3 2.22975E-3 2.17737E-3 2.29202E-3 2.28094E-3 2.3579E-3 2.26321E-3 2.22932E-3 2.21876E-2 2.21889E-2 2.21889E-2 2.21889E-2
6.83036E-4 6.83035E-4 1.97168E-3 2.13137E-3 2.20897E-3 9.73223E-4 9.3506E-4 2.13163E-3 2.20786E-3 2.25418E-3 2.33596E-3 2.66406E-3 2.61359E-3 2.09063E-3 2.38582E-3 2.6138E-3 2.56519E-3 2.65752E-3 2.75416E-3 2.30174E-3 1.26126E-3 3.31271E-3 3.43136E-3 2.75971E-3 1.43726E-3 1.51918E-3 1.2274E-3 1.23306E-3 1.19617E-3 1.33088E-3 1.3794E-3 1.53258E-3 5.26731E-3 4.95609E-3 1.58752E-3 1.54282E-3 1.82129E-3 2.57106E-3 2.05606E-3 2.03194E-3 2.169E-3 1.663E-3 1.71909E-3 1.78584E-3 1.82025E-3 1.8829E-3 1.95491E-3 1.99201E-3 2.05979E-3 2.13726E-3 2.08717E-3 2.15817E-3 2.23929E-3 2.29677E-3 2.33999E-3 2.30541E-3 2.30518E-3 2.25949E-2 2.25963E-2 2.25963E-2 2.25976E-2
1.02361E-3 1.93033E-3 2.08689E-3 2.08754E-3 2.16207E-3 2.4575E-3 1.39837E-3 2.59892E-3 2.69319E-3 2.66734E-3 2.61293E-3 2.47261E-3 2.91676E-3 7.70491E-4 2.5619E-3 2.80591E-3 3.02239E-3 2.96767E-3 3.13563E-3 3.24726E-3 1.42821E-3 3.74225E-3 1.64795E-3 1.65167E-3 1.3337E-3 1.38796E-3 1.36615E-3 1.37245E-3 1.37937E-3 1.42897E-3 1.5108E-3 2.10174E-3 1.82178E-3 2.34125E-3 2.35628E-3 1.77331E-3 2.57099E-3 2.01683E-3 2.09604E-3 2.1673E-3 2.24289E-3 1.75386E-3 1.78607E-3 1.84777E-3 1.91861E-3 1.95516E-3 2.02202E-3 2.09846E-3 2.07974E-3 2.11852E-3 2.19835E-3 2.2733E-3 2.3157E-3 2.26364E-3 2.38346E-3 2.38401E-3 2.34863E-3 2.3484E-3 2.3484E-3 2.26007E-2 2.30125E-2
7.49248E-4 1.12323E-3 1.18871E-3 1.20729E-3 2.05518E-3 2.25278E-3 2.25305E-3 2.47001E-3 3.1713E-3 3.02415E-3 2.70988E-3 2.80489E-3 3.08146E-3 2.02043E-3 1.15011E-3 2.96554E-3 1.30391E-3 1.42493E-3 2.6577E-3 1.19655E-3 1.23897E-3 1.76819E-3 4.30507E-3 1.43282E-3 1.40931E-3 1.48798E-3 1.47274E-3 1.5249E-3 1.45891E-3 1.51123E-3 1.67679E-3 1.85744E-3 1.86954E-3 1.97209E-3 2.48599E-3 2.01678E-3 2.05629E-3 2.12822E-3 2.20051E-3 1.72105E-3 1.77908E-3 1.81344E-3 1.88325E-3 1.94777E-3 1.98482E-3 2.06006E-3 2.09872E-3 2.17014E-3 2.25125E-3 2.23237E-3 2.27353E-3 2.3582E-3 2.43792E-3 2.48259E-3 2.48274E-3 2.52792E-3 2.52807E-3 2.49056E-3 2.49046E-3 2.39516E-2 2.3953E-2
2.0451E-3 2.19668E-3 2.24258E-3 1.295E-3 2.33652E-3 2.38402E-3 2.25558E-3 2.61245E-3 3.18962E-3 3.55321E-3 3.4878E-3 3.24243E-3 3.13338E-3 3.19541E-3 3.13768E-3 1.3518E-3 1.40691E-3 1.53559E-3 1.23984E-3 1.26441E-3 1.24307E-3 1.45561E-3 4.8614E-3 1.51384E-3 1.51844E-3 1.49504E-3 1.57858E-3 1.63487E-3 1.62021E-3 1.78726E-3 1.97833E-3 2.42341E-3 2.55549E-3 2.43965E-3 2.11287E-3 2.18657E-3 2.27104E-3 2.34755E-3 1.82786E-3 1.89612E-3 1.93199E-3 1.99794E-3 2.07335E-3 2.02281E-3 2.09153E-3 2.17043E-3 2.21053E-3 2.28531E-3 2.36991E-3 2.41347E-3 2.3942E-3 2.4379E-3 2.48259E-3 2.48289E-3 2.48289E-3 2.52792E-3 2.52807E-3 2.52822E-3 2.5357E-3 2.49073E-3 2.53545E-3
9.33259E-4 9.67307E-4 2.59878E-3 2.38536E-3 2.47035E-3 2.339E-3 2.52376E-3 3.02043E-3 3.12863E-3 3.19051E-3 3.874E-3 3.80629E-3 3.68125E-3 3.61352E-3 3.73872E-3 3.81215E-3 1.59217E-3 1.26464E-3 1.76882E-3 1.35708E-3 1.33425E-3 1.53635E-3 4.16924E-3 2.1824E-3 1.68519E-3 1.57973E-3 1.5879E-3 1.72666E-3 2.00613E-3 2.11475E-3 2.58946E-3 2.50855E-3 2.09924E-3 2.21314E-3 2.33309E-3 2.41117E-3 2.34849E-3 1.86285E-3 1.89652E-3 1.99821E-3 2.03553E-3 2.07348E-3 2.18332E-3 2.2239E-3 2.26471E-3 2.38318E-3 2.32813E-3 2.37017E-3 2.41347E-3 2.49441E-3 2.43868E-3 2.43853E-3 2.48292E-3 2.52792E-3 2.5282E-3 2.52835E-3 2.52822E-3 2.57389E-3 2.5742E-3 2.5742E-3 2.53588E-3
2.59768E-3 1.55985E-3 2.7888E-3 2.4246E-3 2.34177E-3 2.85983E-3 3.12806E-3 3.19203E-3 3.13225E-3 2.96876E-3 3.24257E-3 4.00971E-3 4.37111E-3 4.29483E-3 4.15617E-3 4.29735E-3 4.44809E-3 1.35832E-3 1.93117E-3 1.99985E-3 1.59159E-3 1.59708E-3 1.82418E-3 2.459E-3 1.80506E-3 1.75229E-3 1.84877E-3 2.07531E-3 2.29183E-3 2.22897E-3 2.15922E-3 2.24141E-3 2.29016E-3 2.33383E-3 2.45699E-3 1.91241E-3 1.9759E-3 2.0501E-3 2.08817E-3 2.1982E-3 2.14463E-3 2.18398E-3 2.26476E-3 2.34083E-3 2.38357E-3 2.42679E-3 2.50784E-3 2.45029E-3 2.49453E-3 2.53972E-3 2.57828E-3 2.5857E-3 2.58575E-3 2.5286E-3 2.5665E-3 2.61328E-3 2.57481E-3 2.57455E-3 2.62052E-3 2.62068E-3 2.58195E-3
2.74591E-3 2.9187E-3 3.10967E-3 2.65995E-3 2.80709E-3 3.06922E-3 3.13205E-3 3.42022E-3 3.35889E-3 3.42468E-3 3.49422E-3 4.01426E-3 4.15452E-3 4.52395E-3 4.60823E-3 1.58362E-3 5.27498E-3 5.19221E-3 1.67537E-3 2.32909E-3 1.82527E-3 1.88762E-3 1.83155E-3 1.98872E-3 1.90396E-3 2.06648E-3 2.32402E-3 2.29305E-3 2.22957E-3 2.30484E-3 2.31883E-3 2.39803E-3 2.52571E-3 2.60933E-3 2.06797E-3 2.01343E-3 2.08835E-3 2.15912E-3 2.19856E-3 2.27942E-3 2.35588E-3 2.3987E-3 2.44188E-3 2.41981E-3 2.46347E-3 2.5081E-3 2.55322E-3 2.49534E-3 2.53972E-3 2.57828E-3 2.62465E-3 2.62496E-3 2.6322E-3 2.63238E-3 2.63238E-3 2.71955E-3 2.7682E-3 2.72715E-3 2.62138E-3 2.62118E-3 2.66816E-3
3.10838E-3 3.2179E-3 3.51567E-3 3.13487E-3 3.24374E-3 3.30907E-3 3.42612E-3 3.49361E-3 3.61649E-3 3.4332E-3 3.94326E-3 4.29762E-3 4.3814E-3 4.61518E-3 1.55682E-3 2.13825E-3 1.84939E-3 2.44775E-3 6.03847E-3 2.08374E-3 1.83315E-3 1.89518E-3 1.83992E-3 1.93993E-3 2.20793E-3 2.47269E-3 2.48398E-3 2.3363E-3 2.49603E-3 2.42855E-3 2.55653E-3 2.6408E-3 2.65839E-3 2.06863E-3 2.14267E-3 2.21484E-3 2.29581E-3 2.3725E-3 2.31479E-3 2.39875E-3 2.44173E-3 2.52295E-3 2.56813E-3 2.46431E-3 2.5081E-3 2.59168E-3 2.63825E-3 2.68517E-3 2.57912E-3 2.62465E-3 2.62496E-3 2.67184E-3 2.67216E-3 2.71969E-3 2.71985E-3 2.72001E-3 2.7682E-3 2.72729E-3 2.72731E-3 2.77543E-3 2.77576E-3
3.19266E-3 3.13359E-3 3.87591E-3 3.80716E-3 3.68391E-3 3.81111E-3 3.94349E-3 3.74532E-3 3.81876E-3 3.95148E-3 4.30333E-3 4.61514E-3 5.01946E-3 2.07266E-3 1.67369E-3 2.44654E-3 1.85497E-3 2.11542E-3 2.84528E-3 2.80325E-3 2.16008E-3 2.12835E-3 2.10589E-3 2.28317E-3 2.6371E-3 2.60223E-3 2.52969E-3 2.49697E-3 2.62763E-3 2.64366E-3 2.72974E-3 2.16225E-3 2.23276E-3 2.31377E-3 2.25582E-3 2.33087E-3 2.41502E-3 2.45831E-3 2.53974E-3 2.58488E-3 2.52355E-3 2.56826E-3 2.61378E-3 2.61408E-3 2.59203E-3 2.63825E-3 2.68517E-3 2.68549E-3 2.7329E-3 2.62567E-3 2.6722E-3 2.67252E-3 2.71969E-3 2.71985E-3 2.72001E-3 2.7682E-3 2.76852E-3 2.76853E-3 2.81754E-3 2.8177E-3 2.86722E-3
3.67846E-3 3.80716E-3 3.93914E-3 3.81173E-3 4.15427E-3 4.02203E-3 3.95242E-3 4.08949E-3 4.38705E-3 1.89574E-3 1.9326E-3 2.10225E-3 2.25192E-3 2.33012E-3 1.8557E-3 2.01473E-3 1.98366E-3 2.29976E-3 3.03618E-3 3.19171E-3 2.20896E-3 2.28219E-3 2.47361E-3 2.72474E-3 2.81497E-3 2.64981E-3 2.66171E-3 2.71649E-3 2.80467E-3 2.90628E-3 2.19585E-3 2.27331E-3 2.34891E-3 2.43342E-3 2.47672E-3 2.52046E-3 2.4962E-3 2.54002E-3 2.58501E-3 2.63064E-3 2.60766E-3 2.65343E-3 2.65359E-3 2.70043E-3 2.6391E-3 2.68531E-3 2.68562E-3 2.73304E-3 2.73336E-3 2.78142E-3 2.78174E-3 2.83045E-3 2.72074E-3 2.72051E-3 2.76887E-3 2.76853E-3 2.81752E-3 2.8177E-3 2.86722E-3 2.86739E-3 2.86755E-3
3.93983E-3 4.01681E-3 4.02132E-3 3.95352E-3 4.52832E-3 4.38929E-3 4.31594E-3 4.31598E-3 4.69509E-3 2.0387E-3 2.21564E-3 1.76497E-3 1.79149E-3 2.6215E-3 5.09538E-3 2.80263E-3 2.16193E-3 2.34243E-3 2.46452E-3 3.20118E-3 2.25381E-3 2.29368E-3 2.8138E-3 2.86479E-3 2.82805E-3 2.87777E-3 2.89274E-3 2.98576E-3 2.29481E-3 2.33363E-3 2.45325E-3 2.49683E-3 2.47728E-3 2.55827E-3 2.60339E-3 2.64913E-3 2.69534E-3 2.631E-3 2.67042E-3 2.71747E-3 2.7649E-3 2.70064E-3 2.70072E-3 2.7482E-3 2.8386E-3 2.72695E-3 2.7745E-3 2.77466E-3 2.82345E-3 2.82378E-3 2.87322E-3 2.87356E-3 2.88029E-3 2.92386E-3 2.97479E-3 2.81856E-3 2.86066E-3 2.86751E-3 2.86739E-3 2.86739E-3 2.91774E-3
4.23607E-3 4.61065E-3 4.30656E-3 4.68488E-3 4.54118E-3 4.9373E-3 4.85714E-3 4.9491E-3 5.11799E-3 4.18444E-3 1.8264E-3 1.98291E-3 2.0207E-3 2.08931E-3 2.37665E-3 2.45655E-3 3.45048E-3 3.20217E-3 2.71315E-3 2.80305E-3 2.81652E-3 2.61549E-3 2.95878E-3 2.95957E-3 2.97298E-3 3.02275E-3 3.08471E-3 2.4404E-3 2.41164E-3 2.4969E-3 2.57871E-3 2.66928E-3 2.71564E-3 2.60456E-3 2.64913E-3 2.73593E-3 2.7836E-3 2.71793E-3 2.71763E-3 2.80668E-3 2.81339E-3 2.70146E-3 2.78959E-3 2.83874E-3 2.88838E-3 2.88857E-3 2.8242E-3 2.82415E-3 2.82378E-3 2.87322E-3 2.87356E-3 2.92367E-3 2.92401E-3 2.97479E-3 2.97513E-3 2.97513E-3 3.02659E-3 2.91124E-3 -9999 -9999 -9999
5.01345E-3 5.27763E-3 4.62886E-3 4.7857E-3 5.19951E-3 5.3779E-3 2.22331E-3 4.26001E-3 2.41555E-3 4.62652E-3 2.6703E-3 2.12836E-3 2.30718E-3 2.38446E-3 2.42785E-3 2.5083E-3 2.2002E-3 2.67419E-3 2.17675E-3 2.3919E-3 3.23351E-3 2.92084E-3 3.29901E-3 3.16334E-3 3.12232E-3 2.54383E-3 2.51863E-3 2.6008E-3 2.6916E-3 2.73798E-3 2.66981E-3 2.75654E-3 2.80419E-3 2.85233E-3 2.73661E-3 2.78374E-3 2.83189E-3 2.83206E-3 2.80707E-3 2.85576E-3 2.90517E-3 2.9055E-3 2.83927E-3 2.88838E-3 2.93222E-3 2.93886E-3 2.93905E-3 2.9897E-3 2.87446E-3 2.87408E-3 2.92399E-3 2.92401E-3 2.97494E-3 2.97513E-3 3.02659E-3 3.02676E-3 -9999 -9999 -9999 -9999 -9999
5.1133E-3 5.0312E-3 5.20069E-3 5.47677E-3 5.29584E-3 5.76309E-3 2.26608E-3 1.8957E-3 2.62891E-3 2.80939E-3 2.3842E-3 2.42823E-3 2.50948E-3 2.47478E-3 2.63795E-3 2.60264E-3 2.11645E-3 2.18403E-3 2.43258E-3 2.51255E-3 2.71645E-3 2.56792E-3 3.26095E-3 3.22525E-3 2.58786E-3 2.67014E-3 2.64672E-3 2.69175E-3 2.82643E-3 2.87501E-3 2.75791E-3 2.80434E-3 2.85247E-3 2.90123E-3 2.78467E-3 2.87454E-3 2.92421E-3 2.92438E-3 2.85653E-3 2.90548E-3 2.90565E-3 2.95571E-3 2.93267E-3 2.93237E-3 2.98311E-3 2.98346E-3 3.03487E-3 3.03522E-3 3.08731E-3 3.08766E-3 3.02068E-3 2.97511E-3 3.01991E-3 3.02674E-3 3.02676E-3 -9999 -9999 -9999 -9999 -9999 -9999
5.29555E-3 5.47744E-3 5.39313E-3 5.8533E-3 6.15945E-3 2.50684E-3 2.5531E-3 2.7683E-3 2.20909E-3 2.39368E-3 2.39421E-3 2.76138E-3 3.63552E-3 2.94737E-3 2.8651E-3 2.77904E-3 2.70278E-3 2.40357E-3 2.4445E-3 2.5674E-3 2.89237E-3 2.69683E-3 2.65634E-3 2.78803E-3 2.71636E-3 2.8511E-3 2.89973E-3 2.82783E-3 2.87501E-3 2.9678E-3 3.01806E-3 2.89614E-3 2.94507E-3 2.99534E-3 2.99551E-3 2.92476E-3 2.97452E-3 2.97469E-3 3.02533E-3 3.00045E-3 3.00054E-3 3.05218E-3 3.0522E-3 2.98423E-3 2.98346E-3 3.03505E-3 3.03522E-3 3.08731E-3 3.08782E-3 3.14043E-3 3.14079E-3 -9999 -9999 -9999 -9999 -9999 -9999 -9999 -9999 -9999 -9999
5.39225E-3 5.95838E-3 5.87407E-3 6.57652E-3 6.48367E-3 2.13867E-3 2.28293E-3 2.36081E-3 2.63698E-3 7.74701E-3 2.81656E-3 2.69027E-3 2.58585E-3 2.9569E-3 2.92142E-3 2.97273E-3 3.07088E-3 2.57132E-3 2.72742E-3 2.81629E-3 2.95417E-3 2.83087E-3 2.87811E-3 2.97501E-3 2.90014E-3 2.94835E-3 3.04288E-3 3.09379E-3 2.96853E-3 3.01806E-3 3.06881E-3 2.94619E-3 2.99534E-3 3.0918E-3 3.09231E-3 3.01988E-3 3.07087E-3 3.07122E-3 3.12344E-3 3.0011E-3 3.05218E-3 3.15108E-3 3.10484E-3 3.20487E-3 3.03633E-3 3.08747E-3 3.08782E-3 3.08782E-3 3.18806E-3 3.14077E-3 3.19424E-3 -9999 -9999 -9999 -9999 -9999 -9999 -9999 -9999 -9999 -9999
5.59724E-3 6.27128E-3 7.01802E-3 7.25033E-3 7.37809E-3 6.94986E-3 3.16976E-3 3.42879E-3 2.69027E-3 2.47331E-3 3.88984E-3 3.05748E-3 2.97435E-3 2.75893E-3 2.9893E-3 3.08812E-3 3.28311E-3 3.5378E-3 2.67369E-3 3.0084E-3 2.93206E-3 2.93197E-3 3.02994E-3 3.12645E-3 3.04405E-3 3.0432E-3 3.09395E-3 3.14533E-3 3.0188E-3 3.06896E-3 3.12034E-3 3.16751E-3 3.09255E-3 3.09231E-3 3.14431E-3 3.07203E-3 3.07137E-3 3.12344E-3 3.22417E-3 3.0993E-3 3.15141E-3 3.15159E-3 3.20521E-3 3.20539E-3 3.2597E-3 3.13529E-3 3.18864E-3 3.1884E-3 3.24266E-3 -9999 -9999 -9999 -9999 -9999 -9999 -9999 -9999 -9999 -9999 -9999 -9999
6.6981E-3 7.14452E-3 7.3793E-3 5.84178E-3 3.36979E-3 3.48734E-3 6.45486E-3 8.68067E-3 3.72292E-3 3.95555E-3 4.08712E-3 4.08451E-3 3.46225E-3 2.8951E-3 3.63144E-3 3.53899E-3 3.65922E-3 3.01156E-3 3.10498E-3 1.28878E-2 1.25886E-2 1.27916E-2 1.30006E-2 1.30013E-2 3.27903E-3 3.09487E-3 3.19269E-3 3.24564E-3 3.11593E-3 3.16765E-3 3.22029E-3 3.22063E-3 3.1449E-3 3.14465E-3 3.19731E-3 3.29975E-3 3.17123E-3 3.22433E-3 3.27853E-3 3.27889E-3 3.20622E-3 3.20556E-3 3.25968E-3 3.26005E-3 3.31486E-3 3.31523E-3 3.37073E-3 3.24327E-3 -9999 -9999 -9999 -9999 -9999 -9999 -9999 -9999 -9999 -9999 -9999 -9999 -9999
7.37815E-3 8.11392E-3 8.00782E-3 8.14535E-3 8.40903E-3 7.36598E-3 9.78196E-3 8.96674E-3 4.0235E-3 3.26685E-3 3.45983E-3 2.77205E-3 2.81628E-3 2.90643E-3 2.95506E-3 3.00941E-3 1.26812E-2 1.29115E-2 1.29861E-2 1.31985E-2 1.3751E-2 1.31999E-2 1.32141E-2 1.31918E-2 3.33256E-3 3.24609E-3 3.24598E-3 3.29924E-3 3.16826E-3 3.26894E-3 3.27407E-3 3.32338E-3 3.24605E-3 3.2458E-3 3.30008E-3 3.35506E-3 3.2251E-3 3.27888E-3 3.27906E-3 3.33394E-3 3.44053E-3 3.30973E-3 3.3093E-3 3.36513E-3 3.36531E-3 3.42165E-3 3.42185E-3 -9999 -9999 -9999 -9999 -9999 -9999 -9999 -9999 -9999 -9999 -9999 -9999 -9999 -9999
8.00453E-3 8.26768E-3 8.40945E-3 8.68152E-3 8.68337E-3 8.83055E-3 7.31685E-3 4.15687E-3 3.31977E-3 3.51808E-3 2.86099E-3 2.90672E-3 2.95506E-3 3.00398E-3 3.09947E-3 1.28889E-2 1.33186E-2 1.33343E-2 1.37514E-2 1.39727E-2 1.39498E-2 1.36079E-2 1.36068E-2 3.43807E-3 3.38132E-3 3.29969E-3 3.3491E-3 3.40398E-3 3.27017E-3 3.32353E-3 3.3781E-3 3.37846E-3 3.30052E-3 3.30027E-3 3.40558E-3 3.46205E-3 3.32948E-3 3.38431E-3 3.38449E-3 3.44089E-3 3.44108E-3 3.36581E-3 3.36532E-3 3.42165E-3 3.42185E-3 -9999 -9999 -9999 -9999 -9999 -9999 -9999 -9999 -9999 -9999 -9999 -9999 -9999 -9999 -9999 -9999
8.40945E-3 8.68152E-3 8.68337E-3 8.8323E-3 9.11671E-3 7.43621E-3 4.28762E-3 4.42552E-3 2.86185E-3 2.90714E-3 2.95548E-3 3.0498E-3 3.10023E-3 3.1511E-3 3.20853E-3 1.3511E-2 1.37281E-2 1.37288E-2 1.39482E-2 1.41709E-2 3.58077E-3 3.43287E-3 3.4324E-3 3.48776E-3 3.48795E-3 3.40444E-3 3.40434E-3 3.4597E-3 3.45989E-3 3.42977E-3 3.37899E-3 3.43404E-3 3.40648E-3 3.40593E-3 3.46241E-3 3.4626E-3 3.51959E-3 3.44133E-3 3.44126E-3 3.49816E-3 3.49855E-3 3.49855E-3 3.4229E-3 -9999 -9999 -9999 -9999 -9999 -9999 -9999 -9999 -9999 -9999 -9999 -9999 -9999 -9999 -9999 -9999 -9999 -9999
