day_2/Results/Podomys_floridanus/projections/PaleoClim/-11000/RUN_2.asc
ncols         385
nrows         252
xllcorner     -91.50013924285
yllcorner     25.49986064915003
cellsize      0.041666666500000005
NODATA_value  -9999
[rows 0 to 26 of 252, columns 61 to 121 of 385]
1.0072E-3 8.64656E-4 2.2916E-4 8.15412E-4 8.99949E-4 7.26004E-4 7.88874E-4 8.06909E-4 8.31332E-4 9.15883E-4 8.73459E-4 6.60866E-4 4.19215E-4 4.77523E-4 6.80809E-4 4.42635E-4 6.23826E-4 5.02631E-4 3.49585E-4 5.34273E-4 2.72245E-4 3.60066E-4 2.87657E-4 3.89841E-4 4.28085E-4 4.60348E-4 5.30426E-4 1.10044E-3 1.01935E-3 3.91189E-4 3.43771E-4 1.37769E-3 1.36712E-3 8.59547E-4 1.45003E-3 9.48214E-4 1.77044E-3 5.39295E-4 4.3248E-4 1.36753E-3 1.1565E-3 8.33631E-4 1.34604E-3 1.17147E-3 1.20647E-3 4.96181E-4 1.06941E-3 2.48965E-4 4.04216E-4 7.76673E-4 1.39449E-4 2.76105E-4 1.01471E-3 7.32711E-4 8.58976E-4 1.40902E-3 1.50078E-3 6.18456E-4 7.44811E-4 7.90386E-4 1.15255E-3
8.02386E-4 9.7373E-4 9.15144E-4 8.23112E-4 8.35398E-4 1.18543E-3 1.07944E-3 1.01162E-3 1.015E-3 2.71398E-4 6.95528E-4 7.39216E-4 6.62113E-4 4.65693E-4 8.65249E-4 7.16151E-4 6.40764E-4 4.54375E-4 6.71227E-4 2.79801E-4 3.41321E-4 5.26341E-4 9.22476E-4 3.4719E-4 2.95847E-4 2.28606E-4 3.07989E-4 1.17281E-3 1.45032E-3 1.30638E-3 1.16588E-3 3.89382E-4 3.58201E-4 3.33341E-4 1.02363E-3 8.63888E-4 1.08297E-3 5.43863E-4 4.32019E-4 5.39613E-4 4.57743E-4 1.19976E-3 1.27075E-3 3.14073E-4 1.1272E-3 1.11488E-3 7.15671E-4 5.44379E-4 4.31234E-4 5.84625E-4 7.9493E-4 2.3722E-4 2.36253E-4 3.60573E-4 6.88321E-4 1.33285E-3 1.16096E-3 7.12766E-4 8.48352E-4 1.18002E-3 1.17343E-3
8.08368E-4 7.3289E-4 9.13981E-4 1.20844E-3 8.8473E-4 1.13772E-3 9.20978E-4 1.07759E-3 9.96062E-4 1.19279E-3 8.75872E-4 2.17893E-4 5.08486E-4 6.88048E-4 6.86142E-4 8.6658E-4 4.95359E-4 8.57103E-4 3.78493E-4 3.02122E-4 5.86965E-4 8.7176E-4 7.57114E-4 8.2527E-4 2.95846E-4 2.95808E-4 1.1597E-3 1.07551E-3 3.44928E-4 1.36455E-3 1.22043E-3 1.24551E-3 1.35691E-3 2.81391E-4 8.68749E-4 1.68358E-3 4.48475E-4 4.93504E-4 4.7685E-4 3.2115E-4 3.80495E-4 3.94917E-4 3.7556E-4 2.79863E-4 1.03776E-3 8.99684E-4 7.53626E-4 5.96291E-4 2.27559E-4 5.90432E-4 5.82114E-4 8.48322E-4 1.01625E-3 2.79559E-4 2.16624E-4 3.10821E-4 1.37677E-3 8.89505E-4 1.35068E-3 7.71809E-4 1.52838E-3
8.81086E-4 8.40929E-4 8.26113E-4 9.74052E-4 9.77124E-4 8.5688E-4 7.24463E-4 7.7253E-4 2.47647E-4 2.70722E-4 7.31331E-4 6.80269E-4 5.25327E-4 7.74355E-4 7.80528E-4 8.9448E-4 3.22806E-4 8.56802E-4 5.29447E-4 5.134E-4 8.23292E-4 4.89762E-4 8.37277E-4 6.23695E-4 6.04294E-4 1.35054E-3 1.02967E-3 7.78301E-4 2.31572E-4 7.75767E-4 1.45795E-3 2.65345E-4 2.53879E-4 3.12056E-4 1.72216E-3 1.55387E-3 7.6533E-4 4.11842E-4 2.65887E-4 4.24997E-4 4.76957E-4 9.63222E-4 4.04421E-4 3.58106E-4 3.59574E-4 8.98586E-4 1.08107E-3 7.1788E-4 1.08115E-3 9.29412E-4 8.14924E-4 1.19108E-3 7.33852E-4 7.66727E-4 1.26686E-3 3.45426E-4 9.75848E-4 1.04291E-3 9.19649E-4 8.65389E-4 1.4845E-3
5.75876E-4 9.87048E-4 9.17614E-4 9.18958E-4 2.31348E-4 2.2191E-4 2.51689E-4 8.47341E-4 1.03572E-3 8.85642E-4 2.23698E-4 5.88829E-4 7.64312E-4 7.75597E-4 1.03492E-3 6.72388E-4 1.02741E-3 4.37768E-4 4.17941E-4 2.88055E-4 2.76943E-4 2.08813E-4 8.58502E-4 3.00226E-4 5.46411E-4 1.02452E-3 3.12639E-4 9.26902E-4 1.15619E-3 1.11995E-3 1.03888E-3 1.03567E-3 1.59942E-3 9.93532E-4 1.77695E-3 2.9881E-4 3.91177E-4 3.93771E-4 4.01885E-4 1.27984E-3 1.10177E-3 4.16575E-4 3.62318E-4 3.35279E-4 4.03566E-4 2.44562E-4 2.59625E-4 7.6021E-4 6.80406E-4 7.46384E-4 3.30808E-4 2.0349E-4 1.23481E-3 1.03363E-3 6.92323E-4 1.03211E-3 4.63959E-4 3.83559E-4 8.18682E-4 8.61806E-4 7.95129E-4
7.66588E-4 9.64172E-4 8.93299E-4 8.35122E-4 5.04693E-4 1.21502E-3 6.94016E-4 9.3937E-4 9.25015E-4 9.11973E-4 2.43113E-4 2.23713E-4 7.37013E-4 8.6635E-4 8.97473E-4 3.6604E-4 3.11519E-4 5.51654E-4 6.58883E-4 3.00264E-4 5.24181E-4 1.4938E-4 1.29651E-4 3.90869E-4 1.17828E-3 1.04191E-3 3.16162E-4 9.27086E-4 8.0207E-4 4.36188E-4 1.57495E-3 9.58543E-4 9.94348E-4 1.73891E-3 1.05311E-3 1.01107E-3 1.00108E-3 2.16243E-3 1.09022E-3 1.20618E-3 4.62168E-4 3.11133E-4 3.26433E-4 2.54992E-4 2.78388E-4 1.89371E-4 8.25844E-4 2.65851E-4 1.67679E-4 2.87477E-4 2.98047E-4 3.40795E-4 2.93288E-4 6.29686E-4 6.17972E-4 7.67393E-4 1.08279E-3 3.17127E-4 1.70386E-3 8.39219E-4 1.49532E-3
8.64659E-4 1.01635E-3 9.61606E-4 1.21629E-3 1.06004E-3 1.05494E-3 9.31118E-4 7.98307E-4 7.39989E-4 4.44318E-4 1.00351E-3 9.56248E-4 7.69961E-4 7.67104E-4 1.9288E-4 4.97209E-4 1.86336E-4 5.94928E-4 6.92121E-4 7.0248E-4 6.62153E-4 6.20896E-4 7.58158E-4 6.0377E-4 7.06081E-4 7.09264E-4 3.13275E-4 6.84699E-4 1.21352E-3 3.31515E-4 3.29515E-4 1.52301E-3 1.76699E-3 1.48384E-3 1.07064E-3 1.58212E-3 1.36225E-3 2.08627E-3 1.25621E-3 1.32133E-3 1.49924E-3 2.84246E-4 4.82912E-4 3.08976E-4 3.10537E-4 2.43933E-4 8.50036E-4 1.00114E-3 3.40301E-4 1.2381E-3 3.52881E-4 3.01212E-4 3.70471E-4 2.75223E-4 2.67384E-4 1.0174E-3 1.25648E-3 4.19027E-4 3.24663E-4 1.6711E-3 9.79945E-4
2.35415E-4 2.35362E-4 5.09034E-4 8.70741E-4 8.14859E-4 2.75726E-4 2.1974E-4 2.49325E-4 1.77119E-4 6.98279E-4 1.01814E-3 7.93211E-4 8.09653E-4 2.41163E-4 2.15687E-4 6.75858E-4 6.81824E-4 6.8757E-4 6.34632E-4 8.17317E-4 7.49851E-4 6.4966E-4 8.35088E-4 3.79133E-4 1.30174E-3 3.87936E-4 3.17329E-4 6.29146E-4 1.39117E-3 1.71127E-3 8.80955E-4 4.004E-4 1.52993E-3 1.54133E-3 1.46619E-3 1.2974E-3 1.06947E-3 1.60446E-3 4.28439E-4 8.22323E-4 8.92877E-4 1.43324E-3 1.70067E-3 1.23716E-3 2.71551E-4 2.21534E-4 3.83158E-4 1.11456E-3 1.23654E-3 2.9612E-4 2.97261E-4 3.52651E-4 3.10393E-4 2.4426E-4 3.19671E-4 3.20546E-4 3.11771E-4 2.83491E-4 3.44936E-4 1.66297E-3 1.90991E-3
5.6361E-4 5.79301E-4 9.14692E-4 2.16272E-4 2.32531E-4 8.17434E-4 5.02613E-4 2.51653E-4 8.50326E-4 8.87016E-4 1.02384E-3 8.84488E-4 9.86375E-4 8.88881E-4 8.2808E-4 8.12275E-4 8.2967E-4 9.27335E-4 8.41575E-4 2.4887E-4 2.00655E-4 1.75218E-4 7.91967E-4 1.82909E-4 3.14018E-4 4.02239E-4 3.10508E-4 9.11445E-4 1.65025E-3 1.53734E-3 1.11428E-3 1.92383E-3 4.52693E-4 4.24805E-4 1.51282E-3 1.25046E-3 1.83406E-3 4.5976E-4 1.1261E-3 1.09473E-3 1.89026E-3 1.61685E-3 2.92488E-4 3.1077E-4 1.36384E-3 1.35321E-3 1.26364E-3 2.74506E-4 2.00912E-4 2.63335E-4 1.16339E-3 3.85325E-4 3.51844E-4 3.87707E-4 3.43472E-4 3.45733E-4 3.05633E-4 3.07323E-4 4.33363E-4 4.40031E-4 5.13675E-4
9.6532E-4 5.13717E-4 5.93842E-4 1.20167E-3 9.73302E-4 1.11646E-3 1.12409E-3 1.00897E-3 1.20573E-3 1.14502E-3 1.36743E-3 8.86163E-4 1.08292E-3 8.23104E-4 6.10956E-4 6.11034E-4 6.67651E-4 6.13796E-4 6.73675E-4 1.17645E-3 1.04172E-3 5.53049E-4 8.19798E-4 7.02103E-4 1.50568E-3 4.61243E-4 1.41197E-3 1.5595E-3 5.00708E-4 1.5258E-3 1.73319E-3 1.82068E-3 1.08727E-3 1.66923E-3 1.52874E-3 1.29694E-3 1.9278E-3 3.40604E-4 1.24207E-3 8.37521E-4 1.32828E-3 1.33317E-3 1.72025E-3 4.8636E-4 1.25791E-3 1.20317E-3 1.23691E-3 7.84109E-4 2.1906E-4 1.00084E-3 1.12853E-3 1.07369E-3 1.20421E-3 3.42365E-4 1.10784E-3 9.98623E-4 9.8734E-4 1.12065E-3 4.27773E-4 4.87106E-4 3.86963E-4
8.21465E-4 9.07174E-4 6.08236E-4 5.95527E-4 5.49358E-4 1.24095E-3 8.19396E-4 1.02112E-3 1.23513E-3 1.21993E-3 1.33579E-3 1.14541E-3 1.02792E-3 6.04482E-4 6.14089E-4 1.07184E-3 1.03687E-3 1.20491E-3 1.07779E-3 1.07949E-3 1.10343E-3 9.59902E-4 5.21809E-4 8.58237E-4 5.10168E-4 3.60945E-4 1.26941E-3 1.82905E-3 5.12842E-4 5.56592E-4 6.24605E-4 9.71459E-4 1.59671E-3 4.84834E-4 1.39117E-3 1.53716E-3 1.76187E-3 1.62943E-3 4.64877E-4 1.22972E-3 8.50802E-4 7.99704E-4 1.67565E-3 4.86248E-4 9.88444E-4 9.94276E-4 9.74312E-4 7.10845E-4 1.21552E-3 1.28592E-3 1.3068E-3 3.3796E-4 1.14419E-3 1.09773E-3 1.12243E-3 1.09196E-3 1.10296E-3 1.12386E-3 4.24739E-4 4.97692E-4 5.11121E-4
8.63862E-4 7.08843E-4 5.29929E-4 1.06386E-3 6.38417E-4 5.48063E-4 1.14839E-3 8.98075E-4 9.30903E-4 1.19035E-3 1.08584E-3 8.93776E-4 7.75464E-4 8.91594E-4 8.73647E-4 1.022E-3 1.08997E-3 9.71646E-4 1.01035E-3 1.02581E-3 7.74058E-4 7.58433E-4 7.77574E-4 5.49843E-4 1.02089E-3 1.95419E-3 1.60824E-3 2.07683E-3 1.95092E-3 6.07385E-4 4.0493E-4 1.23956E-3 3.62806E-4 3.82564E-4 4.21036E-4 5.04986E-4 5.57863E-4 5E-4 1.66691E-3 1.2254E-3 1.1539E-3 9.76654E-4 1.58161E-3 1.47013E-3 1.07574E-3 3.43798E-4 7.62683E-4 8.3237E-4 1.15263E-3 8.72439E-4 1.23284E-3 9.88512E-4 1.23549E-3 1.1697E-3 1.00896E-3 3.73603E-4 1.3241E-3 1.23804E-3 1.22039E-3 4.48818E-4 3.89152E-4
2.36935E-4 1.59997E-4 7.74026E-4 6.86099E-4 7.58741E-4 5.24072E-4 6.76054E-4 6.33985E-4 1.53853E-3 1.12821E-3 1.06476E-3 8.96151E-4 7.58688E-4 8.3115E-4 7.75195E-4 8.92407E-4 1.01574E-3 5.51793E-4 8.87482E-4 8.61536E-4 2.48356E-4 2.13899E-4 8.55143E-4 1.14438E-3 5.84403E-4 4.10541E-4 1.63161E-3 1.80302E-3 4.30725E-4 3.61118E-4 3.2169E-4 4.54271E-4 5.23219E-4 5.63958E-4 5.58908E-4 5.49267E-4 5.183E-4 4.01914E-4 5.57216E-4 4.54424E-4 1.18962E-3 1.28786E-3 1.32103E-3 1.17489E-3 1.3654E-3 1.0522E-3 7.72434E-4 1.09438E-3 1.32199E-3 3.38995E-4 2.30953E-4 8.71477E-4 1.3209E-3 1.3778E-3 1.42078E-3 1.20305E-3 1.35336E-3 1.35348E-3 1.57299E-3 1.38066E-3 1.58503E-3
1.93394E-4 7.67634E-4 1.1367E-3 8.81675E-4 8.0212E-4 3.97518E-4 6.12289E-4 1.09301E-3 1.37862E-3 1.0996E-3 1.28854E-3 7.96689E-4 8.76822E-4 9.84968E-4 9.34009E-4 9.79955E-4 1.11952E-3 1.21692E-3 9.7731E-4 7.89796E-4 9.1908E-4 8.05427E-4 1.01999E-3 9.65556E-4 1.05712E-3 1.18407E-3 6.78945E-4 2.02244E-3 1.37795E-3 2.53934E-3 2.94233E-3 2.56743E-3 2.75201E-3 2.7155E-3 2.648E-3 2.36762E-3 2.24047E-3 5.60489E-4 4.26723E-4 4.38941E-4 4.0952E-4 3.9224E-4 3.4212E-4 3.31278E-4 2.90945E-4 2.23627E-4 7.63179E-4 3.30979E-4 1.01209E-3 1.34677E-3 3.41698E-4 1.09182E-3 1.51017E-3 1.67338E-3 1.55716E-3 1.51032E-3 1.65689E-3 1.6742E-3 1.89988E-3 2.07013E-3 1.94974E-3
1.1604E-3 1.13291E-3 9.37801E-4 9.40346E-4 2.47943E-4 6.97846E-4 4.95564E-4 7.52843E-4 1.15056E-3 1.5151E-3 1.07529E-3 7.37545E-4 8.26841E-4 1.08669E-3 5.56028E-4 1.30766E-3 1.0228E-3 9.99399E-4 1.19698E-3 1.12412E-3 7.58867E-4 6.80171E-4 7.92981E-4 7.83681E-4 1.33683E-3 2.91285E-3 2.5408E-3 6.49075E-4 2.31469E-3 7.8104E-4 2.68251E-3 8.61647E-4 8.43452E-4 2.44708E-3 2.56279E-3 6.48796E-4 1.91297E-3 1.9682E-3 5.40563E-4 5.51412E-4 6.35222E-4 4.00264E-4 8.15189E-4 3.83345E-4 3.40348E-4 2.16352E-4 2.66208E-4 2.74353E-4 2.36342E-4 2.62455E-4 2.48626E-4 1.15258E-3 4.85925E-4 3.52247E-4 8.10598E-4 1.21699E-3 5.14234E-4 2.17462E-3 2.37004E-3 2.57408E-3 2.10364E-3
2.90506E-4 2.66114E-4 2.27548E-4 9.56167E-4 5.54632E-4 7.8666E-4 6.67469E-4 1.2071E-3 1.49077E-3 1.37872E-3 1.03752E-3 8.33658E-4 1.07275E-3 5.53157E-4 6.44815E-4 6.25754E-4 1.03966E-3 1.18694E-3 7.76855E-4 1.45081E-3 9.84641E-4 1.13148E-3 6.07639E-4 1.28782E-3 7.49014E-4 6.21694E-4 6.21514E-4 1.38155E-3 2.39788E-3 8.88697E-4 2.56376E-3 2.83032E-3 6.95138E-4 8.24788E-4 2.14187E-3 6.68951E-4 5.70944E-4 1.56009E-3 4.80663E-4 5.12833E-4 4.20502E-4 4.01828E-4 4.08458E-4 1.25581E-3 3.69156E-4 2.07527E-4 1.2398E-3 2.07574E-4 2.72252E-4 2.68978E-4 2.687E-4 2.55135E-4 2.27766E-4 1.95961E-4 7.54071E-4 3.31672E-4 2.39406E-4 3.07698E-4 3.16484E-4 2.4181E-4 5.91745E-4
9.31649E-4 2.84486E-4 1.06617E-3 1.07834E-3 2.8143E-4 2.23814E-4 9.6253E-4 1.28698E-3 1.27477E-3 1.09084E-3 8.58515E-4 1.01159E-3 7.97263E-4 8.86836E-4 6.14784E-4 1.16199E-3 9.98908E-4 1.39261E-3 1.92031E-3 1.5072E-3 1.32981E-3 1.44571E-3 1.34995E-3 1.41736E-3 2.57286E-3 2.50318E-3 7.34907E-4 7.06889E-4 8.07382E-4 9.77199E-4 8.83228E-4 2.33727E-3 5.95461E-4 5.32611E-4 4.45371E-4 5.11838E-4 4.62843E-4 4.16424E-4 4.00565E-4 4.14452E-4 3.48824E-4 2.79648E-4 2.70524E-4 1.8607E-4 2.9664E-4 2.1499E-4 1.24687E-3 1.10489E-3 3.4804E-4 3.83259E-4 3.73988E-4 3.21578E-4 3.34839E-4 2.10092E-4 3.28835E-4 9.96452E-4 3.2625E-4 4.15828E-4 2.89113E-4 4.54835E-4 3.258E-4
1.20238E-3 1.11454E-3 3.19293E-4 2.85195E-4 4.98981E-4 9.64943E-4 1.55615E-3 1.25764E-3 1.02492E-3 1.12936E-3 9.06713E-4 1.08014E-3 1.05319E-3 8.64879E-4 8.40839E-4 7.20491E-4 7.7095E-4 1.62876E-3 1.99587E-3 4.39362E-4 1.15629E-3 1.18171E-3 7.23278E-4 1.43841E-3 7.13756E-4 8.09212E-4 2.55767E-3 2.83523E-3 1.08734E-3 9.80391E-4 6.98866E-4 1.80223E-3 4.15968E-4 5.36311E-4 4.56618E-4 4.30052E-4 4.08704E-4 4.59325E-4 4.10904E-4 3.80604E-4 3.13081E-4 3.39055E-4 9.57106E-4 2.30471E-4 2.31653E-4 3.94025E-4 3.73215E-4 2.15085E-4 2.86214E-4 3.06974E-4 2.50027E-4 3.08593E-4 2.05172E-4 3.0128E-4 2.06798E-4 1.17349E-3 2.77385E-4 2.66209E-4 2.58185E-4 3.41296E-4 3.13573E-4
1.23015E-3 9.40894E-4 9.22988E-4 7.14731E-4 1.10672E-3 1.38531E-3 1.54551E-3 1.36584E-3 1.42231E-3 1.27591E-3 9.52824E-4 9.84094E-4 1.17063E-3 1.17127E-3 9.36517E-4 9.20609E-4 8.65682E-4 1.39211E-3 1.59865E-3 1.56971E-3 1.36937E-3 2.59208E-3 2.85581E-3 7.47073E-4 3.1361E-3 3.4271E-3 3.75348E-3 2.58249E-3 8.86841E-4 7.24125E-4 5.07242E-4 1.71301E-3 5.60871E-4 5.05765E-4 3.98615E-4 4.96926E-4 4.47098E-4 4.01628E-4 4.96283E-4 5.10125E-4 4.38649E-4 2.91534E-4 1.25744E-3 1.34161E-3 8.08327E-4 4.09705E-4 2.4457E-4 1.69545E-4 1.82321E-4 2.65845E-4 9.77105E-4 2.78112E-4 2.56691E-4 3.08904E-4 2.50033E-4 1.19809E-3 2.44507E-4 1.96251E-4 2.3847E-4 3.54781E-4 5.46322E-4
9.32083E-4 1.35626E-3 7.96253E-4 1.63372E-3 1.46336E-3 1.54771E-3 1.41267E-3 1.23056E-3 1.18914E-3 1.4067E-3 3.51698E-4 7.44298E-4 1.91445E-3 1.11461E-3 1.14243E-3 6.24314E-4 1.8191E-3 1.47294E-3 1.38181E-3 1.44795E-3 1.49064E-3 8.98393E-4 8.15279E-4 2.85243E-3 2.87078E-3 2.82894E-3 9.59036E-4 3.43715E-3 9.76529E-4 5.59682E-4 1.85101E-3 1.87174E-3 2.05165E-3 5.71554E-4 3.66817E-4 5.56948E-4 3.76737E-4 4.70745E-4 4.33072E-4 3.25329E-4 2.74638E-4 2.91027E-4 3.44207E-4 1.11042E-3 1.27244E-3 1.06462E-3 4.673E-4 1.89348E-4 2.81871E-4 1.93165E-4 9.74401E-4 3.02592E-4 2.70007E-4 1.18928E-3 2.36835E-4 3.49682E-4 3.98494E-4 3.61069E-4 3.00546E-4 4.60929E-4 3.90924E-4
1.99073E-3 2.03826E-3 1.96441E-3 1.6273E-3 8.97354E-4 1.14145E-3 1.23237E-3 1.1243E-3 1.42852E-3 1.49539E-3 3.99497E-4 8.38132E-4 1.2051E-3 9.37984E-4 1.04115E-3 5.96906E-4 1.76166E-3 1.11224E-3 1.29529E-3 3.76287E-4 1.18924E-3 1.61902E-3 8.92165E-4 8.34801E-4 1.74699E-3 2.85175E-3 9.28596E-4 2.89661E-3 7.76443E-4 5.73695E-4 4.9492E-4 4.39471E-4 1.60021E-3 1.90044E-3 4.76741E-4 2.24433E-3 6.52905E-4 4.85183E-4 3.63718E-4 3.91195E-4 2.93368E-4 3.10698E-4 3.01029E-4 3.21043E-4 3.24341E-4 7.89286E-4 1.46205E-3 4.08166E-4 2.45327E-4 2.39877E-4 2.26796E-4 3.72535E-4 2.06029E-4 4.33998E-4 4.91327E-4 2.18516E-3 2.35709E-3 1.75386E-3 1.59291E-3 1.90295E-3 4.7358E-4
1.55435E-3 1.08509E-3 2.00392E-3 1.83951E-3 1.31569E-3 1.41901E-3 1.21926E-3 1.02748E-3 1.5166E-3 4.41611E-4 3.30452E-4 8.96747E-4 1.13771E-3 8.44159E-4 8.39492E-4 6.69586E-4 1.64851E-3 3.00521E-4 3.40083E-4 1.3856E-3 1.50441E-3 1.61328E-3 3.0787E-3 2.31795E-3 8.22588E-4 2.7534E-3 8.24573E-4 7.03999E-4 5.69357E-4 5.54311E-4 1.86628E-3 5.27604E-4 4.75017E-4 5.12633E-4 2.66114E-3 1.40205E-3 4.9518E-4 3.64983E-4 3.67226E-4 3.19568E-4 3.9988E-4 3.73517E-4 2.9065E-4 2.70696E-4 2.63049E-4 2.66146E-4 9.00733E-4 1.53384E-3 2.69616E-4 2.99043E-4 3.91887E-4 1.67136E-3 1.95441E-3 2.02204E-3 6.91538E-4 6.40989E-4 5.80932E-4 1.66587E-3 1.8569E-3 4.74978E-4 5.34357E-4
2.08878E-3 2.3136E-3 3.1881E-3 1.77151E-3 1.74894E-3 3.75397E-4 1.17288E-3 2.02784E-3 1.80132E-3 1.81441E-3 1.65774E-3 1.19157E-3 1.08805E-3 1.16208E-3 9.49416E-4 5.74161E-4 8.66953E-4 1.36726E-3 1.60942E-3 3.7363E-4 8.40619E-4 2.57939E-3 8.04751E-4 7.05317E-4 8.42925E-4 9.43448E-4 5.51918E-4 5.35547E-4 4.64914E-4 4.46172E-4 4.8385E-4 1.81826E-3 5.20451E-4 2.01914E-3 5.83147E-4 4.52435E-4 4.77643E-4 5.41676E-4 3.55664E-4 3.75212E-4 1.40883E-3 4.86019E-4 3.23974E-4 3.05304E-4 2.55505E-4 2.91332E-4 2.25119E-4 1.27874E-3 1.72506E-3 5.83536E-4 8.95337E-4 6.30374E-4 4.75539E-4 1.92899E-3 5.11474E-4 3.39905E-4 2.89346E-4 2.66111E-4 3.74419E-4 3.55195E-4 4.13057E-4
2.38575E-3 2.13356E-3 1.85416E-3 1.55179E-3 1.56229E-3 3.05039E-3 1.67071E-3 1.67373E-3 4.3583E-4 1.29102E-3 1.18752E-3 1.09533E-3 1.19269E-3 1.02206E-3 2.88335E-4 1.41601E-3 1.03213E-3 7.96476E-4 1.54467E-3 4.30896E-4 8.53269E-4 6.89893E-4 5.61122E-4 2.99561E-3 1.99268E-3 6.95817E-4 4.8446E-4 5.83455E-4 4.20175E-4 5.27916E-4 6.08345E-4 6.43427E-4 5.80285E-4 1.6111E-3 6.24879E-4 4.78316E-4 5.42856E-4 3.81902E-4 4.36495E-4 4.08939E-4 4.27265E-4 1.83083E-3 4.6133E-4 3.5813E-4 1.27429E-3 4.21818E-4 4.56811E-4 7.02513E-4 2.96558E-3 2.87879E-3 5.62682E-4 4.37515E-4 3.98833E-4 4.57866E-4 4.15758E-4 3.16859E-4 3.20387E-4 2.63501E-4 3.39947E-4 5.06171E-4 4.58402E-4
1.81528E-3 2.35359E-3 1.92285E-3 1.59257E-3 1.18313E-3 1.94894E-3 1.69078E-3 2.05821E-3 5.93032E-4 4.95644E-4 4.29784E-4 1.21393E-3 1.2514E-3 1.13482E-3 9.12076E-4 6.37397E-4 7.13571E-4 1.25866E-3 1.22025E-3 3.35181E-4 2.97905E-4 3.37802E-4 3.49215E-4 9.20616E-4 6.08562E-4 4.67987E-4 5.58677E-4 1.85985E-3 5.55811E-4 7.65375E-4 7.46845E-4 6.64611E-4 1.23605E-3 7.72391E-4 5.60642E-4 1.12755E-3 1.16824E-3 5.17238E-4 5.30868E-4 5.04545E-4 4.08041E-4 4.06731E-4 1.90878E-3 4.24675E-4 4.71652E-4 5.44175E-4 3.03107E-3 8.75342E-4 6.76629E-4 4.88798E-4 3.75406E-4 3.67762E-4 2.87667E-4 3.38131E-4 3.01918E-4 3.10213E-4 3.35161E-4 4.30934E-4 5.03682E-4 3.42591E-4 5.08969E-4
2.34526E-3 3.8364E-3 1.53029E-3 3.4053E-3 1.9078E-3 1.20945E-3 2.38864E-3 2.45982E-3 2.10394E-3 1.0984E-3 1.58395E-3 1.70076E-3 1.30231E-3 1.07735E-3 1.03538E-3 1.91086E-4 7.46268E-4 1.48143E-3 9.44941E-4 1.28809E-3 2.12154E-4 1.01419E-3 4.70007E-4 3.41661E-4 4.55102E-4 5.32638E-4 6.61267E-4 1.05502E-3 1.25092E-3 7.38176E-4 7.91034E-4 6.93686E-4 1.21691E-3 6.07209E-4 4.63446E-4 5.37053E-4 1.96635E-3 5.74427E-4 5.69713E-4 5.91872E-4 5.46587E-4 4.7007E-4 4.837E-4 1.7596E-3 3.94934E-4 1.9798E-3 7.52092E-4 4.87497E-4 3.86739E-4 3.26701E-4 3.57355E-4 4.10352E-4 3.64012E-4 3.93505E-4 3.55883E-4 3.80216E-4 4.40134E-4 4.94098E-4 5.00772E-4 3.96149E-4 5.94747E-4
2.53341E-3 2.01503E-3 3.15437E-3 3.6128E-3 5.62861E-4 3.98816E-4 2.21316E-3 2.93457E-3 3.08233E-3 2.19264E-3 1.7768E-3 5.41661E-4 3.48609E-4 3.05956E-4 7.56314E-4 9.08836E-4 1.39516E-3 1.10447E-3 1.1372E-3 1.25035E-3 1.33493E-3 1.75769E-3 1.38711E-3 1.28885E-3 3.49392E-4 3.19008E-4 3.1599E-4 1.18226E-3 1.37991E-3 4.18538E-4 3.60006E-4 6.14597E-4 3.27646E-4 3.05614E-4 5.70306E-4 5.3532E-4 2.21384E-3 6.01919E-4 6.10495E-4 5.0038E-4 5.3009E-4 5.47642E-4 4.90669E-4 2.17445E-3 2.51814E-3 2.78551E-3 7.34429E-4 6.07045E-4 4.27185E-4 4.19803E-4 3.8284E-4 3.96272E-4 5.30253E-4 4.9567E-4 4.78165E-4 4.4107E-4 1.46658E-3 4.57518E-4 4.26962E-4 6.54576E-4 9.22543E-4
