day_2/Results/Podomys_floridanus/projections/PaleoClim/-11000/RUN_0.asc
ncols         385
nrows         252
xllcorner     -91.50013924285
yllcorner     25.49986064915003
cellsize      0.041666666500000005
NODATA_value  -9999
[rows 54 to 80 of 252, columns 183 to 243 of 385]
1.87663E-5 7.70045E-5 1.28599E-4 1.08823E-4 5.48334E-5 9.12755E-5 9.15183E-5 1.20311E-4 1.43345E-4 1.43227E-4 1.98418E-4 2.64702E-4 1.8921E-4 3.98542E-4 4.87258E-4 3.90796E-4 4.86844E-4 4.86846E-4 2.92172E-4 3.42425E-4 3.43041E-4 3.12549E-4 3.42356E-4 4.08728E-4 3.21612E-4 4.00833E-4 3.28612E-4 2.62466E-4 2.21377E-4 2.3051E-4 2.70873E-4 2.75721E-4 2.46452E-4 1.94833E-4 2.83511E-4 2.83559E-4 3.3162E-4 2.9774E-4 6.01168E-4 7.83352E-4 7.02937E-4 4.38938E-4 4.39921E-4 5.27077E-4 4.39927E-4 5.46871E-4 5.84055E-4 5.98489E-4 2.8016E-4 3.43095E-4 3.60709E-4 4.57835E-4 5.00052E-4 5.84526E-4 6.52918E-4 4.80574E-4 5.34421E-4 5.97738E-4 8.09657E-4 8.11546E-4 8.12137E-4
2.97418E-5 9.12756E-5 1.27991E-4 1.02514E-4 5.82018E-5 7.25275E-5 1.43157E-4 1.02458E-4 1.01575E-4 1.67117E-4 1.96542E-4 3.05453E-4 3.65153E-4 2.87321E-4 4.55538E-4 4.56961E-4 4.2758E-4 5.09928E-4 2.78947E-4 2.19882E-4 3.20969E-4 4.00539E-4 2.88673E-4 3.37236E-4 3.75757E-4 3.75755E-4 4.19971E-4 3.61225E-4 3.01217E-4 2.4217E-4 3.52746E-4 3.1681E-4 2.33073E-4 2.97307E-4 2.9757E-4 7.80924E-4 8.18411E-4 7.8303E-4 7.81772E-4 8.71788E-4 6.32598E-4 1.25831E-3 1.08708E-3 1.26688E-3 1.3514E-3 5.4763E-4 6.25726E-4 4.80186E-4 4.79759E-4 3.61012E-4 4.48012E-4 4.70278E-4 5.35182E-4 5.83032E-4 7.58307E-4 7.80528E-4 5.35576E-4 5.36439E-4 5.98496E-4 5.98936E-4 5.01129E-4
3.15383E-5 9.65805E-5 1.89831E-4 3.53883E-5 8.64389E-5 7.7285E-5 1.13311E-4 1.49424E-4 1.4945E-4 1.96001E-4 2.56401E-4 3.00847E-4 3.27638E-4 3.01672E-4 4.28031E-4 5.9667E-4 5.34138E-4 4.56608E-4 2.62942E-4 2.30848E-4 2.57517E-4 3.01882E-4 4.38347E-4 3.36912E-4 3.52693E-4 3.16413E-4 1.2054E-3 4.22712E-4 3.39568E-4 2.04646E-4 7.00284E-4 7.0166E-4 6.30767E-4 7.34694E-4 7.34544E-4 2.66682E-4 2.15167E-4 2.67122E-4 2.97679E-4 8.20442E-4 1.26359E-3 5.8042E-4 1.132E-3 1.46636E-3 1.74891E-3 5.71729E-4 5.46854E-4 5.61962E-4 3.77662E-4 6.10985E-4 4.51824E-4 5.23315E-4 5.62292E-4 5.61678E-4 5.23228E-4 8.45801E-4 6.28547E-4 8.69515E-4 7.79698E-4 8.70785E-4 7.81245E-4
1.08611E-4 1.79347E-4 8.57847E-5 1.02057E-4 1.602E-4 1.69193E-4 1.51052E-4 1.36389E-4 1.5957E-4 1.87495E-4 1.68014E-4 1.48466E-4 3.91569E-4 4.02416E-4 5.45083E-4 5.33441E-4 6.24843E-4 5.35371E-4 3.85285E-4 1.89354E-4 2.06866E-4 2.4235E-4 2.54225E-4 2.83408E-4 2.28027E-4 2.27861E-4 2.39144E-4 2.96985E-4 7.80926E-4 5.65008E-4 1.76736E-4 1.92865E-4 6.59784E-4 2.39436E-4 1.928E-4 1.97027E-4 2.4478E-4 2.97729E-4 9.12606E-4 1.18546E-3 1.53337E-3 1.63433E-3 1.06804E-3 9.16653E-4 1.8229E-3 6.57277E-4 3.61935E-4 5.47334E-4 4.91504E-4 7.11287E-4 8.16016E-4 5.60855E-4 6.79698E-4 6.81878E-4 7.31764E-4 6.82229E-4 7.93835E-4 9.11348E-4 7.00345E-4 7.60172E-4 8.49107E-4
2.1105E-4 2.36437E-4 1.43667E-4 9.14545E-5 1.33594E-4 2.19275E-4 1.78779E-4 2.09575E-4 2.62497E-4 2.35114E-4 1.69038E-4 2.69695E-4 2.54449E-4 3.52167E-4 1.20889E-3 7.29217E-4 5.59933E-4 4.78738E-4 5.61262E-4 3.0878E-4 2.75763E-4 2.17299E-4 2.17608E-4 2.0528E-4 1.836E-4 1.8333E-4 1.32476E-4 2.39097E-4 1.55132E-4 1.55213E-4 2.14314E-4 2.50915E-4 2.14773E-4 2.39695E-4 2.44314E-4 3.46558E-4 9.15064E-4 1.06521E-3 8.59736E-4 9.57288E-4 1.23843E-3 1.06461E-3 1.18691E-3 1.89727E-3 2.03407E-3 1.23219E-3 4.24392E-4 1.56912E-3 4.71446E-4 1.74634E-3 1.57231E-3 4.51469E-4 5.60443E-4 5.47181E-4 7.11846E-4 8.82993E-4 2.08609E-3 2.42093E-3 1.18227E-3 1.181E-3 8.8472E-4
1.51473E-4 2.48818E-4 2.22886E-4 1.42718E-4 1.59497E-4 1.40906E-4 2.06191E-4 2.75469E-4 2.69894E-4 3.43682E-4 2.89993E-4 2.27945E-4 2.54574E-4 3.31622E-4 1.08536E-3 5.22763E-4 5.26405E-4 5.71432E-4 6.54587E-4 3.24998E-4 2.54635E-4 2.54488E-4 3.31451E-4 4.12136E-4 2.7489E-4 1.97213E-4 1.92559E-4 2.14433E-4 1.76446E-4 2.14354E-4 2.147E-4 1.73004E-4 2.51278E-4 2.80068E-4 2.57817E-4 2.39397E-4 9.5737E-4 9.55788E-4 7.38354E-4 1.06521E-3 1.18463E-3 2.81473E-4 1.1836E-3 1.32137E-3 2.19603E-3 2.03681E-3 5.80612E-4 1.89688E-3 1.70921E-3 1.02206E-3 4.96042E-4 5.27446E-4 6.55184E-4 6.56715E-4 8.1501E-4 5.85328E-4 8.524E-4 7.93197E-4 1.27316E-3 2.81175E-3 2.00093E-3
2.48922E-4 3.2691E-4 2.61751E-4 1.68562E-4 1.85072E-4 2.21333E-4 1.59412E-4 3.16066E-4 3.787E-4 9.71742E-4 3.79039E-4 2.39705E-4 7.3524E-4 9.11945E-4 1.26249E-3 1.02042E-3 1.26616E-3 7.63341E-4 5.52199E-4 6.85505E-4 3.41347E-4 2.45419E-4 2.15133E-4 2.67169E-4 5.35651E-4 3.05852E-4 1.76927E-4 1.76449E-4 1.42181E-4 1.72784E-4 1.58534E-4 1.76449E-4 1.96815E-4 2.57817E-4 2.87262E-4 2.39612E-4 1.0634E-3 2.81169E-4 4.05915E-4 1.18608E-3 3.13217E-4 3.48912E-4 4.3204E-4 1.18693E-3 5.87334E-4 2.82586E-3 2.20718E-3 1.78433E-3 1.28231E-3 7.16883E-4 8.8943E-4 5.84534E-4 6.86002E-4 7.43114E-4 8.28805E-4 9.91702E-4 9.49987E-4 9.2165E-4 1.19047E-3 1.07139E-3 1.32646E-3
2.92688E-4 4.7727E-4 2.34903E-4 2.75115E-4 1.94556E-4 2.75708E-4 2.72973E-4 7.80527E-4 5.49407E-4 7.84576E-4 4.9471E-4 3.57015E-4 3.19494E-4 2.79762E-4 1.06291E-3 1.28117E-3 1.32016E-3 7.97408E-4 6.43454E-4 5.9838E-4 5.53173E-4 3.58236E-4 2.19769E-4 3.1199E-4 4.05331E-4 5.77508E-4 2.88193E-4 3.7338E-4 2.87667E-4 2.70588E-4 2.79708E-4 3.36253E-4 2.80607E-4 4.17268E-4 3.19051E-4 2.80968E-4 2.80969E-4 2.80721E-4 4.51204E-4 1.18635E-3 4.19444E-4 1.18679E-3 1.18927E-3 6.52034E-4 1.20227E-3 2.65511E-3 2.65487E-3 2.45824E-3 1.28758E-3 1.47311E-3 1.50464E-3 1.47375E-3 7.17296E-4 9.5925E-4 2.03798E-3 1.88937E-3 8.90715E-4 7.58162E-4 8.64922E-4 1.06948E-3 1.07115E-3
3.43881E-4 5.59844E-4 3.08572E-4 2.46761E-4 1.7473E-4 3.69038E-4 4.43849E-4 2.19656E-4 8.18849E-4 1.06482E-3 1.26405E-3 5.77003E-4 3.36806E-4 5.32728E-4 7.70572E-4 1.1111E-3 1.23778E-3 1.18786E-3 1.42651E-3 1.38087E-3 1.35194E-3 1.2136E-3 3.37042E-4 2.26088E-4 2.64142E-4 1.06533E-3 5.42788E-4 2.71551E-4 3.26591E-4 3.36729E-4 2.43072E-4 2.93085E-4 7.27373E-4 7.73448E-4 5.4259E-4 3.6497E-4 4.15546E-4 4.65237E-4 3.12992E-4 3.13105E-4 5.03869E-4 1.19012E-3 1.11984E-3 6.81369E-4 9.73814E-4 2.65138E-3 2.48697E-3 2.94697E-3 1.85486E-3 1.60418E-3 1.38256E-3 1.58811E-3 7.16626E-4 8.99722E-4 2.12023E-3 2.29336E-3 1.82767E-3 2.44666E-3 9.61934E-4 8.83186E-4 1.11509E-3
4.3905E-4 4.90615E-4 4.50188E-4 2.60115E-4 3.31158E-4 9.12995E-4 1.13404E-3 3.99128E-4 3.74382E-4 9.54406E-4 1.32156E-3 1.42682E-3 5.18327E-4 3.92925E-4 1.03238E-3 3.18182E-4 5.03715E-4 1.2925E-3 1.16595E-3 1.43952E-3 1.44318E-3 1.65885E-3 4.38613E-4 2.63901E-4 7.27485E-4 9.40621E-4 1.34134E-3 1.08278E-3 5.38898E-4 8.25558E-4 3.17954E-4 2.84368E-4 2.7662E-4 8.99707E-4 1.11343E-3 9.03699E-4 1.24307E-3 3.73976E-4 4.0757E-4 4.53367E-4 4.5281E-4 1.53401E-3 1.78079E-3 7.56435E-4 8.75762E-4 1.01384E-3 2.75451E-3 2.48644E-3 2.6543E-3 3.07975E-3 1.85573E-3 1.66124E-3 7.50423E-4 1.04126E-3 1.98792E-3 1.90522E-3 1.57427E-3 1.90843E-3 2.7341E-3 2.1274E-3 2.12741E-3
9.71895E-4 8.49259E-4 5.88006E-4 4.94206E-4 3.56697E-4 2.39352E-4 6.61424E-4 1.37702E-3 1.06684E-3 7.08812E-4 1.52976E-3 1.66114E-3 1.3791E-3 1.03567E-3 1.16566E-3 1.07243E-3 1.09669E-3 1.35041E-3 1.21626E-3 1.05056E-3 1.04877E-3 4.59458E-4 4.58801E-4 2.99625E-4 6.83987E-4 4.98753E-4 1.09321E-3 1.13426E-3 6.35004E-4 7.5955E-4 1.08294E-3 2.30773E-4 2.84723E-4 2.77365E-4 7.27495E-4 1.16384E-3 1.29644E-3 1.24369E-3 1.44524E-3 1.14147E-3 4.88927E-4 1.00394E-3 1.11801E-3 5.51247E-4 6.11336E-4 7.87529E-4 9.12544E-4 2.48726E-3 2.49141E-3 2.65375E-3 3.79962E-3 1.74043E-3 2.06433E-3 2.0668E-3 1.6062E-3 1.60848E-3 1.78861E-3 9.37956E-4 2.84588E-3 2.21348E-3 2.84689E-3
9.15122E-4 1.63827E-3 2.02862E-3 6.15669E-4 4.44085E-4 2.8688E-4 7.73092E-4 9.00503E-4 9.99818E-4 1.00154E-3 1.04796E-3 1.6029E-3 1.26311E-3 1.21774E-3 1.21843E-3 1.56807E-3 1.21843E-3 9.86915E-4 8.23231E-4 1.21308E-3 1.2638E-3 1.0839E-3 7.62916E-4 6.84823E-4 6.16352E-4 6.46754E-4 9.8344E-4 1.2615E-3 8.25025E-4 3.15009E-4 9.40246E-4 1.40564E-3 9.74006E-4 3.71375E-4 3.08388E-4 7.27867E-4 8.49498E-4 1.04893E-3 1.8562E-3 1.74235E-3 1.075E-3 1.29757E-3 1.30004E-3 1.50731E-3 1.22181E-3 5.76077E-4 7.4072E-4 1.05589E-3 2.86665E-3 2.33892E-3 2.48916E-3 2.33807E-3 1.53748E-3 1.81651E-3 1.56333E-3 9.7616E-4 2.30241E-3 1.86893E-3 2.66031E-3 2.07802E-3 2.66346E-3
1.18904E-3 2.11915E-3 7.99673E-4 7.16367E-4 1.76871E-3 1.06809E-3 9.58845E-4 1.49119E-3 7.49645E-4 7.62247E-4 1.21731E-3 1.93549E-3 1.47075E-3 1.27161E-3 1.81578E-3 1.17104E-3 1.41463E-3 1.47094E-3 2.7009E-4 6.14635E-4 8.88354E-4 1.09825E-3 1.00946E-3 7.42114E-4 6.45614E-4 7.18535E-4 6.47646E-4 1.09641E-3 7.43988E-4 8.13654E-4 7.19803E-4 1.35167E-3 1.26426E-3 4.82292E-4 9.18262E-4 7.00966E-4 9.42923E-4 1.09847E-3 1.22102E-3 1.74616E-3 1.86222E-3 1.22465E-3 1.74617E-3 1.94112E-3 1.94044E-3 1.93687E-3 1.57216E-3 7.41449E-4 8.57486E-4 2.33263E-3 2.33811E-3 1.86232E-3 2.34074E-3 2.23962E-3 1.8177E-3 8.25227E-4 2.76737E-3 2.50066E-3 2.1589E-3 2.76421E-3 2.76878E-3
1.53338E-3 2.72771E-3 2.54729E-3 2.28871E-3 1.90564E-3 6.74333E-4 1.2063E-3 1.60255E-3 1.26555E-3 1.09609E-3 1.27098E-3 1.63456E-3 1.63456E-3 1.32796E-3 1.63308E-3 1.47867E-3 2.02209E-3 2.01895E-3 1.47361E-3 7.42943E-4 1.14137E-3 1.27413E-3 1.41625E-3 1.07208E-3 7.78612E-4 6.77273E-4 9.26981E-4 1.81471E-3 1.19372E-3 1.00964E-3 9.26988E-4 1.14652E-3 1.3214E-3 1.09825E-3 8.89447E-4 9.88174E-4 1.09748E-3 1.27289E-3 1.27333E-3 1.56987E-3 1.9384E-3 1.8248E-3 1.57497E-3 1.57473E-3 1.27773E-3 1.27594E-3 7.41672E-4 1.63852E-3 7.74215E-4 7.73677E-4 2.58163E-3 2.59427E-3 3.00995E-3 2.71127E-3 2.71304E-3 2.10527E-3 8.59759E-4 2.59483E-3 1.82839E-3 1.82495E-3 2.33731E-3
1.78331E-3 3.02503E-3 2.55252E-3 2.20725E-3 3.28524E-3 1.85453E-3 1.16693E-3 1.35414E-3 1.74355E-3 1.27467E-3 1.03139E-3 1.19685E-3 9.2914E-4 1.07828E-3 8.77037E-4 1.70743E-3 2.33488E-3 1.89702E-3 1.41773E-3 8.70136E-4 5.50352E-4 1.19595E-3 1.47987E-3 1.70734E-3 1.01208E-3 5.0603E-4 6.09447E-4 1.0749E-3 1.70655E-3 1.38604E-3 6.23226E-4 1.14566E-3 9.51156E-4 1.2737E-3 9.33075E-4 1.1459E-3 9.32744E-4 9.31305E-4 8.88955E-4 8.8913E-4 5.42144E-4 7.41782E-4 1.64234E-3 1.82007E-3 2.02041E-3 1.64265E-3 1.27811E-3 1.14929E-3 1.63818E-3 6.28732E-4 8.08343E-4 2.68855E-3 2.69258E-3 2.99448E-3 3.48336E-3 1.98819E-3 9.35863E-4 1.10176E-3 2.11126E-3 1.75068E-3 1.75147E-3
1.98259E-3 2.29558E-3 2.83782E-3 2.56193E-3 3.42443E-3 2.95713E-3 1.40896E-3 1.21698E-3 1.5713E-3 8.90384E-4 1.03133E-3 1.03344E-3 1.1993E-3 1.08011E-3 1.53714E-3 2.18861E-3 2.33713E-3 1.78827E-3 2.02027E-3 1.71286E-3 8.06144E-4 1.5363E-3 1.71321E-3 1.5442E-3 1.98235E-3 1.30454E-3 7.11352E-4 6.40543E-4 8.75599E-4 1.70562E-3 1.17795E-3 1.3866E-3 1.20102E-3 1.33129E-3 1.33402E-3 9.74613E-4 1.33262E-3 1.05742E-3 9.50829E-4 1.03498E-3 1.33421E-3 1.47916E-3 1.33449E-3 1.47989E-3 1.4804E-3 1.89826E-3 2.10775E-3 1.71537E-3 1.48068E-3 8.08346E-4 1.03401E-3 1.78469E-3 1.78407E-3 2.80011E-3 3.10901E-3 2.75666E-3 2.2477E-3 2.39886E-3 2.28368E-3 2.43394E-3 1.98422E-3
1.78168E-3 2.06736E-3 2.95131E-3 3.28561E-3 3.30694E-3 3.8032E-3 1.94229E-3 1.4104E-3 1.22111E-3 1.32355E-3 8.39178E-4 1.32748E-3 1.89052E-3 1.38855E-3 1.12897E-3 2.05281E-3 2.43357E-3 2.30044E-3 2.1953E-3 2.55038E-3 1.23103E-3 1.30723E-3 1.97876E-3 1.61441E-3 1.74668E-3 1.60868E-3 1.17409E-3 7.8983E-4 9.18006E-4 9.16781E-4 1.53937E-3 1.0198E-3 1.25317E-3 1.78014E-3 1.71405E-3 1.1044E-3 1.71061E-3 1.48112E-3 1.20128E-3 1.33263E-3 1.33468E-3 1.33356E-3 1.71181E-3 1.54704E-3 1.54628E-3 1.54575E-3 1.7118E-3 2.10557E-3 2.43264E-3 1.98123E-3 1.45745E-3 1.45545E-3 7.59093E-4 9.72204E-4 2.63164E-3 2.63467E-3 2.92029E-3 2.15558E-3 1.68104E-3 2.14796E-3 1.86699E-3
1.44577E-3 2.6532E-3 2.65853E-3 3.06859E-3 4.39372E-3 3.5633E-3 2.96169E-3 3.96607E-3 2.2466E-3 1.44968E-3 1.27748E-3 1.08384E-3 8.78366E-4 1.12817E-3 1.60651E-3 1.18111E-3 2.27581E-3 2.80503E-3 2.92091E-3 4.16905E-3 1.76175E-3 1.85572E-3 2.63162E-3 2.06315E-3 1.61273E-3 1.86542E-3 9.19432E-4 1.01921E-3 1.01768E-3 1.01803E-3 1.1815E-3 1.44854E-3 1.60563E-3 1.18248E-3 1.9744E-3 1.68286E-3 1.78553E-3 1.54442E-3 1.25679E-3 1.39198E-3 1.97957E-3 1.54678E-3 1.78801E-3 1.6133E-3 1.54464E-3 1.39231E-3 1.54153E-3 1.39487E-3 9.34541E-4 9.73554E-4 2.53275E-3 2.28901E-3 1.68449E-3 2.03409E-3 8.2698E-4 9.15342E-4 2.7381E-3 2.43343E-3 2.363E-3 2.12892E-3 9.34659E-4
1.87081E-3 2.15621E-3 2.15508E-3 3.06577E-3 4.40911E-3 2.16315E-3 3.43769E-3 3.96737E-3 2.3472E-3 2.02458E-3 2.10749E-3 2.10878E-3 2.07778E-3 1.18438E-3 1.45026E-3 1.51134E-3 1.42734E-3 2.73123E-3 2.74029E-3 2.91857E-3 2.60397E-3 1.74914E-3 1.93998E-3 1.95144E-3 1.45274E-3 1.68105E-3 1.01956E-3 1.18268E-3 1.18069E-3 1.30876E-3 1.51312E-3 1.18226E-3 9.62031E-4 1.23203E-3 1.51282E-3 1.85854E-3 1.86263E-3 1.61352E-3 1.45445E-3 1.18427E-3 7.59714E-4 2.28367E-3 2.06457E-3 1.86392E-3 1.86328E-3 1.78912E-3 1.76145E-3 8.42435E-4 8.43888E-4 7.95325E-4 8.79011E-4 1.01476E-3 2.74195E-3 1.94774E-3 8.62629E-4 1.05663E-3 1.34584E-3 3.86059E-3 4.25024E-3 3.01472E-3 1.48182E-3
4.72193E-3 2.5025E-3 2.15983E-3 3.5578E-3 3.54578E-3 4.12932E-3 3.53762E-3 3.65072E-3 2.72601E-3 1.82625E-3 1.54844E-3 1.78777E-3 3.10762E-3 2.29214E-3 1.71867E-3 1.23766E-3 1.81883E-3 1.82054E-3 2.5648E-3 3.85099E-3 2.61253E-3 2.47454E-3 2.42863E-3 2.10878E-3 2.16746E-3 1.58779E-3 1.06748E-3 1.18029E-3 1.06677E-3 1.0653E-3 1.11529E-3 1.23637E-3 1.5146E-3 1.23806E-3 1.11678E-3 1.23595E-3 1.93871E-3 1.86226E-3 1.6839E-3 1.23765E-3 7.16508E-4 7.92062E-4 1.86136E-3 2.15015E-3 2.15368E-3 2.06615E-3 2.25984E-3 1.68391E-3 8.79735E-4 1.12435E-3 2.15515E-3 8.29484E-4 1.05672E-3 2.85747E-3 9.97359E-4 1.14525E-3 1.39723E-3 3.40573E-3 3.35094E-3 3.61627E-3 1.17077E-3
4.6693E-3 4.41996E-3 3.08516E-3 2.60388E-3 3.30373E-3 3.67311E-3 4.07801E-3 5.32027E-3 3.87576E-3 2.15961E-3 1.98808E-3 1.98357E-3 2.06359E-3 2.63165E-3 2.91692E-3 2.74566E-3 1.92544E-3 1.73491E-3 1.34405E-3 3.13353E-3 3.48408E-3 3.16189E-3 3.54108E-3 3.92379E-3 3.07562E-3 2.16853E-3 1.95315E-3 1.06838E-3 1.68079E-3 1.23851E-3 1.51793E-3 1.75104E-3 1.58225E-3 1.94122E-3 1.94255E-3 1.58518E-3 1.5841E-3 1.7545E-3 1.7545E-3 1.58357E-3 1.94122E-3 1.43121E-3 1.75355E-3 1.75415E-3 2.47582E-3 2.48497E-3 2.15576E-3 2.15149E-3 1.61947E-3 1.01519E-3 1.29339E-3 1.34956E-3 1.22059E-3 1.54692E-3 1.3209E-3 1.19428E-3 1.19123E-3 3.20377E-3 3.6123E-3 1.96137E-3 1.67124E-3
3.54499E-3 4.82596E-3 3.20512E-3 3.57276E-3 4.29655E-3 3.84646E-3 4.67582E-3 5.67064E-3 5.49415E-3 2.70957E-3 3.8242E-3 3.08573E-3 1.86651E-3 1.75786E-3 1.94227E-3 2.47969E-3 3.03076E-3 3.15005E-3 2.06459E-3 1.34942E-3 2.95045E-3 4.42595E-3 3.10804E-3 3.03749E-3 3.55254E-3 2.3894E-3 2.11198E-3 2.04066E-3 1.75428E-3 1.94391E-3 1.75572E-3 1.29592E-3 1.28937E-3 1.82274E-3 1.8267E-3 2.02134E-3 2.02202E-3 2.23852E-3 2.02464E-3 1.65578E-3 1.82784E-3 1.82845E-3 2.10914E-3 1.9087E-3 2.11015E-3 2.58075E-3 2.85785E-3 1.8712E-3 1.65412E-3 2.33609E-3 8.63895E-4 1.48924E-3 1.5518E-3 1.03917E-3 1.66942E-3 1.37143E-3 1.2419E-3 1.42267E-3 1.57424E-3 2.12035E-3 1.5797E-3
3.20181E-3 3.5611E-3 4.06585E-3 3.31903E-3 4.216E-3 3.83377E-3 6.12448E-3 4.84955E-3 3.88757E-3 4.18924E-3 3.23723E-3 3.98309E-3 3.24951E-3 3.36662E-3 3.36589E-3 3.04096E-3 2.53565E-3 2.46156E-3 1.56012E-3 2.19003E-3 1.71915E-3 3.99488E-3 3.8658E-3 3.34204E-3 2.80678E-3 2.38563E-3 2.38611E-3 2.38612E-3 2.134E-3 1.43172E-3 2.23754E-3 2.48329E-3 1.3217E-3 1.34771E-3 1.82516E-3 1.82423E-3 1.8267E-3 2.10886E-3 2.425E-3 2.33037E-3 2.42613E-3 2.42727E-3 2.42889E-3 2.68369E-3 2.68673E-3 2.43086E-3 2.9675E-3 2.38323E-3 1.91253E-3 2.43185E-3 2.31926E-3 1.14799E-3 2.16917E-3 1.84767E-3 1.51617E-3 1.42679E-3 1.6324E-3 1.48107E-3 1.69745E-3 1.87174E-3 2.29344E-3
4.07056E-3 4.52177E-3 3.70076E-3 3.94265E-3 3.93802E-3 4.08191E-3 5.72445E-3 4.6344E-3 4.65869E-3 3.41588E-3 2.15607E-3 2.74579E-3 4.26557E-3 3.49102E-3 3.15619E-3 2.85747E-3 4.00468E-3 4.43286E-3 3.23444E-3 2.46191E-3 2.09545E-3 3.27101E-3 3.63047E-3 3.16507E-3 3.49965E-3 3.33868E-3 2.74967E-3 2.75062E-3 2.75434E-3 2.36222E-3 1.4941E-3 2.32909E-3 2.85651E-3 2.01514E-3 1.10444E-3 1.21642E-3 1.82664E-3 2.32987E-3 2.10986E-3 2.42987E-3 2.1977E-3 2.43183E-3 2.96516E-3 2.69051E-3 3.40951E-3 3.41491E-3 3.08572E-3 2.48498E-3 2.533E-3 3.09321E-3 2.42789E-3 1.07972E-3 1.32066E-3 1.51482E-3 1.9169E-3 1.63787E-3 1.48157E-3 1.54008E-3 1.76442E-3 1.76407E-3 2.61984E-3
3.80534E-3 4.83027E-3 5.35806E-3 3.44562E-3 3.98718E-3 3.73391E-3 5.72558E-3 6.35354E-3 6.74995E-3 5.95095E-3 4.82528E-3 1.95056E-3 2.74488E-3 2.24547E-3 2.58063E-3 2.33459E-3 2.3349E-3 2.68422E-3 4.58552E-3 3.6285E-3 3.28197E-3 4.15339E-3 3.63915E-3 3.28752E-3 3.6373E-3 3.84999E-3 2.85596E-3 2.58993E-3 3.86741E-3 3.34252E-3 1.91267E-3 1.90814E-3 2.85305E-3 2.58993E-3 2.11768E-3 1.64184E-3 1.55671E-3 1.72502E-3 2.1052E-3 2.19547E-3 1.72443E-3 2.68026E-3 2.43102E-3 2.68998E-3 1.32252E-3 1.67447E-3 3.54163E-3 3.21814E-3 2.63784E-3 3.21283E-3 4.32977E-3 1.37472E-3 1.29249E-3 1.173E-3 1.63358E-3 1.6988E-3 1.69713E-3 1.7642E-3 2.01541E-3 1.66303E-3 1.6948E-3
3.33286E-3 3.00594E-3 3.99538E-3 3.9903E-3 4.08494E-3 4.22868E-3 5.17128E-3 7.23762E-3 6.7466E-3 4.24857E-3 4.24534E-3 5.55298E-3 2.90146E-3 2.25009E-3 2.25148E-3 2.24732E-3 2.58185E-3 2.96678E-3 2.69051E-3 2.20199E-3 2.52625E-3 2.52824E-3 4.24685E-3 4.17617E-3 3.64188E-3 3.29368E-3 2.43512E-3 2.96871E-3 3.63166E-3 3.29147E-3 2.69953E-3 1.56319E-3 2.4258E-3 2.97209E-3 3.28927E-3 2.57092E-3 1.40989E-3 1.80009E-3 1.47561E-3 1.47363E-3 1.71178E-3 1.47192E-3 9.38784E-4 1.45593E-3 1.67336E-3 3.54829E-3 3.21456E-3 4.64972E-3 3.90831E-3 3.826E-3 3.41178E-3 1.29496E-3 1.37319E-3 1.48361E-3 1.29607E-3 1.7102E-3 1.45335E-3 1.76316E-3 2.29973E-3 2.0898E-3 2.82511E-3
3.80712E-3 3.72157E-3 3.86384E-3 3.46872E-3 3.24765E-3 3.04998E-3 3.96013E-3 5.91847E-3 5.94153E-3 4.70437E-3 4.69856E-3 3.7826E-3 4.54025E-3 3.37066E-3 3.50411E-3 3.50574E-3 2.59521E-3 2.69919E-3 2.69453E-3 2.80142E-3 2.29382E-3 2.52659E-3 4.92388E-3 4.17766E-3 4.17199E-3 4.1734E-3 4.00582E-3 1.9913E-3 2.52928E-3 3.41516E-3 3.78164E-3 2.96744E-3 1.79943E-3 2.79522E-3 3.41789E-3 3.62353E-3 1.47561E-3 2.06998E-3 2.53079E-3 2.07538E-3 2.42137E-3 1.87473E-3 1.87649E-3 1.69732E-3 1.24114E-3 3.20711E-3 1.57456E-3 1.92076E-3 2.27945E-3 4.04935E-3 4.05435E-3 2.08225E-3 1.2954E-3 1.76469E-3 1.94322E-3 1.63617E-3 1.96478E-3 1.72773E-3 1.89909E-3 2.4702E-3 2.47341E-3
