day_2/Results/Podomys_floridanus/projections/PaleoClim/-11000/RUN_3.asc
ncols         385
nrows         252
xllcorner     -91.50013924285
yllcorner     25.49986064915003
cellsize      0.041666666500000005
NODATA_value  -9999
[rows 216 to 242 of 252, columns 183 to 243 of 385]
-9999 -9999 -9999 -9999 -9999 -9999 -9999 -9999 -9999 -9999 -9999 -9999 -9999 -9999 -9999 -9999 -9999 2.63942E-1 2.63944E-1 2.63956E-1 2.67639E-1 2.67073E-1 2.70823E-1 2.70836E-1 2.70836E-1 2.74589E-1 2.74602E-1 2.74135E-1 3.7342E-1 5.96411E-1 5.99593E-1 6.05462E-1 6.11272E-1 6.11291E-1 6.11291E-1 6.11649E-1 6.20424E-1 6.2001E-1 6.19572E-1 6.09111E-1 6.08594E-1 8.50057E-1 7.13063E-1 7.11972E-1 7.11341E-1 3.59259E-1 3.53919E-1 3.53328E-1 3.52721E-1 4.66186E-1 4.65433E-1 4.59664E-1 6.94495E-1 6.93635E-1 6.92743E-1 6.9274E-1 6.92737E-1 4.63015E-1 6.98176E-1 6.98176E-1 6.98176E-1
-9999 -9999 -9999 -9999 -9999 -9999 -9999 -9999 -9999 -9999 -9999 -9999 -9999 -9999 -9999 -9999 -9999 -9999 2.64565E-1 2.68204E-1 2.68215E-1 2.67666E-1 2.71347E-1 2.7136E-1 2.71372E-1 2.75056E-1 2.73348E-1 2.76622E-1 2.76634E-1 3.7863E-1 6.00191E-1 6.05921E-1 6.11631E-1 6.1165E-1 6.1165E-1 6.11981E-1 6.11651E-1 6.20424E-1 4.47708E-1 4.46874E-1 4.01459E-1 4.00997E-1 3.10713E-1 3.10304E-1 3.64607E-1 4.75337E-1 4.74067E-1 4.73381E-1 4.67656E-1 7.02386E-1 7.016E-1 7.00789E-1 6.99952E-1 6.99949E-1 6.99071E-1 6.99068E-1 7.07516E-1 6.98179E-1 6.98197E-1 6.98197E-1 6.98197E-1
-9999 -9999 -9999 -9999 -9999 -9999 -9999 -9999 -9999 -9999 -9999 -9999 -9999 -9999 -9999 -9999 -9999 -9999 2.65182E-1 2.68755E-1 2.68218E-1 2.71856E-1 2.71868E-1 2.70166E-1 2.73786E-1 2.73798E-1 2.73364E-1 2.77026E-1 2.77051E-1 2.80712E-1 3.83653E-1 6.06392E-1 6.11982E-1 6.11982E-1 6.11982E-1 6.11983E-1 2.63669E-1 4.44753E-1 4.44094E-1 4.43711E-1 4.43322E-1 4.38048E-1 3.4118E-1 3.10346E-1 3.65105E-1 4.8103E-1 4.80416E-1 4.74082E-1 7.09301E-1 7.08569E-1 4.72E-1 7.07011E-1 7.06203E-1 7.062E-1 6.9997E-1 6.99946E-1 6.99089E-1 6.99086E-1 7.13782E-1 7.04523E-1 7.04523E-1
-9999 -9999 -9999 -9999 -9999 -9999 -9999 -9999 -9999 -9999 -9999 -9999 -9999 -9999 -9999 -9999 -9999 -9999 2.69301E-1 2.69301E-1 2.67094E-1 2.70645E-1 2.70657E-1 2.70668E-1 2.74218E-1 2.7423E-1 2.77416E-1 2.77427E-1 2.8104E-1 2.81052E-1 2.8466E-1 3.88479E-1 3.88244E-1 3.88243E-1 3.88243E-1 2.57586E-1 2.67571E-1 2.66776E-1 4.49675E-1 4.4445E-1 4.43728E-1 4.43338E-1 1.89175E-1 1.88936E-1 3.40767E-1 5.2135E-1 4.81047E-1 4.79815E-1 4.79169E-1 7.14685E-1 7.13957E-1 7.0783E-1 7.07029E-1 7.07027E-1 7.06221E-1 7.05386E-1 7.14676E-1 7.14674E-1 7.13824E-1 7.20017E-1 7.10779E-1
-9999 -9999 -9999 -9999 -9999 -9999 -9999 -9999 -9999 -9999 -9999 -9999 -9999 -9999 -9999 -9999 -9999 -9999 2.68129E-1 2.68129E-1 2.71121E-1 2.71131E-1 2.71131E-1 2.74635E-1 2.74646E-1 2.74658E-1 2.77789E-1 2.77811E-1 2.81352E-1 2.81376E-1 2.8491E-1 2.88275E-1 2.88286E-1 3.88495E-1 1.86126E-1 1.86126E-1 1.86126E-1 2.67285E-1 1.93112E-1 2.6658E-1 2.6612E-1 2.65854E-1 1.89418E-1 1.89183E-1 3.45326E-1 3.40766E-1 5.21368E-1 5.2014E-1 5.19496E-1 4.79186E-1 7.14703E-1 7.13975E-1 7.1322E-1 7.13215E-1 7.1244E-1 7.11634E-1 7.11614E-1 7.20043E-1 7.20058E-1 7.20058E-1 7.108E-1
-9999 -9999 -9999 -9999 -9999 -9999 -9999 -9999 -9999 -9999 -9999 -9999 -9999 -9999 -9999 -9999 -9999 -9999 2.68629E-1 2.6864E-1 2.71581E-1 2.71591E-1 2.71602E-1 2.75035E-1 2.75047E-1 2.78484E-1 2.78157E-1 2.81647E-1 2.81659E-1 2.85142E-1 2.85166E-1 1.86246E-1 1.86254E-1 1.86254E-1 1.86254E-1 1.86254E-1 1.93625E-1 1.95999E-1 1.95883E-1 1.95738E-1 1.95408E-1 1.92623E-1 1.92208E-1 1.91981E-1 1.89191E-1 4.581E-1 4.57587E-1 5.20794E-1 7.56976E-1 7.56349E-1 7.55697E-1 7.5502E-1 7.543E-1 7.53574E-1 7.53569E-1 7.52822E-1 7.12456E-1 7.11634E-1 7.52025E-1 7.5204E-1 7.5204E-1
-9999 -9999 -9999 -9999 -9999 -9999 -9999 -9999 -9999 -9999 -9999 -9999 -9999 -9999 -9999 -9999 -9999 -9999 -9999 2.72034E-1 2.72034E-1 2.72034E-1 2.7542E-1 2.75431E-1 2.75442E-1 2.78808E-1 2.78508E-1 2.81926E-1 2.81949E-1 1.841E-1 1.86468E-1 1.86371E-1 1.86371E-1 1.86371E-1 1.86371E-1 1.86371E-1 1.96369E-1 1.96018E-1 1.98668E-1 1.98799E-1 1.98385E-1 1.98222E-1 1.95233E-1 1.92216E-1 1.91989E-1 1.91512E-1 3.4952E-1 7.63333E-1 7.62739E-1 7.62123E-1 7.615E-1 4.01603E-1 5.18172E-1 7.54318E-1 7.53591E-1 7.53571E-1 7.53586E-1 7.52822E-1 7.52817E-1 7.52062E-1 7.5206E-1
-9999 -9999 -9999 -9999 -9999 -9999 -9999 -9999 -9999 -9999 -9999 -9999 -9999 -9999 -9999 -9999 -9999 -9999 2.69115E-1 2.72451E-1 2.72462E-1 2.72473E-1 2.75788E-1 2.75799E-1 2.79116E-1 2.79127E-1 1.8191E-1 1.81917E-1 1.84237E-1 1.84245E-1 1.86468E-1 1.86476E-1 1.86476E-1 1.86476E-1 1.86476E-1 1.86476E-1 1.99015E-1 1.98901E-1 2.01586E-1 2.01483E-1 1.9855E-1 2.73494E-1 1.9805E-1 1.95037E-1 1.9482E-1 1.9177E-1 1.91519E-1 6.97713E-1 4.0847E-1 4.03318E-1 5.25476E-1 5.24831E-1 7.60869E-1 7.60179E-1 7.59482E-1 7.5433E-1 7.58742E-1 7.53603E-1 7.61735E-1 7.66832E-1 7.66846E-1
-9999 -9999 -9999 -9999 -9999 -9999 -9999 -9999 -9999 -9999 -9999 -9999 -9999 -9999 -9999 -9999 -9999 -9999 -9999 2.72873E-1 2.72874E-1 2.7614E-1 1.7775E-1 1.77757E-1 1.79992E-1 1.79999E-1 1.82079E-1 1.82087E-1 1.84363E-1 1.84378E-1 1.86562E-1 1.86569E-1 1.86569E-1 1.86569E-1 1.86569E-1 1.86476E-1 1.99144E-1 1.98911E-1 2.01586E-1 2.01604E-1 2.01359E-1 1.98402E-1 1.98232E-1 1.97865E-1 1.97666E-1 2.68754E-1 2.68437E-1 1.94115E-1 3.49119E-1 5.32038E-1 7.67847E-1 7.67252E-1 7.67059E-1 7.60888E-1 7.60196E-1 7.59499E-1 7.68299E-1 7.58759E-1 7.67588E-1 7.67585E-1 7.58029E-1
-9999 -9999 -9999 -9999 -9999 -9999 -9999 -9999 -9999 -9999 -9999 -9999 -9999 -9999 -9999 -9999 -9999 -9999 -9999 -9999 1.75777E-1 1.77974E-1 1.77981E-1 1.80181E-1 1.80188E-1 1.80196E-1 1.82237E-1 1.82252E-1 1.84477E-1 1.86712E-1 1.86651E-1 1.8665E-1 1.8665E-1 1.8665E-1 1.86569E-1 1.86569E-1 2.01921E-1 2.01704E-1 2.01604E-1 2.04311E-1 2.01502E-1 2.0123E-1 2.01071E-1 1.98068E-1 1.97873E-1 1.97457E-1 2.72197E-1 1.94135E-1 3.53754E-1 4.67628E-1 7.67885E-1 7.67271E-1 9.00192E-1 7.67056E-1 7.65989E-1 7.65323E-1 7.59516E-1 7.68316E-1 7.68316E-1 7.67607E-1 7.72664E-1
-9999 -9999 -9999 -9999 -9999 -9999 -9999 -9999 -9999 -9999 -9999 -9999 -9999 -9999 -9999 -9999 -9999 -9999 -9999 -9999 1.78201E-1 1.78201E-1 1.78201E-1 1.80359E-1 1.80366E-1 1.82518E-1 1.82391E-1 1.8458E-1 1.84587E-1 1.8677E-1 1.8672E-1 1.8672E-1 1.8672E-1 1.8672E-1 1.86651E-1 2.02027E-1 2.01791E-1 2.04499E-1 2.04421E-1 2.0442E-1 2.0442E-1 2.0409E-1 2.01239E-1 2.00918E-1 2.00733E-1 2.72789E-1 1.97465E-1 1.97E-1 1.94134E-1 7.03705E-1 7.73508E-1 7.7294E-1 7.67288E-1 7.66652E-1 7.66008E-1 7.66006E-1 7.65323E-1 7.73392E-1 7.7339E-1 7.7339E-1 7.73406E-1
-9999 -9999 -9999 -9999 -9999 -9999 -9999 -9999 -9999 -9999 -9999 -9999 -9999 -9999 -9999 -9999 -9999 -9999 -9999 -9999 1.7841E-1 1.7841E-1 1.78417E-1 1.80526E-1 1.80533E-1 1.82642E-1 1.82526E-1 1.84671E-1 1.84685E-1 1.86816E-1 1.86778E-1 1.86778E-1 1.86778E-1 1.86777E-1 1.8672E-1 2.04813E-1 2.04584E-1 2.04518E-1 2.04518E-1 2.0443E-1 2.04211E-1 2.06845E-1 2.04099E-1 2.03941E-1 2.00926E-1 2.00732E-1 2.00346E-1 1.97253E-1 1.97008E-1 7.09115E-1 7.0317E-1 7.73523E-1 7.72957E-1 7.72349E-1 7.71734E-1 7.71732E-1 7.66025E-1 7.74093E-1 7.74091E-1 7.74089E-1 7.7041E-1
-9999 -9999 -9999 -9999 -9999 -9999 -9999 -9999 -9999 -9999 -9999 -9999 -9999 -9999 -9999 -9999 -9999 -9999 -9999 -9999 1.78607E-1 1.78608E-1 1.80681E-1 1.80688E-1 1.80695E-1 1.82753E-1 1.82656E-1 1.8475E-1 1.8685E-1 1.86857E-1 1.86824E-1 1.86823E-1 1.86823E-1 1.86778E-1 1.86778E-1 2.04894E-1 2.04656E-1 2.07335E-1 2.07343E-1 2.07268E-1 2.07046E-1 2.06956E-1 2.06962E-1 2.04098E-1 2.03799E-1 2.00751E-1 2.76546E-1 2.76284E-1 1.99908E-1 2.71912E-1 7.09113E-1 7.08557E-1 7.78556E-1 7.72974E-1 7.72366E-1 7.8103E-1 7.71751E-1 7.71112E-1 7.79775E-1 7.79122E-1 7.7912E-1
-9999 -9999 -9999 -9999 -9999 -9999 -9999 -9999 -9999 -9999 -9999 -9999 -9999 -9999 -9999 -9999 -9999 -9999 -9999 -9999 -9999 1.78794E-1 1.80825E-1 1.80832E-1 1.82854E-1 1.82761E-1 1.84818E-1 1.84825E-1 1.86873E-1 1.86858E-1 1.86857E-1 1.86857E-1 1.86857E-1 1.86824E-1 1.86823E-1 2.07689E-1 2.07416E-1 2.07416E-1 2.07132E-1 2.0713E-1 2.07054E-1 2.06965E-1 2.06854E-1 2.84628E-1 2.84567E-1 2.03634E-1 2.03447E-1 2.8008E-1 2.00152E-1 4.62814E-1 4.56912E-1 7.0913E-1 7.17848E-1 7.78573E-1 7.86586E-1 7.77992E-1 7.77408E-1 7.76797E-1 7.8044E-1 7.79796E-1 7.79792E-1
-9999 -9999 -9999 -9999 -9999 -9999 -9999 -9999 -9999 -9999 -9999 -9999 -9999 -9999 -9999 -9999 -9999 -9999 -9999 -9999 -9999 -9999 1.80964E-1 1.80964E-1 1.82943E-1 1.82949E-1 1.84874E-1 1.8488E-1 1.86883E-1 1.8688E-1 1.8688E-1 1.8688E-1 1.8688E-1 1.86858E-1 9.6575E-2 2.07745E-1 2.10017E-1 2.10024E-1 2.09974E-1 2.09974E-1 2.0991E-1 2.09833E-1 2.06974E-1 2.06971E-1 2.06613E-1 2.03808E-1 2.03634E-1 2.03258E-1 2.03265E-1 4.68267E-1 4.62831E-1 4.61906E-1 7.14515E-1 7.13963E-1 7.87176E-1 7.78571E-1 7.78011E-1 7.77426E-1 7.77422E-1 7.77422E-1 7.76814E-1
-9999 -9999 -9999 -9999 -9999 -9999 -9999 -9999 -9999 -9999 -9999 -9999 -9999 -9999 -9999 -9999 -9999 -9999 -9999 -9999 -9999 -9999 1.81085E-1 1.81092E-1 1.8302E-1 1.82956E-1 1.84918E-1 1.84931E-1 1.86882E-1 1.8689E-1 1.8689E-1 9.65927E-2 9.65927E-2 9.65871E-2 9.64767E-2 2.1033E-1 2.10072E-1 2.10071E-1 2.10034E-1 2.09983E-1 2.09983E-1 2.09919E-1 2.09833E-1 2.0964E-1 2.06758E-1 2.06481E-1 2.06539E-1 2.03466E-1 2.05992E-1 4.68699E-1 4.68282E-1 4.67842E-1 4.61923E-1 7.23767E-1 7.23746E-1 7.23217E-1 7.83568E-1 7.83566E-1 7.91533E-1 7.83008E-1 7.90961E-1
-9999 -9999 -9999 -9999 -9999 -9999 -9999 -9999 -9999 -9999 -9999 -9999 -9999 -9999 -9999 -9999 -9999 -9999 -9999 -9999 -9999 -9999 1.81194E-1 1.83085E-1 1.83092E-1 1.8495E-1 1.84956E-1 9.65809E-2 9.65844E-2 9.65918E-2 9.65918E-2 9.65918E-2 9.64814E-2 9.64816E-2 2.13159E-1 2.1291E-1 2.1291E-1 2.12918E-1 2.12884E-1 2.12846E-1 2.12795E-1 2.12794E-1 2.09929E-1 2.09753E-1 2.0964E-1 2.09524E-1 2.0649E-1 2.06161E-1 2.05981E-1 4.74121E-1 4.82528E-1 4.68299E-1 4.76574E-1 4.76123E-1 4.70595E-1 7.19879E-1 7.14001E-1 7.23215E-1 7.92099E-1 7.92097E-1 7.92097E-1
-9999 -9999 -9999 -9999 -9999 -9999 -9999 -9999 -9999 -9999 -9999 -9999 -9999 -9999 -9999 -9999 -9999 -9999 -9999 -9999 -9999 -9999 1.81292E-1 9.4549E-2 9.45524E-2 9.55464E-2 9.55498E-2 9.65672E-2 9.65706E-2 9.65844E-2 9.64741E-2 9.64733E-2 9.64807E-2 9.64807E-2 2.13165E-1 2.1293E-1 2.1293E-1 2.15297E-1 2.12473E-1 2.12439E-1 2.12401E-1 2.1235E-1 2.12729E-1 2.12654E-1 2.09762E-1 2.09649E-1 2.09533E-1 2.09253E-1 2.0893E-1 4.74429E-1 4.7373E-1 4.82528E-1 4.77035E-1 4.76591E-1 4.7614E-1 4.75667E-1 4.75664E-1 7.29109E-1 7.28565E-1 7.28544E-1 7.28561E-1
-9999 -9999 -9999 -9999 -9999 -9999 -9999 -9999 -9999 -9999 -9999 -9999 -9999 -9999 -9999 -9999 -9999 -9999 -9999 -9999 -9999 -9999 9.35948E-2 9.4572E-2 9.45753E-2 9.55511E-2 9.55545E-2 9.64367E-2 9.64392E-2 9.64595E-2 9.64595E-2 9.64595E-2 9.64726E-2 9.64726E-2 2.1555E-1 2.15315E-1 2.15324E-1 2.15317E-1 2.15316E-1 2.15305E-1 2.1528E-1 2.15242E-1 2.12359E-1 2.12738E-1 2.12662E-1 2.12561E-1 2.12457E-1 2.09413E-1 2.0926E-1 4.79827E-1 4.79521E-1 4.82533E-1 4.82547E-1 4.82141E-1 4.81695E-1 4.81692E-1 4.8124E-1 4.80765E-1 4.80762E-1 7.29129E-1 7.34391E-1
-9999 -9999 -9999 -9999 -9999 -9999 -9999 -9999 -9999 -9999 -9999 -9999 -9999 -9999 -9999 -9999 -9999 -9999 -9999 -9999 -9999 -9999 9.45918E-2 9.45918E-2 9.4595E-2 9.55495E-2 9.54468E-2 9.64093E-2 9.64125E-2 9.64392E-2 9.64385E-2 9.64385E-2 9.62384E-2 9.62378E-2 2.7287E-1 2.15318E-1 2.72613E-1 2.15334E-1 2.15326E-1 2.15326E-1 2.15314E-1 2.1529E-1 2.15251E-1 2.15199E-1 2.15125E-1 2.12217E-1 2.12117E-1 2.12013E-1 2.11766E-1 4.84425E-1 4.93829E-1 4.88374E-1 4.88023E-1 4.87647E-1 4.8215E-1 4.81729E-1 4.813E-1 4.81709E-1 4.81259E-1 4.81256E-1 4.80782E-1
-9999 -9999 -9999 -9999 -9999 -9999 -9999 -9999 -9999 -9999 -9999 -9999 -9999 -9999 -9999 -9999 -9999 -9999 -9999 -9999 -9999 -9999 -9999 -9999 9.54203E-2 9.54347E-2 9.63762E-2 9.63786E-2 9.63786E-2 9.64117E-2 9.61916E-2 9.61909E-2 9.62175E-2 9.62175E-2 2.7287E-1 2.72601E-1 2.72625E-1 2.72634E-1 2.72643E-1 2.72653E-1 2.72644E-1 2.72629E-1 2.72599E-1 2.72552E-1 2.15259E-1 2.15198E-1 2.15134E-1 2.15056E-1 2.14859E-1 4.90069E-1 4.84703E-1 4.93305E-1 4.93518E-1 4.88039E-1 4.87665E-1 4.87663E-1 4.87281E-1 4.86875E-1 4.86872E-1 4.86425E-1 4.86441E-1
-9999 -9999 -9999 -9999 -9999 -9999 -9999 -9999 -9999 -9999 -9999 -9999 -9999 -9999 -9999 -9999 -9999 -9999 -9999 -9999 -9999 -9999 -9999 -9999 9.54203E-2 9.54202E-2 9.63359E-2 9.61189E-2 9.61182E-2 9.61576E-2 9.61577E-2 9.61577E-2 9.619E-2 9.61908E-2 2.7284E-1 2.76031E-1 2.72611E-1 2.124E-1 2.72644E-1 2.12428E-1 2.09652E-1 2.09644E-1 2.09633E-1 2.09608E-1 2.09608E-1 2.09561E-1 2.72487E-1 2.7241E-1 2.72314E-1 2.95203E-1 4.99012E-1 4.98774E-1 4.93323E-1 4.93017E-1 4.93534E-1 4.932E-1 4.92839E-1 4.92819E-1 4.92454E-1 2.58033E-1 4.92026E-1
-9999 -9999 -9999 -9999 -9999 -9999 -9999 -9999 -9999 -9999 -9999 -9999 -9999 -9999 -9999 -9999 -9999 -9999 -9999 -9999 -9999 -9999 -9999 -9999 -9999 9.53986E-2 9.607E-2 9.60722E-2 9.60722E-2 9.6118E-2 9.61175E-2 9.61175E-2 7.19926E-2 9.61563E-2 2.1254E-1 2.12321E-1 2.12375E-1 2.12376E-1 2.12417E-1 2.12445E-1 2.12445E-1 2.12451E-1 2.12453E-1 2.12442E-1 2.12441E-1 2.09618E-1 2.09571E-1 2.0952E-1 2.09456E-1 2.0938E-1 4.80149E-1 5.96666E-1 4.9903E-1 4.98771E-1 4.98506E-1 4.9822E-1 4.97889E-1 4.92386E-1 4.97532E-1 2.61901E-1 4.97189E-1
-9999 -9999 -9999 -9999 -9999 -9999 -9999 -9999 -9999 -9999 -9999 -9999 -9999 -9999 -9999 -9999 -9999 -9999 -9999 -9999 -9999 -9999 -9999 -9999 -9999 9.51527E-2 9.60169E-2 9.60198E-2 9.60198E-2 9.60713E-2 7.19278E-2 7.19274E-2 7.1962E-2 7.19621E-2 2.12488E-1 2.15082E-1 2.1516E-1 2.1516E-1 2.15216E-1 2.15258E-1 2.15256E-1 2.12455E-1 2.12459E-1 2.12462E-1 2.12461E-1 2.12451E-1 2.12417E-1 2.12379E-1 2.12328E-1 2.12263E-1 4.80485E-1 4.85433E-1 4.89027E-1 4.88819E-1 4.88605E-1 5.96183E-1 4.98524E-1 4.98217E-1 4.98215E-1 2.65197E-1 5.95229E-1
-9999 -9999 -9999 -9999 -9999 -9999 -9999 -9999 -9999 -9999 -9999 -9999 -9999 -9999 -9999 -9999 -9999 -9999 -9999 -9999 -9999 -9999 -9999 -9999 -9999 -9999 9.59603E-2 9.59603E-2 9.59603E-2 7.18879E-2 7.18875E-2 7.19271E-2 7.19272E-2 2.15153E-1 2.15017E-1 2.15017E-1 2.15099E-1 2.151E-1 2.15168E-1 2.15224E-1 2.14767E-1 2.15264E-1 2.14837E-1 2.15308E-1 2.14843E-1 2.15301E-1 2.12459E-1 2.12425E-1 2.12425E-1 2.12387E-1 2.11935E-1 2.91325E-1 4.85605E-1 4.85467E-1 4.94172E-1 4.93983E-1 4.88622E-1 4.88367E-1 4.88104E-1 4.15515E-1 4.88102E-1
-9999 -9999 -9999 -9999 -9999 -9999 -9999 -9999 -9999 -9999 -9999 -9999 -9999 -9999 -9999 -9999 -9999 -9999 -9999 -9999 -9999 -9999 -9999 -9999 -9999 -9999 7.17934E-2 7.17934E-2 7.17936E-2 7.18427E-2 7.18429E-2 7.18873E-2 7.18869E-2 2.17923E-1 2.17329E-1 2.17337E-1 2.17424E-1 2.17434E-1 2.17507E-1 2.17577E-1 2.17577E-1 2.17633E-1 2.17675E-1 2.17675E-1 2.14845E-1 2.14851E-1 2.14853E-1 2.14853E-1 2.14832E-1 2.14816E-1 2.14807E-1 4.90154E-1 4.90063E-1 4.98972E-1 4.93542E-1 4.94187E-1 4.94189E-1 4.93999E-1 4.93783E-1 4.93782E-1 4.93544E-1
-9999 -9999 -9999 -9999 -9999 -9999 -9999 -9999 -9999 -9999 -9999 -9999 -9999 -9999 -9999 -9999 -9999 -9999 -9999 -9999 -9999 -9999 -9999 -9999 -9999 -9999 7.17391E-2 7.17391E-2 7.17931E-2 7.17928E-2 7.17928E-2 7.18421E-2 7.1676E-2 2.20223E-1 2.17236E-1 2.20113E-1 2.17347E-1 2.20225E-1 2.17443E-1 2.17515E-1 2.17517E-1 2.17586E-1 2.17642E-1 2.17641E-1 2.17685E-1 2.17714E-1 2.17712E-1 2.1772E-1 2.14862E-1 2.1771E-1 2.14851E-1 2.17237E-1 2.98854E-1 4.90171E-1 4.9006E-1 4.98987E-1 4.98872E-1 4.98726E-1 4.98561E-1 4.98561E-1 4.9837E-1
