day_2/Results/Podomys_floridanus/projections/PaleoClim/-11000/RUN_0.asc
ncols         385
nrows         252
xllcorner     -91.50013924285
yllcorner     25.49986064915003
cellsize      0.041666666500000005
NODATA_value  -9999
[rows 81 to 107 of 252, columns 183 to 243 of 385]
4.68518E-3 4.6927E-3 4.38787E-3 3.577E-3 4.15468E-3 4.12908E-3 3.86749E-3 5.0088E-3 6.12979E-3 5.37538E-3 6.97215E-3 6.40755E-3 5.02628E-3 3.05687E-3 2.86771E-3 3.17102E-3 4.44425E-3 4.61411E-3 4.60757E-3 3.42931E-3 2.53928E-3 2.29566E-3 2.63364E-3 4.94939E-3 4.32718E-3 4.77984E-3 4.33284E-3 3.62627E-3 2.07484E-3 2.78946E-3 4.32223E-3 2.80531E-3 2.29412E-3 2.63277E-3 3.20987E-3 2.79969E-3 1.91867E-3 1.87437E-3 2.38155E-3 2.38266E-3 1.95845E-3 1.95586E-3 2.24834E-3 1.7738E-3 2.3834E-3 2.25106E-3 9.62611E-4 1.63612E-3 1.8757E-3 1.94402E-3 4.20185E-3 4.63209E-3 2.62529E-3 2.16159E-3 1.69837E-3 2.0394E-3 2.08956E-3 1.83009E-3 1.82996E-3 2.55821E-3 2.90784E-3
3.44811E-3 3.95683E-3 5.54631E-3 4.54816E-3 4.15554E-3 4.29195E-3 4.01866E-3 4.10202E-3 6.12633E-3 5.56422E-3 5.92033E-3 5.71181E-3 6.37854E-3 4.45796E-3 4.03472E-3 4.18024E-3 4.18403E-3 3.42821E-3 3.77586E-3 4.78925E-3 3.92934E-3 3.55229E-3 3.33556E-3 4.93759E-3 4.4928E-3 4.00518E-3 4.33338E-3 4.78364E-3 3.41504E-3 2.16164E-3 3.53772E-3 3.21561E-3 2.63662E-3 3.0248E-3 2.91157E-3 2.38584E-3 3.02419E-3 1.63921E-3 2.47672E-3 2.2501E-3 2.24894E-3 1.84508E-3 2.58266E-3 2.34385E-3 2.12333E-3 2.5842E-3 1.78184E-3 1.39493E-3 1.94453E-3 1.76743E-3 1.94196E-3 2.52953E-3 2.53336E-3 2.30351E-3 2.30304E-3 2.66723E-3 2.25007E-3 2.76885E-3 3.14908E-3 2.24579E-3 2.33019E-3
3.96001E-3 4.54149E-3 4.10657E-3 5.19138E-3 4.85592E-3 4.39636E-3 4.45135E-3 4.1677E-3 6.30357E-3 6.1352E-3 5.56115E-3 4.96428E-3 6.62891E-3 4.45756E-3 4.61876E-3 4.6168E-3 4.2615E-3 4.79933E-3 4.78838E-3 4.96554E-3 4.96208E-3 4.07488E-3 3.34083E-3 4.64353E-3 5.14198E-3 5.14224E-3 4.96264E-3 4.96226E-3 4.79515E-3 2.20903E-3 2.15889E-3 3.67503E-3 3.33829E-3 3.02089E-3 3.82173E-3 2.74431E-3 3.14092E-3 2.74718E-3 1.92514E-3 2.57562E-3 2.43673E-3 1.78149E-3 2.68125E-3 2.43627E-3 2.00806E-3 2.79321E-3 2.13355E-3 1.08596E-3 1.45277E-3 1.50868E-3 1.37291E-3 1.56991E-3 1.89666E-3 2.16742E-3 2.24576E-3 2.33221E-3 2.16576E-3 3.2672E-3 3.27004E-3 3.72185E-3 2.90194E-3
5.02186E-3 4.69643E-3 4.69751E-3 4.25006E-3 3.98365E-3 5.02614E-3 4.55713E-3 4.4375E-3 4.76816E-3 6.32732E-3 5.20103E-3 6.12984E-3 4.63621E-3 4.18267E-3 4.62197E-3 3.93185E-3 4.32911E-3 4.40646E-3 4.96039E-3 5.14081E-3 5.13974E-3 4.55917E-3 4.66107E-3 4.64924E-3 5.31239E-3 5.13854E-3 5.14709E-3 4.16226E-3 5.14086E-3 3.93415E-3 2.74092E-3 2.0406E-3 2.344E-3 2.84365E-3 3.58786E-3 2.85124E-3 3.26634E-3 2.68774E-3 2.43705E-3 2.00494E-3 2.53416E-3 2.09086E-3 2.29943E-3 2.30345E-3 2.08979E-3 2.84217E-3 2.59135E-3 2.35029E-3 1.24461E-3 1.12991E-3 1.8976E-3 1.63039E-3 2.0029E-3 1.54038E-3 2.61393E-3 2.64671E-3 2.55352E-3 3.09253E-3 3.85443E-3 4.37331E-3 3.40911E-3
3.84273E-3 3.83474E-3 4.39328E-3 5.01273E-3 5.02106E-3 4.70111E-3 5.72151E-3 4.25955E-3 4.78406E-3 5.35804E-3 4.71157E-3 4.26906E-3 4.27705E-3 4.34102E-3 4.41769E-3 4.34926E-3 4.0749E-3 4.49188E-3 4.21871E-3 4.65141E-3 4.2211E-3 4.36989E-3 4.36897E-3 4.914E-3 4.46054E-3 4.98417E-3 4.73945E-3 5.14918E-3 4.57085E-3 4.66726E-3 2.86024E-3 2.85181E-3 3.14416E-3 2.34693E-3 2.21164E-3 3.38142E-3 3.45563E-3 2.54106E-3 2.58327E-3 2.30344E-3 2.34584E-3 2.58444E-3 1.93698E-3 2.95627E-3 2.44432E-3 2.21674E-3 3.37954E-3 2.80503E-3 3.19888E-3 1.65657E-3 1.2501E-3 1.69063E-3 2.11794E-3 2.00419E-3 2.28147E-3 2.5909E-3 2.94021E-3 3.99298E-3 3.99055E-3 4.95892E-3 5.60862E-3
4.31672E-3 4.28427E-3 4.03182E-3 2.59645E-3 3.76896E-3 4.16872E-3 3.09941E-3 3.90801E-3 4.85228E-3 4.80304E-3 4.42617E-3 4.79461E-3 4.271E-3 3.56724E-3 4.96045E-3 4.42306E-3 4.50581E-3 3.69621E-3 3.34495E-3 3.47536E-3 3.82307E-3 3.47039E-3 3.14403E-3 3.6001E-3 3.59982E-3 5.09269E-3 4.97528E-3 5.50245E-3 5.33304E-3 4.73742E-3 5.70817E-3 2.64529E-3 2.44342E-3 2.95933E-3 3.08168E-3 2.30689E-3 2.5289E-3 3.13321E-3 2.58778E-3 2.69056E-3 1.79141E-3 3.25547E-3 2.8043E-3 2.31534E-3 2.79039E-3 2.14478E-3 2.6455E-3 1.8575E-3 3.33127E-3 1.40127E-3 1.45626E-3 1.48637E-3 1.66059E-3 2.07903E-3 2.15437E-3 2.44913E-3 3.44438E-3 3.52144E-3 4.68264E-3 5.29589E-3 5.9895E-3
6.99933E-3 5.03317E-3 3.88334E-3 4.46149E-3 3.65317E-3 3.78752E-3 3.55378E-3 3.21521E-3 4.94416E-3 4.869E-3 4.41911E-3 4.42452E-3 5.39077E-3 5.08283E-3 4.07809E-3 4.56682E-3 4.58695E-3 4.98247E-3 4.23694E-3 4.23795E-3 3.4804E-3 4.23101E-3 3.48196E-3 3.15347E-3 2.69355E-3 3.60148E-3 4.62443E-3 4.98009E-3 5.01427E-3 4.99284E-3 5.52776E-3 4.38608E-3 3.27213E-3 2.54239E-3 3.13733E-3 3.45946E-3 2.8238E-3 2.34431E-3 3.57925E-3 3.07853E-3 2.71919E-3 2.79228E-3 3.86847E-3 3.87559E-3 2.19116E-3 3.02278E-3 2.50494E-3 1.32406E-3 1.8222E-3 1.66183E-3 1.54223E-3 1.72543E-3 1.96285E-3 2.44913E-3 2.586E-3 2.67929E-3 2.87585E-3 4.02291E-3 4.24595E-3 5.65557E-3 6.3792E-3
6.72393E-3 6.43402E-3 3.98399E-3 4.55554E-3 4.12669E-3 4.71111E-3 4.79473E-3 3.55819E-3 4.06502E-3 4.55514E-3 5.04651E-3 4.57682E-3 6.13321E-3 5.56989E-3 4.60127E-3 5.14888E-3 5.75181E-3 6.35335E-3 5.16254E-3 5.75557E-3 5.15997E-3 5.33014E-3 5.33765E-3 4.83612E-3 5.01026E-3 4.13197E-3 3.8174E-3 4.96724E-3 5.47958E-3 5.49616E-3 4.99827E-3 4.13866E-3 3.74296E-3 3.80999E-3 3.46058E-3 3.95732E-3 3.26745E-3 3.07956E-3 2.54666E-3 3.19886E-3 2.36169E-3 2.83291E-3 3.50963E-3 4.40747E-3 3.79765E-3 3.14684E-3 2.97364E-3 1.25403E-3 1.88688E-3 1.96198E-3 2.20884E-3 2.03453E-3 2.31241E-3 2.8743E-3 2.97863E-3 3.0332E-3 4.5703E-3 3.88028E-3 4.25317E-3 6.52859E-3 6.72385E-3
5.95547E-3 5.39673E-3 4.48491E-3 4.63414E-3 4.79509E-3 4.97024E-3 4.86532E-3 4.96203E-3 4.66055E-3 4.65957E-3 5.2085E-3 4.73463E-3 4.74359E-3 5.22693E-3 5.06E-3 5.15265E-3 4.73174E-3 6.99476E-3 5.35472E-3 5.74873E-3 4.74208E-3 5.52714E-3 5.94243E-3 5.02546E-3 4.55546E-3 5.09894E-3 5.10215E-3 3.74842E-3 3.4662E-3 5.66588E-3 5.17769E-3 5.62982E-3 3.15458E-3 3.08252E-3 3.59419E-3 3.5958E-3 3.72894E-3 3.87387E-3 3.20436E-3 3.64956E-3 3.32235E-3 3.24548E-3 2.5011E-3 1.45442E-3 2.00107E-3 4.48495E-3 2.87348E-3 1.62812E-3 1.63054E-3 1.85421E-3 2.29609E-3 1.92398E-3 2.71126E-3 2.9708E-3 3.36384E-3 3.55199E-3 5.83822E-3 6.02303E-3 4.34207E-3 6.09887E-3 6.83226E-3
6.80526E-3 6.15982E-3 5.04292E-3 4.27944E-3 4.80838E-3 4.96664E-3 4.50134E-3 4.22203E-3 4.82802E-3 5.31346E-3 5.49833E-3 5.94625E-3 6.55082E-3 6.35267E-3 5.76558E-3 4.85256E-3 5.32707E-3 6.5498E-3 5.41634E-3 5.34048E-3 4.90296E-3 4.8974E-3 6.06213E-3 4.90271E-3 4.90112E-3 4.14053E-3 4.6331E-3 5.1468E-3 5.81911E-3 6.03256E-3 6.46447E-3 5.1635E-3 4.36943E-3 3.21098E-3 3.73682E-3 3.73775E-3 3.87099E-3 4.01273E-3 4.01875E-3 3.45394E-3 3.45479E-3 3.08109E-3 2.60286E-3 2.71053E-3 1.8917E-3 2.36133E-3 2.99682E-3 1.43924E-3 1.75685E-3 2.18723E-3 2.47756E-3 2.07306E-3 2.56842E-3 2.91042E-3 3.28688E-3 4.05307E-3 4.66361E-3 6.91502E-3 4.59921E-3 5.26867E-3 7.88452E-3
7.02518E-3 6.37231E-3 4.73465E-3 4.2819E-3 4.42212E-3 4.97412E-3 5.15225E-3 4.23603E-3 4.22583E-3 4.38639E-3 4.98746E-3 6.06601E-3 5.95393E-3 5.96332E-3 6.4842E-3 7.94801E-3 5.34124E-3 4.90139E-3 7.21198E-3 5.41457E-3 4.91202E-3 4.99993E-3 5.50734E-3 5.69622E-3 6.26451E-3 5.17772E-3 5.83778E-3 4.37421E-3 4.97133E-3 5.50827E-3 6.07229E-3 6.05325E-3 6.48665E-3 4.11697E-3 4.53049E-3 4.27318E-3 3.21256E-3 1.54019E-3 5.01374E-3 3.45957E-3 4.31802E-3 2.97867E-3 2.51668E-3 1.88454E-3 1.96077E-3 2.44005E-3 2.53168E-3 2.39622E-3 2.3924E-3 2.26771E-3 2.1482E-3 2.43422E-3 2.66312E-3 3.00809E-3 3.71221E-3 4.40355E-3 4.89898E-3 7.35545E-3 6.45932E-3 6.05378E-3 8.1049E-3
8.00587E-3 7.25833E-3 6.5876E-3 5.40926E-3 4.98455E-3 4.97089E-3 5.15137E-3 5.1379E-3 5.32835E-3 5.51312E-3 5.62486E-3 6.66139E-3 8.10044E-3 7.22902E-3 7.96015E-3 9.75155E-3 5.66386E-3 5.52251E-3 6.6684E-3 5.9469E-3 6.26784E-3 6.25461E-3 6.46512E-3 5.70421E-3 5.83967E-3 5.8714E-3 5.33941E-3 5.34171E-3 4.52855E-3 6.21261E-3 7.3413E-3 6.08205E-3 5.49199E-3 5.16446E-3 5.88202E-3 4.87176E-3 4.42767E-3 3.80006E-3 1.66069E-3 4.47882E-3 4.6533E-3 3.39469E-3 4.1884E-3 2.72952E-3 1.54324E-3 1.69433E-3 1.99721E-3 1.99914E-3 2.34769E-3 2.90095E-3 2.43289E-3 3.74951E-3 3.17552E-3 5.22048E-3 4.31413E-3 4.80177E-3 5.04364E-3 4.96365E-3 8.09194E-3 7.38452E-3 1.12527E-2
8.00668E-3 8.00409E-3 7.25832E-3 6.5905E-3 7.13926E-3 4.97268E-3 5.15E-3 4.84193E-3 5.51933E-3 5.51197E-3 5.62486E-3 5.49268E-3 8.34915E-3 8.36974E-3 8.9468E-3 7.24278E-3 6.57462E-3 5.53682E-3 5.71753E-3 5.16717E-3 5.82633E-3 5.83216E-3 6.03E-3 7.3391E-3 5.35086E-3 6.03297E-3 5.48441E-3 6.22847E-3 5.17E-3 2.98866E-3 8.57069E-3 6.37844E-3 4.8031E-3 6.44694E-3 3.09314E-3 6.08627E-3 5.0398E-3 5.21009E-3 3.66987E-3 1.89064E-3 5.27823E-3 4.00814E-3 3.40956E-3 3.79261E-3 1.46603E-3 1.99442E-3 2.07219E-3 2.34585E-3 2.34809E-3 2.27246E-3 2.84793E-3 3.21317E-3 3.95308E-3 4.45607E-3 4.6925E-3 7.65185E-3 7.79017E-3 7.03615E-3 8.53706E-3 7.30671E-3 1.2805E-2
8.01019E-3 7.26147E-3 8.01104E-3 8.27101E-3 8.04122E-3 4.98645E-3 4.98047E-3 4.24212E-3 4.84253E-3 5.50962E-3 5.62489E-3 5.67989E-3 6.88864E-3 9.48932E-3 9.23576E-3 7.4713E-3 8.38309E-3 6.08818E-3 5.72885E-3 5.7138E-3 5.83593E-3 6.04607E-3 6.0227E-3 6.22978E-3 6.06527E-3 7.56908E-3 6.25043E-3 2.99246E-3 6.43912E-3 3.08535E-3 8.05738E-3 7.13161E-3 6.10567E-3 6.08633E-3 2.56637E-3 3.19507E-3 5.2227E-3 4.92476E-3 5.59201E-3 2.23059E-3 5.9756E-3 5.44142E-3 4.15928E-3 3.60274E-3 1.55196E-3 1.58178E-3 1.83363E-3 1.79501E-3 2.11201E-3 2.38975E-3 2.94398E-3 3.3249E-3 3.74618E-3 5.15023E-3 5.42573E-3 7.79387E-3 7.03813E-3 8.08257E-3 9.78776E-3 1.18025E-2 1.34148E-2
9.10888E-3 9.10291E-3 1.03469E-2 1.00537E-2 9.11323E-3 5.41224E-3 5.59398E-3 5.17418E-3 5.33961E-3 5.52366E-3 5.52424E-3 5.16771E-3 5.68053E-3 8.61072E-3 1.04458E-2 9.50947E-3 9.52457E-3 1.00792E-2 5.08674E-3 5.35822E-3 5.35542E-3 6.07112E-3 5.52475E-3 2.63212E-3 5.7017E-3 2.99278E-3 7.11143E-3 2.73544E-3 6.66918E-3 3.09774E-3 3.72419E-3 7.35298E-3 7.07541E-3 3.18788E-3 3.29644E-3 3.02013E-3 7.37495E-3 5.60885E-3 2.08179E-3 2.22909E-3 2.11094E-3 6.19254E-3 4.89937E-3 4.56352E-3 2.57237E-3 2.14591E-3 2.22773E-3 2.30974E-3 3.25545E-3 2.94228E-3 3.43753E-3 3.86639E-3 5.27139E-3 4.88173E-3 4.72781E-3 7.85602E-3 8.77639E-3 1.08771E-2 1.11676E-2 1.23832E-2 1.40685E-2
1.03547E-2 9.39544E-3 1.0348E-2 8.27629E-3 6.9479E-3 5.59766E-3 7.02197E-3 6.37236E-3 5.35829E-3 5.54125E-3 5.52612E-3 5.52848E-3 5.8339E-3 5.87706E-3 8.86702E-3 1.07474E-2 1.07817E-2 1.06158E-2 5.89273E-3 7.34619E-3 6.10012E-3 5.50672E-3 2.63017E-3 2.99499E-3 2.64075E-3 3.08535E-3 3.07878E-3 2.81874E-3 6.09568E-3 3.19249E-3 3.51087E-3 3.96811E-3 7.81192E-3 6.50054E-3 3.40446E-3 6.70276E-3 3.53896E-3 7.20707E-3 2.83874E-3 3.44189E-3 2.39429E-3 2.96552E-3 5.55524E-3 5.0779E-3 3.02774E-3 2.35473E-3 2.60784E-3 2.61148E-3 3.37258E-3 3.151E-3 3.86307E-3 4.73164E-3 6.66689E-3 8.35684E-3 5.00527E-3 6.05908E-3 6.89622E-3 1.14216E-2 1.26852E-2 1.40696E-2 1.58943E-2
1.03501E-2 1.03558E-2 1.03514E-2 9.40304E-3 7.50885E-3 6.8144E-3 5.78862E-3 7.97663E-3 7.25107E-3 6.58632E-3 4.92239E-3 5.59436E-3 7.13473E-3 5.89345E-3 6.08529E-3 1.00514E-2 1.21752E-2 1.00056E-2 8.98753E-3 6.24766E-3 6.90196E-3 7.57793E-3 2.99455E-3 2.98223E-3 3.08859E-3 2.82031E-3 2.82064E-3 3.18916E-3 3.50408E-3 3.84429E-3 3.61636E-3 3.29986E-3 3.00667E-3 3.40388E-3 6.6966E-3 3.65464E-3 3.74399E-3 3.73629E-3 3.85909E-3 8.66897E-3 3.0714E-3 3.47175E-3 6.28281E-3 4.0905E-3 3.74636E-3 3.55308E-3 3.67915E-3 3.32203E-3 4.29741E-3 3.54761E-3 3.99429E-3 4.71384E-3 5.63133E-3 5.8243E-3 8.85899E-3 7.8514E-3 1.05368E-2 1.17151E-2 1.33145E-2 1.58913E-2 1.66196E-2
9.68637E-3 1.17473E-2 1.03797E-2 7.66929E-3 6.38291E-3 9.39584E-3 6.3905E-3 6.58143E-3 6.58211E-3 7.97359E-3 5.42839E-3 6.15581E-3 7.13471E-3 8.89533E-3 7.36877E-3 6.90403E-3 1.24992E-2 1.11088E-2 1.20301E-2 8.21925E-3 2.64722E-3 2.73228E-3 6.47916E-3 3.09873E-3 3.09367E-3 3.19148E-3 3.19911E-3 3.84312E-3 3.61636E-3 7.12375E-3 3.31169E-3 3.01033E-3 3.42737E-3 3.51653E-3 7.84182E-3 2.94987E-3 3.33455E-3 2.87394E-3 2.97281E-3 3.07107E-3 2.66043E-3 3.27612E-3 3.70228E-3 3.50238E-3 3.94747E-3 3.62247E-3 4.68844E-3 3.61737E-3 4.83652E-3 4.48232E-3 5.02437E-3 5.18496E-3 5.90942E-3 6.16951E-3 8.07034E-3 9.72803E-3 1.20038E-2 1.32816E-2 1.62423E-2 1.65829E-2 1.86671E-2
1.0649E-2 1.1751E-2 1.1777E-2 8.54932E-3 7.04177E-3 9.68498E-3 8.00071E-3 7.2511E-3 7.25181E-3 9.05945E-3 6.59202E-3 5.08401E-3 6.47964E-3 7.3563E-3 8.34564E-3 7.60203E-3 8.5972E-3 1.13856E-2 1.03903E-2 1.02848E-2 3.10174E-3 3.09128E-3 3.20926E-3 3.2076E-3 3.29749E-3 3.19128E-3 7.11337E-3 7.11933E-3 7.15137E-3 7.13305E-3 3.30629E-3 3.4104E-3 3.41113E-3 3.1125E-3 3.66664E-3 3.33901E-3 3.45141E-3 3.56128E-3 3.36614E-3 3.47245E-3 3.28552E-3 2.74879E-3 3.21148E-3 3.61609E-3 4.06927E-3 4.20334E-3 4.33948E-3 5.44963E-3 5.62721E-3 6.30841E-3 4.86373E-3 6.07981E-3 6.16668E-3 8.07032E-3 8.51062E-3 8.23465E-3 1.35942E-2 1.38954E-2 1.56955E-2 1.73086E-2 1.94072E-2
1.06422E-2 1.17434E-2 1.17618E-2 6.39119E-3 8.79241E-3 7.99548E-3 9.69624E-3 6.59561E-3 7.47437E-3 9.05836E-3 8.23862E-3 5.09335E-3 5.88647E-3 6.90486E-3 6.28796E-3 7.11751E-3 7.12346E-3 7.12119E-3 9.70441E-3 1.09753E-2 1.00123E-2 8.32017E-3 3.51125E-3 3.19325E-3 3.29645E-3 7.343E-3 6.51407E-3 7.15846E-3 2.92006E-3 3.30596E-3 3.6268E-3 3.30903E-3 3.41508E-3 3.21791E-3 3.21006E-3 3.75779E-3 3.8991E-3 3.68268E-3 3.36791E-3 3.17897E-3 2.75553E-3 2.85161E-3 2.94417E-3 3.0462E-3 4.1941E-3 4.33533E-3 4.48011E-3 4.61361E-3 4.85478E-3 7.90892E-3 8.15415E-3 8.40332E-3 9.36179E-3 8.50155E-3 9.44598E-3 8.62979E-3 1.3165E-2 1.45446E-2 1.60144E-2 1.80144E-2 2.01448E-2
9.68638E-3 9.68957E-3 7.99556E-3 6.58216E-3 7.97489E-3 8.7711E-3 9.96679E-3 9.06708E-3 8.23597E-3 8.4984E-3 9.34859E-3 7.0214E-3 6.06121E-3 5.53658E-3 5.72662E-3 6.45289E-3 5.90548E-3 6.66224E-3 6.09473E-3 6.87659E-3 7.10594E-3 7.10452E-3 7.38532E-3 7.36962E-3 7.39067E-3 6.52463E-3 3.08351E-3 3.3032E-3 3.01348E-3 3.62455E-3 3.74358E-3 3.85333E-3 3.8541E-3 3.63142E-3 3.31586E-3 3.41419E-3 3.90268E-3 3.68528E-3 3.80694E-3 3.59401E-3 3.40158E-3 3.50939E-3 4.37776E-3 4.15272E-3 4.43851E-3 3.36648E-3 5.00626E-3 5.17254E-3 5.32285E-3 8.13847E-3 9.09255E-3 9.47186E-3 9.74515E-3 1.00148E-2 1.07511E-2 9.05305E-3 1.34789E-2 1.51795E-2 1.67178E-2 1.87311E-2 1.77903E-2
1.06747E-2 1.17523E-2 1.18898E-2 5.98976E-3 5.4392E-3 5.42205E-3 6.77781E-3 8.47853E-3 8.65834E-3 9.80655E-3 9.81685E-3 7.88655E-3 7.39065E-3 5.44906E-3 6.14515E-3 6.48736E-3 5.89963E-3 6.09287E-3 6.29544E-3 5.73697E-3 5.22346E-3 4.75729E-3 5.41235E-3 5.41805E-3 7.14963E-3 6.52872E-3 3.41274E-3 3.3036E-3 3.41263E-3 3.41439E-3 3.85215E-3 3.52007E-3 3.62923E-3 3.73849E-3 3.41762E-3 3.99963E-3 4.12011E-3 4.12052E-3 4.29045E-3 4.05621E-3 3.83174E-3 3.95653E-3 3.82575E-3 5.73909E-3 4.07398E-3 5.61544E-3 3.9857E-3 5.31445E-3 6.12615E-3 6.29897E-3 9.61668E-3 9.72365E-3 8.72272E-3 1.02774E-2 1.12766E-2 9.24814E-3 1.40844E-2 1.55204E-2 1.61821E-2 1.94856E-2 2.17124E-2
1.23108E-2 1.20939E-2 8.98851E-3 6.58924E-3 9.06479E-3 6.81169E-3 5.6152E-3 5.78856E-3 6.49754E-3 8.10535E-3 9.8085E-3 1.01187E-2 7.5482E-3 6.92614E-3 7.60941E-3 6.30861E-3 6.7004E-3 6.11933E-3 5.5562E-3 5.74913E-3 5.34408E-3 2.42409E-3 6.06461E-3 3.31433E-3 4.49116E-3 3.41313E-3 3.40904E-3 3.11216E-3 3.11377E-3 3.51543E-3 3.51685E-3 3.97256E-3 3.41831E-3 3.85252E-3 3.85559E-3 4.12376E-3 4.25394E-3 4.25358E-3 4.51877E-3 4.26628E-3 4.40269E-3 4.17112E-3 4.29753E-3 4.43539E-3 4.56876E-3 4.33511E-3 4.60604E-3 5.04801E-3 5.81358E-3 6.49867E-3 9.99617E-3 8.9426E-3 9.18582E-3 9.43006E-3 1.15581E-2 1.30627E-2 1.46985E-2 1.61751E-2 1.81382E-2 1.84762E-2 2.0621E-2
9.51061E-3 9.05834E-3 8.24264E-3 7.48517E-3 6.79234E-3 8.49024E-3 7.71949E-3 6.37531E-3 6.71879E-3 7.60785E-3 9.19738E-3 1.01111E-2 8.54427E-3 6.31066E-3 6.51085E-3 7.836E-3 7.37452E-3 7.37606E-3 6.72055E-3 6.94042E-3 3.32344E-3 3.02286E-3 3.41417E-3 3.42778E-3 3.11248E-3 3.59596E-3 3.59593E-3 3.11316E-3 3.2107E-3 3.31551E-3 3.31486E-3 3.41522E-3 3.85404E-3 4.00245E-3 3.6269E-3 3.73417E-3 3.85233E-3 4.51975E-3 4.65758E-3 4.79324E-3 6.60152E-3 4.68132E-3 7.0272E-3 6.65106E-3 4.71426E-3 6.49932E-3 6.70285E-3 7.72062E-3 7.96414E-3 6.5469E-3 6.14476E-3 6.82538E-3 1.04279E-2 1.06971E-2 1.09649E-2 1.43632E-2 1.50322E-2 1.6838E-2 1.88373E-2 1.91795E-2 2.13598E-2
6.79014E-3 6.80288E-3 6.17476E-3 5.79039E-3 7.85972E-3 8.92176E-3 7.39919E-3 6.70265E-3 7.60538E-3 6.30661E-3 8.61193E-3 8.62631E-3 7.86239E-3 7.86078E-3 6.51633E-3 6.11864E-3 6.71425E-3 7.59458E-3 7.5985E-3 3.37372E-3 3.41382E-3 3.43226E-3 3.10836E-3 3.11281E-3 3.5165E-3 5.4115E-3 3.20908E-3 3.38102E-3 3.6285E-3 3.73849E-3 3.41659E-3 3.52492E-3 3.62869E-3 3.62941E-3 6.3716E-3 4.13836E-3 4.55929E-3 4.64525E-3 4.794E-3 4.94717E-3 6.81285E-3 7.01318E-3 7.234E-3 7.45992E-3 7.065E-3 7.28278E-3 6.9212E-3 7.95616E-3 6.7991E-3 1.01523E-2 1.0522E-2 9.64941E-3 1.06917E-2 1.18263E-2 1.14971E-2 1.39591E-2 1.56636E-2 1.71941E-2 1.79138E-2 1.8606E-2 2.07034E-2
9.17306E-3 7.71376E-3 5.80814E-3 6.36724E-3 6.09763E-3 9.18105E-3 9.2061E-3 5.87111E-3 5.72676E-3 7.12749E-3 8.08599E-3 9.75491E-3 7.14768E-3 7.37301E-3 6.71844E-3 6.9222E-3 6.9229E-3 6.92075E-3 7.14689E-3 3.02054E-3 3.50114E-3 3.54401E-3 4.80016E-3 3.63252E-3 3.62556E-3 3.3824E-3 3.31486E-3 3.48376E-3 3.41554E-3 3.8552E-3 3.59711E-3 3.70188E-3 6.12016E-3 4.25268E-3 4.46766E-3 6.56495E-3 6.20762E-3 5.87613E-3 4.84249E-3 4.99058E-3 7.01512E-3 7.21953E-3 7.44704E-3 7.67545E-3 7.896E-3 7.72269E-3 8.61727E-3 8.18831E-3 7.03976E-3 1.07332E-2 1.02071E-2 1.1367E-2 1.09556E-2 1.23789E-2 1.29758E-2 1.42525E-2 1.6003E-2 1.78671E-2 1.86014E-2 2.0312E-2 2.2903E-2
7.01765E-3 8.12326E-3 7.24857E-3 6.10598E-3 6.92248E-3 6.30462E-3 9.45344E-3 7.87308E-3 6.72371E-3 6.71179E-3 6.90238E-3 8.08013E-3 6.72126E-3 6.9376E-3 6.92725E-3 6.51436E-3 6.5157E-3 7.52303E-3 3.52377E-3 6.72066E-3 4.80311E-3 3.20677E-3 3.71029E-3 3.83203E-3 3.75478E-3 3.41176E-3 3.41553E-3 3.52349E-3 3.51733E-3 3.96559E-3 3.70481E-3 6.31374E-3 3.92965E-3 4.46938E-3 4.60771E-3 6.90253E-3 6.97695E-3 6.59958E-3 6.25299E-3 5.14041E-3 7.2236E-3 7.44491E-3 8.3393E-3 7.90031E-3 8.37477E-3 7.34265E-3 6.53182E-3 9.38422E-3 1.04326E-2 1.10016E-2 1.04747E-2 1.07642E-2 1.03928E-2 1.26675E-2 1.32509E-2 1.48938E-2 1.66537E-2 1.70067E-2 1.89257E-2 1.96631E-2 2.17621E-2
