day_2/Results/Podomys_floridanus/projections/PaleoClim/-11000/RUN_0.asc
ncols         385
nrows         252
xllcorner     -91.50013924285
yllcorner     25.49986064915003
cellsize      0.041666666500000005
NODATA_value  -9999
[rows 81 to 107 of 252, columns 122 to 182 of 385]
2.89707E-3 4.52313E-3 8.61722E-3 1.17797E-2 1.18835E-2 1.14581E-2 1.13803E-2 9.84776E-3 1.09659E-2 8.88952E-3 7.03557E-3 1.9768E-3 7.18098E-3 2.71585E-3 1.70153E-3 5.58139E-3 6.22611E-3 8.90138E-3 3.73761E-3 2.34775E-3 2.60758E-3 3.22526E-3 2.78623E-3 3.09783E-3 3.09782E-3 2.2502E-3 2.01654E-3 4.35627E-3 4.0924E-3 3.30678E-3 3.8323E-3 3.85143E-3 4.09813E-3 3.19474E-3 4.11722E-3 3.95172E-3 3.08628E-3 2.50052E-3 2.497E-3 3.20814E-3 4.11241E-3 4.1248E-3 4.56673E-3 5.07215E-3 4.58089E-3 4.57935E-3 2.90379E-3 2.34079E-3 2.02828E-3 2.50069E-3 2.50244E-3 2.34344E-3 2.33894E-3 3.31205E-3 3.84116E-3 3.83251E-3 5.91546E-3 9.47262E-3 4.22433E-3 5.28878E-3 3.31757E-3
3.07812E-3 4.89942E-3 6.16294E-3 7.73715E-3 7.69859E-3 1.27837E-2 9.58169E-3 5.92962E-3 1.18798E-2 1.06616E-2 9.5985E-3 3.63442E-3 9.61311E-3 1.02777E-2 4.97765E-3 4.04905E-3 4.49425E-3 4.49368E-3 4.49367E-3 4.99964E-3 5.33641E-3 4.80302E-3 8.71055E-3 7.85397E-3 7.06083E-3 5.49543E-3 7.21145E-3 8.02077E-3 3.95374E-3 1.20856E-3 9.19762E-4 1.78473E-3 2.68912E-3 3.66875E-3 4.74964E-3 4.27968E-3 4.28964E-3 5.26507E-3 4.27674E-3 3.38868E-3 3.32246E-3 3.7576E-3 4.93575E-3 5.49881E-3 5.30853E-3 5.32064E-3 3.97189E-3 1.6395E-3 1.82626E-3 3.54701E-3 5.29053E-3 1.1409E-3 2.44828E-3 2.55228E-3 2.19955E-3 3.96068E-3 4.36823E-3 8.31228E-3 7.73575E-3 4.94897E-3 5.74589E-3
3.58244E-3 4.07429E-3 7.23736E-3 9.12359E-3 1.31404E-2 4.20744E-3 2.39444E-3 4.62919E-3 1.10438E-2 7.80229E-3 3.06898E-3 8.1185E-3 1.28083E-2 1.28518E-2 4.85518E-3 1.22706E-2 1.2831E-2 1.23206E-2 1.23107E-2 1.23721E-2 1.22764E-2 1.06969E-2 1.10712E-2 9.41797E-3 4.05985E-3 3.65635E-3 1.86748E-3 5.72974E-3 5.59499E-3 5.24179E-3 4.935E-3 4.00674E-3 4.00998E-3 3.26102E-3 3.9104E-3 3.89798E-3 3.55462E-3 3.55342E-3 2.8702E-3 3.44749E-3 3.11863E-3 3.44431E-3 8.09457E-3 8.11791E-3 8.66485E-3 4.73863E-3 4.5947E-3 3.75713E-4 2.02422E-3 2.59785E-3 4.06636E-3 4.78595E-3 3.50185E-3 4.0272E-3 2.7077E-3 2.81442E-3 4.08633E-3 7.75734E-3 7.99238E-3 5.67801E-3 3.96413E-3
4.8422E-3 7.23341E-3 9.40916E-3 8.27206E-3 1.18597E-2 6.39521E-3 5.98146E-3 3.21606E-3 1.15152E-2 3.20983E-3 8.44532E-3 9.44104E-3 8.29384E-3 1.37913E-2 1.07838E-2 7.40809E-3 7.26019E-3 9.12627E-3 1.32682E-2 9.40479E-3 2.50256E-3 1.27604E-2 3.96257E-3 9.64504E-3 3.80516E-3 1.07204E-2 2.93425E-3 3.47601E-3 2.5462E-3 2.7987E-3 4.34039E-3 4.18817E-3 3.75367E-3 3.22549E-3 4.07511E-3 3.68937E-3 4.21332E-3 4.80777E-3 3.23629E-3 3.65602E-3 3.93575E-3 3.64255E-3 3.27772E-3 4.46185E-3 3.87363E-3 4.29189E-3 4.76262E-3 1.4066E-3 2.12071E-3 2.5575E-3 3.00073E-3 3.8107E-3 5.12219E-3 5.15282E-3 4.64252E-3 3.59297E-3 4.09146E-3 7.01395E-3 8.25947E-3 5.32033E-3 4.10005E-3
1.11849E-2 9.7753E-3 9.82115E-3 1.41865E-2 8.56886E-3 1.05032E-2 1.90934E-2 1.50909E-2 1.36539E-2 1.24339E-2 9.83355E-3 8.77029E-3 1.27665E-2 5.24373E-3 3.34432E-3 3.3365E-3 3.01494E-3 5.8595E-3 1.19267E-2 9.13458E-3 3.71009E-3 1.33327E-2 1.15773E-2 1.15625E-2 1.04256E-2 1.27934E-2 1.33137E-2 5.12547E-3 4.17476E-3 4.80002E-3 3.64743E-3 4.1578E-3 3.55024E-3 2.46955E-3 4.91567E-3 4.66934E-3 6.12603E-3 4.12816E-3 3.81807E-3 4.2226E-3 3.6909E-3 3.94314E-3 3.94357E-3 4.221E-3 5.52418E-3 3.15443E-3 4.07437E-3 3.89334E-3 3.69266E-3 4.95405E-3 4.03517E-3 3.83575E-3 3.9514E-3 5.87583E-3 5.91499E-3 4.12995E-3 4.68658E-3 6.35621E-3 5.8989E-3 5.50626E-3 3.70605E-3
9.81901E-3 8.59422E-3 1.27407E-2 8.28006E-3 9.11772E-3 8.66011E-3 9.97363E-3 8.89841E-3 8.90441E-3 8.92154E-3 1.48442E-2 1.29023E-2 1.01549E-2 1.42459E-2 1.27881E-2 1.37616E-2 1.24584E-2 1.12544E-2 7.1894E-3 9.43025E-3 1.24542E-2 1.24501E-2 1.38006E-2 1.20095E-2 8.84409E-3 9.17745E-3 8.38875E-3 9.63327E-3 3.708E-3 4.11782E-3 3.6781E-3 4.66195E-3 5.54168E-3 3.33182E-3 6.20403E-3 3.89836E-3 4.28859E-3 4.27293E-3 4.12599E-3 5.5489E-3 3.9776E-3 8.62872E-3 8.12755E-3 1.28956E-2 3.8834E-3 4.03263E-3 3.83922E-3 4.22791E-3 4.48515E-3 3.46074E-3 3.99365E-3 4.14995E-3 3.69413E-3 4.52535E-3 4.14374E-3 3.83602E-3 5.93034E-3 8.53955E-3 7.73152E-3 4.6384E-3 3.7145E-3
1.01824E-2 1.4602E-2 1.27827E-2 1.13092E-2 1.1674E-2 1.05441E-2 1.1632E-2 1.20849E-2 1.33639E-2 1.33639E-2 1.48361E-2 1.42817E-2 1.4324E-2 1.42686E-2 1.16843E-2 1.16671E-2 1.42554E-2 1.42698E-2 1.17009E-2 8.29197E-3 1.28898E-2 1.29132E-2 1.24374E-2 1.37913E-2 7.00064E-3 7.98442E-3 7.51772E-3 3.19984E-3 3.19278E-3 3.32642E-3 3.21265E-3 4.25476E-3 4.36401E-3 4.09022E-3 5.45315E-3 5.69189E-3 6.38943E-3 6.38871E-3 4.68342E-3 5.73141E-3 6.51453E-3 6.29599E-3 3.50889E-3 3.4477E-3 5.53967E-3 4.03195E-3 3.46469E-3 3.57176E-3 4.38752E-3 5.16716E-3 4.83527E-3 5.35397E-3 3.73964E-3 4.13676E-3 3.83299E-3 4.388E-3 5.37116E-3 6.56582E-3 7.72155E-3 5.20132E-3 5.95145E-3
1.47438E-2 1.36822E-2 1.67062E-2 1.61613E-2 1.46497E-2 1.32503E-2 1.48561E-2 1.33819E-2 1.47606E-2 1.33656E-2 1.3704E-2 1.3724E-2 1.48762E-2 1.48204E-2 1.48155E-2 1.16874E-2 8.6298E-3 9.5284E-3 1.28964E-2 1.05807E-2 3.28538E-3 7.49446E-3 9.18851E-3 1.01762E-2 1.01797E-2 1.12771E-2 1.4345E-2 5.48198E-3 6.15202E-3 6.36024E-3 5.53803E-3 5.18552E-3 5.38556E-3 4.69396E-3 6.86399E-3 6.90297E-3 6.13107E-3 6.55341E-3 6.30892E-3 4.18496E-3 5.02103E-3 6.15166E-3 5.1364E-3 3.96283E-3 5.38603E-3 4.22172E-3 3.13183E-3 3.98461E-3 4.0945E-3 4.09586E-3 4.53381E-3 5.18788E-3 4.24478E-3 3.83862E-3 4.30626E-3 4.4629E-3 6.13254E-3 6.79175E-3 7.99278E-3 5.95076E-3 6.57817E-3
1.53357E-2 1.53255E-2 1.53083E-2 1.03993E-2 1.51422E-2 1.51305E-2 1.51695E-2 1.48579E-2 1.09676E-2 1.25515E-2 1.53173E-2 1.53767E-2 1.53869E-2 1.5392E-2 1.54163E-2 1.53671E-2 1.53911E-2 1.21441E-2 1.21303E-2 1.4835E-2 1.29269E-2 1.16907E-2 1.34359E-2 1.34467E-2 1.34467E-2 1.32905E-2 1.37812E-2 7.31282E-3 7.18042E-3 7.1861E-3 7.94585E-3 5.89932E-3 4.52631E-3 4.60631E-3 4.18889E-3 7.10865E-3 8.6741E-3 8.815E-3 6.56287E-3 6.56439E-3 6.36553E-3 5.8942E-3 5.95648E-3 4.10765E-3 6.1686E-3 5.90639E-3 4.09965E-3 5.93278E-3 4.14767E-3 3.25676E-3 3.74101E-3 4.29171E-3 4.29853E-3 3.84191E-3 3.83781E-3 4.29449E-3 5.55067E-3 7.49902E-3 5.50081E-3 6.14081E-3 6.15908E-3
9.76456E-3 1.42089E-2 1.38981E-2 1.38871E-2 1.41884E-2 1.53568E-2 1.37119E-2 1.37256E-2 1.39277E-2 1.25813E-2 1.13846E-2 1.30558E-2 1.43996E-2 1.59015E-2 1.4451E-2 1.25871E-2 1.25729E-2 1.39152E-2 1.25995E-2 9.92113E-3 8.96525E-3 7.38746E-3 9.37674E-3 1.05874E-2 1.54033E-2 1.39449E-2 1.42718E-2 1.6012E-2 4.60877E-3 5.82996E-3 7.11879E-3 9.09366E-3 5.40214E-3 4.77845E-3 5.83329E-3 7.34069E-3 7.12926E-3 7.48486E-3 7.99206E-3 7.72762E-3 9.45943E-3 6.10866E-3 5.5215E-3 4.11282E-3 6.3653E-3 6.7679E-3 4.16861E-3 5.1941E-3 4.64855E-3 5.5234E-3 6.16187E-3 4.14728E-3 4.24649E-3 3.84626E-3 3.9792E-3 4.55552E-3 5.73421E-3 7.7479E-3 6.79781E-3 5.68645E-3 6.80296E-3
1.07455E-2 1.56774E-2 1.44377E-2 1.09352E-2 1.41807E-2 1.59173E-2 1.59121E-2 1.59626E-2 1.5953E-2 1.13975E-2 1.13733E-2 1.02977E-2 1.18225E-2 1.18279E-2 1.59266E-2 1.25929E-2 1.03209E-2 1.02989E-2 9.91782E-3 5.76156E-3 5.42392E-3 5.98374E-3 5.68722E-3 7.98001E-3 1.07455E-2 1.59603E-2 1.01585E-2 1.62987E-2 7.23602E-3 1.21303E-2 8.08503E-3 1.16749E-2 6.88443E-3 6.03725E-3 7.35274E-3 6.76632E-3 8.24223E-3 9.124E-3 8.28698E-3 8.29442E-3 1.15613E-2 5.52526E-3 5.74904E-3 5.21628E-3 5.75941E-3 5.76393E-3 6.11837E-3 4.32475E-3 5.74583E-3 5.76193E-3 4.71426E-3 6.32548E-3 4.40589E-3 3.98664E-3 3.98284E-3 4.63146E-3 4.54603E-3 8.52411E-3 7.75909E-3 5.57179E-3 7.74464E-3
1.64917E-2 1.46967E-2 1.59476E-2 1.59299E-2 1.4433E-2 1.18304E-2 1.30634E-2 1.59311E-2 1.44415E-2 1.25787E-2 9.32884E-3 1.02854E-2 1.07002E-2 1.07016E-2 1.30635E-2 1.30663E-2 1.03404E-2 3.226E-3 3.09314E-3 2.80026E-3 3.72774E-3 4.44499E-3 4.74701E-3 6.53634E-3 8.27808E-3 1.11592E-2 1.66022E-2 1.66023E-2 6.02918E-3 7.2583E-3 1.50507E-2 6.01933E-3 8.35695E-3 9.25269E-3 1.09411E-2 8.13163E-3 8.96288E-3 8.52295E-3 8.5467E-3 1.9397E-2 8.8749E-3 5.53407E-3 4.25275E-3 7.25531E-3 7.74984E-3 5.96124E-3 6.59485E-3 6.33793E-3 3.85019E-3 5.3711E-3 5.95783E-3 6.59483E-3 7.25179E-3 4.41439E-3 5.03845E-3 4.56127E-3 4.63203E-3 7.21695E-3 8.83564E-3 7.26387E-3 7.75224E-3
1.01173E-2 1.49567E-2 9.93474E-3 1.65577E-2 1.42052E-2 9.34999E-3 8.12972E-3 1.18398E-2 1.1849E-2 1.0312E-2 6.92252E-3 8.7693E-3 8.76755E-3 8.76864E-3 8.98993E-3 1.1418E-2 9.95919E-3 4.82724E-3 9.02447E-3 9.01541E-3 9.97323E-3 6.02942E-3 7.65056E-3 8.81868E-3 8.82284E-3 1.01177E-2 1.13598E-2 1.68957E-2 1.41602E-2 1.09166E-2 6.99056E-3 6.67944E-3 7.57614E-3 1.12446E-2 1.09602E-2 7.37495E-3 1.22033E-2 1.48576E-2 2.0019E-2 7.25987E-3 6.5531E-3 7.74245E-3 4.41188E-3 4.87686E-3 8.29339E-3 6.17007E-3 7.66533E-3 7.25745E-3 5.49946E-3 4.07307E-3 5.03672E-3 7.5031E-3 6.9485E-3 8.2933E-3 5.05401E-3 5.04628E-3 4.13549E-3 5.389E-3 1.00164E-2 9.10492E-3 7.99516E-3
1.65255E-2 9.70899E-3 1.11221E-2 1.65332E-2 1.18678E-2 8.80497E-3 1.07135E-2 1.44451E-2 1.0357E-2 4.11267E-3 3.22799E-3 2.91622E-3 2.15729E-3 4.64114E-3 6.668E-3 8.47734E-3 1.14357E-2 3.56553E-3 1.26191E-2 1.03613E-2 1.26461E-2 7.6763E-3 8.15634E-3 1.65559E-2 1.65905E-2 1.72119E-2 1.71928E-2 1.74696E-2 1.5815E-2 1.01615E-2 1.02465E-2 8.40312E-3 8.62962E-3 1.27421E-2 1.02068E-2 1.26703E-2 3.22989E-3 7.48495E-3 6.93929E-3 1.08165E-2 8.87721E-3 8.85696E-3 4.50445E-3 5.56486E-3 7.72593E-3 8.54581E-3 1.11704E-2 7.51817E-3 8.28963E-3 4.57374E-3 5.04294E-3 5.76217E-3 8.55248E-3 1.04462E-2 5.88874E-3 7.01128E-3 6.57525E-3 5.96094E-3 9.08707E-3 9.10879E-3 8.01628E-3
1.65546E-2 9.72943E-3 9.14234E-3 1.18599E-2 1.18466E-2 1.18902E-2 4.10742E-3 1.18769E-2 1.44838E-2 1.31133E-2 1.44885E-2 1.39964E-2 8.20453E-3 4.11188E-3 7.67474E-3 9.74683E-3 1.18574E-2 7.67466E-3 9.7253E-3 1.0758E-2 1.30959E-2 8.82061E-3 7.68394E-3 9.51749E-3 1.15811E-2 1.06859E-2 1.29932E-2 1.1801E-2 1.4309E-2 1.79528E-2 1.55188E-2 8.43062E-3 9.81642E-3 1.27423E-2 3.055E-2 1.04278E-2 8.28525E-3 8.55162E-3 8.5638E-3 8.48179E-3 7.78054E-3 8.47814E-3 5.16165E-3 5.04127E-3 4.64551E-3 5.20169E-3 1.0699E-2 1.04576E-2 8.29792E-3 7.50315E-3 6.36534E-3 5.76919E-3 8.82613E-3 8.83865E-3 7.26072E-3 5.95834E-3 7.47094E-3 8.24361E-3 8.49659E-3 1.13749E-2 1.00489E-2
5.21941E-3 4.54239E-3 1.07172E-2 1.18823E-2 9.72113E-3 1.65447E-2 1.36242E-2 1.65558E-2 1.35912E-2 9.74064E-3 1.35822E-2 1.65523E-2 1.36319E-2 1.23501E-2 1.23364E-2 1.23282E-2 8.83174E-3 8.80235E-3 1.11754E-2 1.50294E-2 8.83365E-3 5.92776E-3 7.7936E-3 7.96469E-3 8.79933E-3 1.55913E-2 1.72196E-2 1.78803E-2 1.58848E-2 1.5902E-2 1.47964E-2 9.81096E-3 3.29552E-2 3.81351E-2 1.07777E-2 1.30995E-2 9.00872E-3 8.83194E-3 1.3108E-2 9.74919E-3 1.18363E-2 9.44833E-3 8.30244E-3 5.22589E-3 6.35973E-3 7.024E-3 5.94788E-3 9.72991E-3 1.18896E-2 9.77185E-3 7.24959E-3 6.57815E-3 9.08326E-3 9.10192E-3 8.01098E-3 6.57604E-3 6.77923E-3 7.00696E-3 7.72166E-3 1.0316E-2 1.1405E-2
5.77385E-3 1.66046E-2 4.27752E-3 1.49763E-2 1.1183E-2 1.4092E-2 1.71532E-2 1.23283E-2 4.03021E-3 1.01022E-2 1.16011E-2 1.16026E-2 1.16102E-2 1.27903E-2 1.01147E-2 8.30955E-3 9.14859E-3 8.30949E-3 8.62847E-3 1.36276E-2 3.88851E-3 3.88284E-3 7.25936E-3 3.17667E-3 1.05255E-2 1.20253E-2 1.29948E-2 2.41787E-2 1.59368E-2 1.99455E-2 8.69691E-3 2.47286E-2 3.56316E-2 1.22282E-2 1.2238E-2 1.02312E-2 1.07778E-2 1.07743E-2 1.00263E-2 9.10796E-3 1.91218E-2 8.56615E-3 7.16982E-3 7.27192E-3 8.03148E-3 5.95053E-3 5.94918E-3 7.46602E-3 1.00217E-2 9.7728E-3 6.79645E-3 8.24639E-3 6.80159E-3 9.09402E-3 8.25714E-3 6.79937E-3 7.00701E-3 7.72669E-3 7.72419E-3 8.77053E-3 1.06588E-2
1.4142E-2 1.53167E-2 4.46207E-3 1.04979E-2 1.61078E-2 1.46608E-2 1.61166E-2 1.05129E-2 1.05128E-2 1.16078E-2 1.32998E-2 1.20547E-2 1.00507E-2 1.05397E-2 2.99663E-3 9.53884E-3 5.59362E-3 7.21487E-3 1.55658E-2 1.36428E-2 1.36577E-2 1.50893E-2 1.66295E-2 7.74575E-3 9.5271E-3 1.20102E-2 1.78532E-2 1.99238E-2 2.49804E-2 1.09011E-2 8.09798E-3 1.94156E-2 1.56252E-2 4.426E-3 1.05223E-2 1.35017E-2 1.35004E-2 1.16024E-2 1.35092E-2 1.48944E-2 8.86023E-3 9.76972E-3 7.24961E-3 9.10625E-3 1.07755E-2 8.8476E-3 7.516E-3 5.56634E-3 7.71075E-3 9.36794E-3 8.51712E-3 8.51993E-3 8.51717E-3 9.38718E-3 9.39329E-3 7.88997E-3 7.72502E-3 9.37807E-3 7.7325E-3 9.66087E-3 9.68631E-3
5.64105E-3 1.77941E-2 7.12197E-3 8.17235E-3 1.24574E-2 1.26684E-2 5.1048E-3 5.61375E-3 1.0906E-2 1.02384E-2 1.02318E-2 9.92542E-3 8.63953E-3 9.52627E-3 7.84335E-3 9.12268E-3 3.80845E-3 1.0922E-2 1.466E-2 1.56073E-2 1.41659E-2 1.53341E-2 6.66069E-3 1.36867E-2 4.93804E-3 1.05689E-2 1.24502E-2 1.99132E-2 2.26799E-2 2.06245E-2 1.22261E-2 4.0379E-2 1.12174E-2 9.4473E-3 1.08274E-2 1.46178E-2 1.08595E-2 1.39084E-2 2.46676E-2 1.22624E-2 8.03682E-3 8.25029E-3 1.00921E-2 7.48907E-3 9.38326E-3 8.70593E-3 1.00866E-2 5.34989E-3 6.34928E-3 5.76624E-3 7.94904E-3 9.84971E-3 8.77139E-3 9.65866E-3 1.06455E-2 9.68944E-3 7.983E-3 7.98041E-3 8.77146E-3 1.06352E-2 1.06455E-2
7.38622E-3 1.84156E-2 6.07925E-3 6.07135E-3 1.03132E-2 1.90222E-2 4.36786E-3 1.02952E-2 9.63407E-3 1.37791E-2 3.96505E-3 9.93445E-3 1.09461E-2 3.12543E-3 9.88859E-3 8.99591E-3 1.37811E-2 1.13836E-2 1.67257E-2 1.33059E-2 1.61691E-2 1.5654E-2 1.75266E-2 1.93503E-2 7.61352E-3 1.79271E-2 1.47104E-2 1.64284E-2 1.70178E-2 1.87333E-2 2.79775E-2 7.81191E-3 6.24659E-3 1.32487E-2 1.21567E-2 1.45855E-2 1.60763E-2 1.77056E-2 1.22689E-2 1.11175E-2 1.14799E-2 7.16703E-3 9.369E-3 1.04052E-2 9.67597E-3 1.26378E-2 1.14596E-2 1.04018E-2 9.43822E-3 6.5668E-3 7.22369E-3 8.94492E-3 7.96789E-3 8.94789E-3 1.08525E-2 1.06455E-2 8.77708E-3 9.66179E-3 9.66805E-3 8.77709E-3 9.6618E-3
1.7303E-2 1.90207E-2 6.94732E-3 1.57494E-2 1.57375E-2 5.72341E-3 1.07116E-2 1.29786E-2 1.7301E-2 9.0058E-3 1.138E-2 1.37747E-2 9.93122E-3 1.25267E-2 7.70696E-3 1.17735E-2 1.07186E-2 1.4314E-2 1.67722E-2 5.86494E-3 4.83575E-3 1.67762E-2 1.64825E-2 1.93232E-2 1.789E-2 2.19901E-2 7.91464E-3 1.91217E-2 1.52943E-2 1.56047E-2 2.31064E-2 2.19582E-2 1.65768E-2 1.65227E-2 2.75434E-2 2.75659E-2 1.183E-2 1.26255E-2 1.14773E-2 1.14848E-2 8.78154E-3 1.30373E-2 9.75794E-3 7.9675E-3 1.08525E-2 1.43575E-2 1.18377E-2 8.76862E-3 8.77231E-3 9.74257E-3 8.1125E-3 9.8288E-3 9.86016E-3 9.86343E-3 9.86032E-3 9.86343E-3 8.94883E-3 9.85704E-3 1.08571E-2 9.86349E-3 9.66904E-3
1.47914E-2 1.48075E-2 1.79335E-2 1.97101E-2 1.24494E-2 5.19311E-3 1.17858E-2 1.97062E-2 1.30133E-2 1.17941E-2 1.57491E-2 1.29935E-2 1.30076E-2 1.43094E-2 7.714E-3 1.06861E-2 9.83844E-3 1.91098E-2 1.73837E-2 5.52885E-3 1.84336E-2 1.52507E-2 2.06083E-2 9.01717E-3 1.68128E-2 1.72242E-2 2.0697E-2 6.73773E-3 1.73876E-2 1.69705E-2 1.9314E-2 1.38041E-2 1.87435E-2 1.65611E-2 4.73637E-3 4.73183E-3 1.30247E-2 1.30332E-2 1.07375E-2 1.4339E-2 1.18377E-2 1.08501E-2 1.18389E-2 1.07253E-2 1.0843E-2 1.46241E-2 1.3271E-2 1.32709E-2 9.23594E-3 1.32681E-2 7.37468E-3 8.36266E-3 1.01329E-2 1.11663E-2 1.01662E-2 1.11663E-2 8.39025E-3 1.01405E-2 1.01662E-2 1.01664E-2 1.11901E-2
1.39188E-2 1.68525E-2 2.03676E-2 1.8574E-2 4.89837E-3 1.53399E-2 1.85465E-2 1.85623E-2 1.3477E-2 1.0733E-2 1.48041E-2 1.07261E-2 1.79352E-2 1.43111E-2 8.82879E-3 8.8299E-3 9.08008E-3 1.90935E-2 5.7437E-3 5.01617E-3 1.18113E-2 1.31535E-2 1.70246E-2 9.31835E-3 1.58079E-2 1.53107E-2 2.75657E-2 9.02313E-3 1.74482E-2 1.7368E-2 1.97436E-2 2.44624E-2 2.32185E-2 8.0509E-3 7.09888E-3 1.82458E-2 1.61054E-2 1.43543E-2 9.76525E-3 1.00349E-2 1.32752E-2 1.03652E-2 1.24364E-2 9.41358E-3 9.40179E-3 1.13858E-2 1.36683E-2 1.01437E-2 1.11663E-2 1.36986E-2 7.77434E-3 8.36444E-3 8.36976E-3 1.04505E-2 9.50857E-3 1.04582E-2 8.39197E-3 1.04539E-2 1.04549E-2 1.04748E-2 1.11851E-2
1.31759E-2 1.58842E-2 6.15699E-3 6.15821E-3 4.20345E-3 1.58741E-2 1.91859E-2 9.13259E-3 1.15363E-2 1.85469E-2 1.22482E-2 1.39949E-2 1.63038E-2 5.20378E-3 8.02481E-3 1.34625E-2 1.69064E-2 1.57459E-2 1.43521E-2 1.43476E-2 1.18295E-2 1.18488E-2 1.91815E-2 1.70137E-2 1.43691E-2 1.58088E-2 2.75538E-2 9.35104E-3 1.91672E-2 8.48463E-3 1.79908E-2 1.52698E-2 1.60498E-2 1.87099E-2 1.69911E-2 1.87224E-2 1.65452E-2 1.36797E-2 1.3681E-2 1.13029E-2 1.03367E-2 1.55035E-2 1.24154E-2 9.68942E-3 1.06683E-2 1.54953E-2 1.4096E-2 1.04559E-2 1.06683E-2 1.06683E-2 1.4096E-2 8.64293E-3 9.50038E-3 1.04525E-2 1.04625E-2 1.15032E-2 9.51252E-3 1.14996E-2 9.50955E-3 9.51853E-3 9.51761E-3
2.17828E-2 6.40413E-3 2.51879E-3 1.59029E-2 1.50124E-2 1.64575E-2 1.19782E-2 1.08975E-2 1.44832E-2 1.44925E-2 1.15688E-2 1.92291E-2 1.27213E-2 1.53762E-2 1.40056E-2 1.29723E-2 1.35028E-2 9.73071E-3 1.63153E-2 1.6359E-2 1.35187E-2 1.40484E-2 1.761E-2 8.45867E-3 1.58148E-2 1.48538E-2 2.34892E-2 9.35622E-3 7.67154E-3 8.45328E-3 3.03308E-3 1.86119E-2 1.2079E-2 5.65893E-3 4.52296E-3 1.12969E-2 9.83645E-3 1.02679E-2 1.27925E-2 1.40781E-2 1.4087E-2 1.2056E-2 1.28208E-2 1.44906E-2 1.18209E-2 1.45011E-2 1.07543E-2 1.09763E-2 1.09728E-2 1.09728E-2 1.09728E-2 1.09972E-2 9.78974E-3 9.78346E-3 1.18247E-2 1.07611E-2 1.07577E-2 1.07749E-2 9.80437E-3 8.93021E-3 8.65121E-3
5.49081E-3 6.62559E-3 6.76768E-3 2.0537E-2 1.50001E-2 4.36638E-3 3.96978E-3 1.12885E-2 1.64716E-2 1.19131E-2 1.50434E-2 1.81095E-2 1.09441E-2 1.44989E-2 1.92087E-2 9.17067E-3 5.40822E-3 5.40754E-3 1.27126E-2 1.69177E-2 1.86773E-2 1.27686E-2 2.2658E-2 7.9756E-3 1.98032E-2 2.20146E-2 1.94066E-2 8.4451E-3 8.44354E-3 9.59358E-3 8.73232E-3 3.94396E-3 9.13118E-3 1.92321E-2 1.59464E-2 1.75106E-2 1.55016E-2 1.40929E-2 1.32182E-2 1.3207E-2 1.4492E-2 1.64154E-2 1.4952E-2 1.49473E-2 1.6417E-2 1.36125E-2 1.1076E-2 1.24184E-2 1.13117E-2 1.13046E-2 1.1083E-2 1.21752E-2 1.2179E-2 1.10865E-2 1.21752E-2 1.10866E-2 1.1082E-2 1.01067E-2 1.07715E-2 9.82305E-3 8.84386E-3
2.47562E-3 7.01224E-3 2.33462E-2 6.04913E-3 4.38237E-3 3.28656E-3 1.02888E-2 1.06999E-2 1.55319E-2 1.87703E-2 1.65263E-2 4.39051E-3 1.50021E-2 2.25787E-2 5.10524E-3 1.19832E-2 1.92703E-2 1.9317E-2 6.89288E-3 1.17901E-2 1.87742E-2 1.93414E-2 2.26463E-2 8.25608E-3 1.86715E-2 2.49218E-2 1.00013E-2 8.95091E-3 1.08753E-2 3.84952E-3 9.9072E-3 9.26253E-3 1.03223E-2 1.48904E-2 1.49268E-2 1.44934E-2 1.44873E-2 1.49364E-2 1.6417E-2 1.36125E-2 1.49285E-2 1.68564E-2 1.16126E-2 1.68754E-2 1.6886E-2 1.68808E-2 1.16199E-2 1.13887E-2 1.25037E-2 1.16211E-2 1.13887E-2 1.13887E-2 1.13887E-2 1.13887E-2 1.13922E-2 1.14177E-2 1.10842E-2 1.11032E-2 9.80326E-3 1.07841E-2 1.25949E-2
