day_2/Results/Podomys_floridanus/projections/PaleoClim/-11000/RUN_3.asc
ncols         385
nrows         252
xllcorner     -91.50013924285
yllcorner     25.49986064915003
cellsize      0.041666666500000005
NODATA_value  -9999
[rows 0 to 26 of 252, columns 183 to 243 of 385]
2.76524E-3 7.14619E-3 1.48129E-3 5.43217E-3 7.322E-3 6.31621E-3 5.43216E-3 5.03873E-3 5.04001E-3 5.85516E-3 3.20553E-3 7.70245E-3 3.71777E-3 9.59055E-3 3.89424E-4 4.84393E-4 4.92907E-4 3.61799E-4 8.14814E-4 8.3812E-4 7.43881E-4 5.04338E-4 4.96796E-4 1.55185E-4 3.18261E-4 4.53468E-4 2.23559E-4 3.97885E-4 2.44058E-4 9.3983E-5 5.85884E-5 1.79696E-4 4.87475E-5 3.71144E-5 1.09333E-4 1.37236E-4 1.38053E-4 1.09279E-4 1.60028E-4 3.18908E-4 3.31377E-4 3.95323E-5 2.10904E-5 6.65936E-6 8.60901E-5 2.26622E-5 1.34537E-5 3.15463E-6 8.61558E-5 4.80168E-5 6.01134E-5 1.59012E-5 5.57525E-5 1.0146E-4 2.08422E-5 6.24346E-5 1.39706E-5 1.70539E-5 9.38584E-5 1.19021E-5 7.73573E-6
2.9753E-3 3.20552E-3 3.20156E-3 3.20709E-3 2.98122E-3 2.76869E-3 5.86544E-3 6.30833E-3 7.31287E-3 7.67571E-3 8.2716E-3 3.70952E-3 8.90096E-3 2.0143E-3 1.57238E-4 2.68169E-4 4.50408E-4 4.43499E-4 7.01043E-4 6.70906E-4 5.87977E-4 5.05462E-4 7.03333E-4 4.0576E-4 1.83982E-4 9.41593E-5 2.44215E-4 4.21189E-4 5.68931E-4 9.12887E-5 8.68331E-5 4.9374E-5 3.40606E-5 4.15743E-5 1.17854E-4 1.01873E-4 2.96452E-4 5.08822E-5 5.5483E-5 3.8896E-5 1.18158E-4 5.13659E-5 4.7276E-5 1.6019E-5 1.18682E-4 9.87401E-6 1.01661E-5 3.15465E-6 1.13875E-4 4.45781E-5 1.71107E-5 1.14694E-4 5.73533E-5 7.72937E-5 2.01605E-5 9.70213E-5 4.15834E-5 4.63029E-5 6.30074E-6 1.18653E-5 5.93247E-5
6.28939E-3 5.84778E-3 1.369E-3 6.13837E-3 3.99769E-3 2.98271E-3 2.98124E-3 6.81276E-3 4.05008E-3 1.72011E-3 5.85371E-3 1.52482E-3 1.01237E-3 3.83637E-5 3.44296E-4 4.11288E-4 4.18522E-4 1.54159E-4 5.50647E-4 3.1916E-4 5.32656E-4 4.42916E-4 3.14519E-4 4.30713E-4 5.61704E-4 3.44388E-4 3.70624E-4 4.76502E-4 4.88258E-4 2.66012E-4 9.69418E-5 7.23494E-5 8.29959E-5 1.44508E-4 2.28175E-4 1.94049E-4 2.701E-4 3.06172E-4 4.89096E-5 6.4721E-5 2.27632E-4 3.98923E-5 1.83508E-5 6.84583E-5 1.8585E-5 6.46897E-6 8.97369E-6 4.07134E-6 8.61783E-5 5.17642E-5 1.35683E-5 5.05898E-5 5.01471E-5 5.40928E-5 7.78741E-5 4.69933E-5 1.3934E-5 6.21535E-6 6.78085E-5 7.22266E-5 5.17346E-5
1.26694E-3 1.93783E-3 4.67411E-3 6.79187E-3 4.28948E-3 3.71314E-3 2.98639E-3 3.53811E-3 3.05094E-3 8.27572E-3 7.89579E-3 1.82952E-3 1.38863E-3 1.1109E-4 7.02704E-4 4.0512E-4 7.23281E-4 4.49394E-5 5.0846E-4 1.49643E-4 4.02294E-4 5.25713E-4 1.05982E-4 1.10013E-4 1.8568E-4 1.71304E-4 2.66356E-4 3.15044E-4 4.16429E-4 3.73137E-4 4.42062E-4 9.97818E-5 1.55931E-4 1.93992E-4 5.46687E-5 4.96386E-5 1.84259E-5 5.55543E-5 6.25817E-6 2.14714E-5 5.5043E-5 1.29625E-5 3.38019E-6 1.83753E-5 5.87358E-5 1.11088E-4 8.31917E-6 4.07913E-6 9.06278E-5 4.25435E-5 3.58449E-5 7.0495E-5 1.13961E-5 6.36942E-5 7.43634E-5 9.00827E-6 1.54647E-5 5.91258E-5 5.92132E-5 6.89387E-5 8.28519E-5
2.09738E-3 5.84931E-3 7.65863E-3 7.3019E-3 6.62722E-4 2.74995E-3 3.99532E-3 3.726E-3 6.32571E-3 6.22289E-3 2.96224E-3 5.95094E-3 7.14001E-4 3.34415E-4 3.34959E-4 5.36635E-4 6.11319E-4 2.71242E-4 1.43789E-4 9.94002E-5 1.4502E-4 4.63363E-5 8.93824E-5 1.70717E-4 4.07132E-4 1.18722E-4 1.85679E-4 2.31194E-4 3.64198E-4 2.84416E-4 2.48591E-4 2.43995E-4 1.92512E-4 1.07497E-4 3.6085E-5 1.23689E-5 9.73431E-6 4.50453E-5 5.18339E-6 1.83555E-5 2.24475E-5 5.60626E-6 5.83233E-5 3.74869E-5 1.30036E-4 3.8631E-6 4.90884E-6 5.84149E-5 8.73568E-5 7.37133E-5 4.92548E-5 7.23388E-5 5.65261E-5 5.64453E-5 3.7206E-5 1.37166E-5 2.16905E-5 6.5838E-5 7.3194E-5 8.11922E-5 3.93047E-5
3.04767E-3 6.30987E-3 7.70124E-4 6.29409E-4 1.26753E-3 3.39543E-3 2.84933E-3 4.2804E-3 2.94408E-3 6.62886E-3 6.85924E-4 4.06327E-3 7.36241E-4 5.40985E-4 6.38474E-4 2.62347E-4 4.0181E-4 3.5622E-4 3.13597E-4 7.05026E-5 6.212E-5 3.44321E-5 8.13772E-5 1.7005E-4 2.6188E-4 1.0985E-4 1.71051E-4 2.30805E-4 1.73316E-4 4.33407E-4 2.976E-4 1.9872E-4 4.00526E-4 1.79464E-4 1.13128E-4 3.54064E-5 6.05778E-6 1.508E-5 2.13123E-6 4.25145E-5 1.06205E-5 1.14865E-5 6.58368E-6 1.91618E-5 1.15018E-5 5.59566E-6 1.59019E-5 1.71915E-5 4.77111E-5 3.38305E-5 1.66961E-5 6.09032E-5 5.39275E-5 1.49065E-4 7.62688E-5 8.90058E-5 9.67319E-5 1.06512E-4 5.28935E-5 6.89639E-5 3.28025E-4
5.42444E-3 5.02727E-3 1.11014E-3 7.02854E-4 9.95119E-4 2.81856E-3 1.38526E-3 2.3797E-4 2.43536E-3 4.20474E-3 2.88203E-4 3.44493E-4 5.94517E-4 4.50988E-5 3.72375E-5 5.73245E-5 2.21827E-4 3.29499E-4 1.48184E-4 1.92367E-4 2.10615E-4 3.8069E-5 4.16708E-5 2.65794E-4 1.72152E-4 1.82369E-4 1.47732E-4 1.72938E-4 1.85995E-4 1.59349E-4 2.75417E-4 3.80491E-4 4.47764E-5 4.52987E-5 2.70716E-5 2.65552E-5 5.42101E-6 2.74301E-6 2.59288E-6 7.08381E-6 1.05726E-5 1.23585E-5 4.64023E-5 4.78479E-5 1.71378E-5 1.75209E-5 1.055E-5 4.20925E-5 4.69152E-5 4.02539E-5 5.6425E-5 7.10578E-5 1.19779E-4 4.3699E-5 8.28891E-6 2.19661E-5 1.4367E-5 9.59607E-5 4.23108E-5 7.77299E-5 2.27838E-4
2.52619E-3 2.92981E-3 2.7666E-3 6.53929E-3 9.27657E-4 1.26717E-3 2.308E-4 3.84854E-4 2.41901E-3 8.71192E-4 8.41683E-5 2.24677E-4 8.80317E-5 3.91082E-5 5.96678E-6 1.16042E-5 2.61418E-5 2.47387E-5 1.09236E-4 1.71956E-4 1.70818E-4 2.75893E-4 3.99621E-4 4.30396E-5 1.85742E-4 1.70593E-4 1.72853E-4 1.73021E-4 1.71513E-4 1.3761E-4 2.5939E-4 1.3619E-4 2.14336E-4 4.10765E-5 8.27117E-6 4.33513E-6 1.23847E-5 7.18168E-6 3.1553E-6 1.1456E-5 6.07182E-6 2.61258E-6 1.44554E-5 4.50142E-5 6.14672E-6 4.4361E-6 1.09268E-5 4.01539E-5 1.1736E-5 1.17178E-5 5.79566E-5 1.1904E-4 6.86776E-5 3.50831E-5 5.81945E-5 5.92379E-5 8.21425E-5 4.89996E-5 1.04824E-4 5.77074E-5 6.03668E-5
1.14049E-3 1.01288E-3 4.33329E-3 2.01079E-3 4.87435E-3 6.59035E-4 2.62039E-3 2.79338E-3 2.13482E-3 1.08822E-4 1.20747E-5 3.24511E-5 1.8348E-5 1.05119E-5 1.11644E-5 1.93961E-5 1.37158E-5 1.63679E-4 1.08649E-4 2.91946E-4 1.44806E-4 3.74792E-4 4.17474E-5 3.79446E-5 3.27539E-4 1.09332E-4 1.47475E-4 1.71051E-4 1.8363E-4 1.47621E-4 2.19476E-4 1.73898E-4 2.65152E-5 1.77809E-5 1.54565E-5 7.95135E-6 4.2762E-5 4.34906E-6 5.5639E-6 5.85362E-5 3.97643E-5 4.01877E-5 1.07019E-5 4.0289E-6 4.04589E-6 4.27293E-6 6.78031E-6 8.67938E-6 4.83182E-5 9.76223E-5 3.22706E-5 1.13696E-5 1.27282E-5 7.53847E-5 9.53599E-5 4.00817E-5 5.14466E-5 4.90744E-5 2.45382E-4 1.23402E-4 6.75977E-5
9.53562E-4 1.00992E-3 7.60229E-4 3.14283E-3 2.18685E-3 6.49215E-4 8.64132E-5 2.54953E-4 2.83938E-4 1.47912E-5 1.9803E-5 1.96921E-5 3.61288E-5 2.82004E-5 1.28786E-5 2.91172E-5 1.26814E-5 2.57359E-4 1.57036E-4 5.34984E-5 1.91776E-4 2.00917E-4 3.8602E-4 9.21197E-5 3.05975E-5 3.9642E-5 6.97961E-5 1.09794E-4 5.61775E-5 5.60214E-5 7.02008E-5 1.1155E-4 3.15595E-5 7.20495E-5 1.7439E-4 2.58397E-5 4.25702E-5 6.55164E-6 5.58044E-6 5.40572E-5 4.78137E-5 9.71688E-6 7.32493E-6 2.98241E-6 6.56783E-6 7.06719E-6 1.47733E-6 4.15686E-5 1.30955E-4 1.62087E-5 5.20112E-6 5.1314E-6 4.31701E-6 1.76173E-5 3.96178E-5 3.45384E-5 4.3429E-5 6.58175E-5 1.23139E-4 1.28829E-4 6.27454E-5
2.623E-3 4.50638E-4 5.06025E-5 2.47598E-5 3.46262E-5 3.29708E-5 2.6403E-5 2.66028E-5 2.03319E-5 8.58996E-6 5.11999E-5 1.73736E-5 5.6136E-5 2.58323E-4 5.32633E-5 1.85061E-4 1.12115E-5 1.71255E-5 1.89144E-5 1.58636E-4 1.97348E-4 2.48687E-4 1.85465E-4 4.78428E-5 2.8321E-4 2.43628E-4 2.95534E-5 7.55562E-5 7.03069E-5 6.03266E-5 6.50819E-5 1.13093E-4 8.18657E-5 2.97692E-5 8.95533E-6 4.91882E-6 1.87631E-6 3.3457E-6 8.31033E-6 1.13923E-5 1.2923E-5 4.89905E-6 2.14255E-6 6.04818E-6 3.00725E-6 7.06021E-6 1.06051E-5 2.83592E-6 1.25464E-5 1.34449E-5 2.02401E-5 1.78231E-5 1.12659E-5 5.52382E-6 7.6126E-5 7.54448E-5 7.42411E-5 6.99244E-5 1.25054E-4 2.49662E-4 4.51072E-5
2.58302E-5 3.00585E-5 1.9165E-4 3.58737E-5 2.03565E-4 7.64821E-5 4.04606E-5 9.98819E-5 3.2906E-5 1.30026E-5 4.7357E-5 5.4963E-5 1.62463E-5 2.70128E-4 4.11647E-4 7.37232E-5 1.06727E-5 2.18424E-5 2.10518E-4 2.05697E-4 1.22504E-4 2.04037E-4 1.48911E-4 3.03157E-4 1.6282E-4 3.13853E-4 1.0943E-4 8.76547E-5 7.54806E-5 9.38447E-5 4.79554E-5 8.17006E-5 1.82593E-5 7.7537E-6 3.64471E-5 2.95517E-5 6.79319E-6 2.77148E-6 7.6312E-6 1.7619E-6 1.05191E-5 4.65038E-6 1.36244E-5 6.81426E-6 2.04187E-6 1.18332E-5 8.83191E-6 5.51392E-6 3.08859E-5 9.84496E-6 2.33333E-4 2.18236E-4 1.96722E-4 2.22483E-4 2.25897E-4 2.16134E-4 2.61639E-4 1.9172E-4 1.35E-4 5.85005E-5 7.02949E-5
2.24863E-4 1.38493E-4 6.77714E-4 3.34203E-4 2.01833E-4 2.45877E-5 4.14543E-5 2.71413E-4 1.58866E-4 9.57634E-5 5.62792E-5 3.7609E-5 6.86985E-5 9.62315E-5 4.17143E-4 4.89476E-5 3.31865E-5 7.60593E-6 1.22762E-5 1.05921E-4 1.25713E-4 1.5496E-4 5.40905E-5 1.35442E-4 2.42944E-4 1.99375E-5 1.08373E-4 1.22714E-4 4.45047E-5 5.86896E-5 4.05115E-5 7.23855E-5 1.59955E-5 1.87237E-5 2.18957E-5 6.55989E-6 2.615E-6 4.59896E-6 5.53508E-6 2.2884E-6 7.81971E-6 9.67485E-6 1.13878E-5 9.15201E-6 6.59226E-6 2.13395E-5 3.86709E-5 4.32814E-5 3.82187E-5 1.11385E-5 1.58861E-5 8.18111E-5 4.71702E-5 2.98059E-4 2.94276E-4 1.24802E-4 2.26063E-4 2.43317E-4 2.57879E-4 2.14624E-4 8.99704E-5
6.91066E-4 7.76408E-4 9.03539E-4 4.02009E-3 3.10102E-3 8.93901E-4 2.87122E-3 1.21243E-3 5.92874E-4 1.45738E-4 5.24828E-4 4.64311E-4 2.1049E-4 4.02288E-4 3.43655E-5 1.0522E-5 6.36279E-6 6.67851E-6 2.00781E-5 2.97001E-5 2.01074E-4 1.87259E-5 1.58175E-4 4.90264E-5 3.58833E-5 1.6523E-4 1.60939E-5 1.14589E-5 5.01341E-5 1.15231E-5 5.0174E-5 6.34745E-5 2.9222E-5 2.08656E-5 8.04053E-6 2.48585E-6 2.42952E-6 7.61279E-6 3.13841E-6 1.62995E-5 4.41649E-5 6.64424E-6 1.083E-5 1.95254E-5 2.02828E-5 2.18666E-5 3.21698E-5 1.82479E-4 4.21391E-5 4.66604E-5 1.20498E-5 6.32635E-5 3.78216E-5 4.00713E-5 7.93943E-5 1.39931E-4 2.13258E-4 3.16855E-4 2.54385E-4 1.77994E-4 1.71379E-4
5.76195E-4 1.12359E-4 3.93185E-5 7.10989E-4 3.90939E-4 3.65449E-4 4.06331E-4 2.40818E-4 5.47808E-4 6.68357E-4 2.14476E-4 2.47294E-5 1.77443E-4 1.72594E-4 5.89792E-5 2.46038E-5 7.37582E-5 3.14527E-4 2.35493E-5 6.04687E-6 9.41735E-6 9.12442E-6 1.43518E-4 2.51059E-5 6.66261E-6 4.01115E-5 4.32762E-6 6.52183E-6 1.23978E-5 5.01079E-5 4.29309E-5 4.64153E-5 3.19554E-5 8.33304E-6 3.54151E-6 1.30278E-5 1.22961E-5 3.62972E-6 6.45474E-7 1.48177E-5 1.43628E-5 1.04348E-5 1.47909E-5 1.90546E-5 2.90282E-5 1.37278E-5 1.6254E-5 7.87394E-5 1.96527E-4 5.13274E-5 2.60602E-5 6.90803E-5 8.37559E-5 1.01593E-4 1.12717E-4 1.85834E-4 2.30126E-4 3.56123E-4 1.01366E-4 1.45255E-4 1.85656E-4
3.0027E-3 4.51165E-4 2.1523E-4 1.79554E-4 4.7725E-4 5.24125E-5 6.75775E-5 4.43641E-4 4.20056E-4 3.2188E-4 2.53029E-4 3.13587E-5 8.40656E-6 5.71174E-5 2.11063E-4 3.05446E-4 5.98247E-5 1.11837E-4 6.86762E-6 4.48913E-6 5.31233E-6 2.25918E-6 1.956E-5 6.12907E-6 2.96976E-6 7.07238E-6 7.69707E-6 4.91194E-6 8.99995E-6 9.78937E-6 1.14895E-5 3.19185E-5 1.15523E-5 1.4124E-5 1.1932E-5 6.61511E-6 7.50631E-6 1.62834E-6 3.80256E-6 4.53619E-5 1.2188E-5 1.03821E-5 1.39001E-5 4.10901E-5 3.73528E-5 2.04981E-5 1.96938E-5 1.68057E-5 7.36131E-5 5.78287E-5 4.75543E-5 3.35061E-4 2.40409E-4 2.58158E-4 3.36194E-4 1.68656E-4 2.40582E-4 4.00687E-4 3.22741E-4 3.72843E-4 2.74184E-4
2.81604E-3 3.08831E-3 5.36849E-4 1.34092E-4 1.42045E-5 2.85779E-4 1.0368E-4 6.43503E-5 3.94946E-4 2.35603E-4 7.7567E-5 7.16994E-6 2.16982E-5 9.56614E-6 1.93276E-4 5.2418E-5 1.35931E-4 3.61852E-5 2.257E-5 1.1092E-4 7.26791E-6 1.96669E-6 1.28201E-6 1.35294E-6 2.94162E-6 7.07429E-6 1.70292E-5 7.27739E-6 4.91607E-6 9.75819E-6 3.71824E-5 1.2322E-5 3.89783E-6 6.00158E-6 1.57208E-5 7.63374E-6 7.73141E-6 2.77684E-6 3.38199E-5 1.95314E-5 1.48229E-5 1.62796E-5 9.8956E-6 1.49096E-5 4.82407E-5 4.49303E-5 1.75401E-5 2.05384E-5 6.08172E-5 3.10615E-4 5.24246E-5 9.60287E-5 3.66613E-4 2.78701E-4 3.61437E-4 1.63801E-4 1.87723E-4 2.33242E-4 1.94444E-4 3.22558E-4 2.66154E-4
1.94719E-4 1.21524E-4 2.65033E-4 2.27651E-4 4.42701E-4 2.43402E-4 3.46963E-5 1.52909E-5 1.77142E-4 2.73401E-4 8.1062E-5 3.58517E-4 1.69223E-4 5.80836E-6 1.11044E-5 8.53268E-6 5.427E-5 2.08352E-5 2.31297E-5 8.71408E-6 3.05119E-6 3.68552E-6 1.6581E-6 4.91308E-6 5.41201E-6 1.33905E-5 4.3334E-6 7.6929E-6 2.67525E-5 1.80775E-5 4.31328E-6 6.00075E-6 8.66644E-6 1.1673E-5 4.32423E-6 5.63263E-6 6.09462E-6 7.65449E-6 8.03665E-6 1.80354E-6 1.26271E-5 1.44005E-5 1.06653E-5 1.91887E-5 2.17883E-4 5.9583E-5 2.85974E-5 6.35087E-5 1.66039E-4 3.03425E-4 2.44234E-4 1.09107E-4 3.66781E-4 4.06143E-4 3.7841E-4 3.94589E-4 3.04033E-4 1.80969E-4 2.1735E-4 3.13665E-4 7.86265E-5
1.44538E-4 1.89133E-4 1.24885E-4 1.90608E-4 1.63839E-5 3.49694E-4 3.93118E-5 4.75983E-6 2.93649E-5 1.96718E-4 5.8346E-5 6.02186E-5 2.23328E-4 1.03028E-4 8.6013E-6 3.21879E-6 8.49868E-6 1.52982E-5 8.35754E-6 1.10662E-5 7.97699E-6 3.9016E-6 2.00124E-6 7.36809E-6 5.9928E-6 4.28118E-6 4.32612E-6 3.17738E-5 7.64288E-6 1.26719E-5 7.07639E-6 2.11067E-6 3.88099E-6 3.03377E-6 3.13441E-6 2.5923E-6 4.04897E-6 4.90156E-6 1.07892E-5 5.54706E-5 1.59863E-5 1.97679E-5 1.21094E-5 1.24891E-5 4.53195E-5 1.58565E-5 2.59374E-4 3.39335E-4 2.37457E-4 3.26455E-4 3.83171E-4 3.27056E-4 3.93358E-4 4.42844E-4 1.9159E-4 3.84046E-4 1.13019E-4 2.36194E-4 4.25106E-4 2.91796E-4 3.45983E-4
1.00458E-3 9.73622E-4 3.52116E-4 2.88821E-5 2.74628E-5 6.83016E-5 7.58834E-6 5.37789E-6 2.08153E-5 1.53863E-5 1.65434E-5 3.41837E-5 3.20397E-5 1.11753E-4 5.87119E-5 1.22454E-6 3.30619E-6 5.21479E-6 1.02636E-6 2.06208E-6 2.12523E-6 2.66919E-6 4.03863E-6 8.14998E-6 5.68646E-6 8.86612E-6 2.10812E-5 9.99921E-6 1.32843E-6 6.10399E-6 5.2054E-6 1.27975E-6 2.93466E-6 2.59679E-6 6.18391E-6 5.61895E-6 6.55228E-6 1.97744E-6 7.34109E-6 1.6992E-5 1.68121E-5 8.02088E-5 6.34058E-5 5.07615E-5 3.49159E-5 4.04509E-5 2.74558E-5 8.90033E-5 3.48827E-4 3.03616E-4 3.26436E-4 3.25752E-4 1.74084E-4 8.40944E-5 4.31609E-4 3.57721E-4 1.99667E-4 4.83451E-4 2.84252E-4 3.99531E-4 3.37309E-4
1.24514E-4 6.907E-5 1.89524E-5 3.36594E-6 3.1219E-5 5.72802E-5 1.20189E-5 5.45678E-6 2.79197E-5 4.47417E-5 3.06528E-5 3.21259E-5 1.21788E-5 1.01477E-5 5.19677E-5 5.77638E-6 8.66264E-7 3.40452E-6 1.07523E-6 1.765E-6 9.36075E-7 9.31239E-7 1.86236E-6 1.99861E-6 6.92288E-6 1.51886E-5 7.52946E-6 1.82285E-6 1.55712E-6 3.35708E-6 2.57677E-6 3.93246E-6 7.97943E-6 1.20688E-5 1.93166E-5 2.41194E-5 3.67853E-6 2.39943E-6 1.17215E-5 2.26974E-5 6.50019E-5 3.58991E-5 3.37041E-5 4.70869E-5 2.54286E-4 4.59903E-5 9.68845E-5 9.16314E-5 6.86821E-5 6.8654E-5 8.56544E-5 1.16698E-4 1.75952E-4 1.8146E-4 2.9391E-4 4.98786E-4 4.4288E-4 3.42729E-4 2.77019E-4 3.95954E-4 5.48811E-4
9.9256E-5 7.6138E-5 7.68425E-5 1.05862E-4 1.62812E-4 2.04691E-5 2.62223E-5 9.12571E-6 1.045E-5 2.18202E-5 1.12949E-5 2.95526E-5 4.40729E-5 1.03587E-6 3.7033E-6 3.07544E-6 8.79496E-7 9.95983E-7 2.65432E-6 1.32095E-6 2.73221E-6 2.72337E-6 1.64227E-6 6.0764E-6 5.00158E-6 1.66643E-6 2.46928E-6 2.65605E-6 1.19304E-6 5.01036E-6 2.28346E-6 9.04104E-6 2.783E-5 2.21217E-5 2.79971E-5 2.60148E-5 3.76705E-5 3.33651E-5 5.35543E-5 4.28935E-5 5.87552E-5 9.37176E-5 7.15554E-5 7.95399E-5 1.89824E-4 2.62205E-4 3.08015E-4 3.8443E-4 7.44768E-5 7.19035E-5 2.70481E-4 2.39585E-4 1.3726E-4 1.15012E-4 1.17322E-4 2.38974E-4 3.75165E-4 4.89577E-4 2.56791E-4 6.4141E-4 6.31297E-4
4.61047E-5 5.50342E-4 2.39324E-4 1.76996E-4 5.04745E-5 1.17457E-5 1.50754E-5 2.39825E-6 4.23466E-6 1.61936E-6 2.16888E-5 2.14786E-5 5.22487E-5 1.88294E-5 9.63121E-7 9.59733E-7 9.45427E-7 1.95686E-6 2.08893E-6 1.03484E-6 1.15752E-6 1.53247E-6 8.46394E-6 1.38997E-5 2.59438E-6 4.52715E-6 1.20406E-6 3.43531E-6 4.61602E-6 3.40385E-5 3.59196E-5 2.64305E-5 3.22739E-5 2.99147E-5 2.19147E-5 5.18281E-5 6.06217E-5 2.72117E-5 3.80001E-5 6.83285E-5 2.95592E-5 3.75365E-5 4.05288E-5 7.37849E-5 9.43602E-5 6.21375E-5 7.73819E-5 4.29973E-4 3.84193E-4 7.55082E-5 3.08046E-4 7.9758E-5 4.69611E-4 1.29063E-4 1.98467E-4 1.40032E-4 2.42589E-4 3.07862E-4 6.06846E-4 2.46349E-4 5.97519E-4
3.36174E-5 7.56908E-5 3.98126E-4 2.57926E-4 2.26274E-4 2.60726E-4 4.29175E-5 5.61832E-6 1.03686E-6 9.93365E-7 2.44195E-6 8.6708E-6 3.33829E-5 2.666E-6 1.05367E-6 2.15269E-6 1.62948E-6 1.93434E-6 2.28415E-6 1.15014E-6 1.17428E-6 6.82824E-6 1.13712E-5 6.38195E-6 3.005E-6 8.10609E-6 3.04408E-6 7.79982E-6 3.05982E-5 4.94261E-5 4.46641E-5 5.28047E-5 3.56299E-5 3.66897E-5 1.80326E-5 3.90547E-5 6.06349E-5 7.37398E-5 6.09624E-5 7.17342E-5 6.86981E-5 6.38088E-5 7.50948E-5 7.74311E-5 2.94819E-4 2.74721E-4 2.55938E-4 3.08919E-4 2.50637E-4 1.23764E-4 1.84794E-4 1.06482E-4 2.11563E-4 1.03427E-4 5.02788E-4 2.02013E-4 1.18978E-4 3.56549E-4 5.57177E-4 6.66228E-4 2.99272E-4
3.65759E-5 4.59176E-5 6.4894E-5 1.70604E-4 3.36876E-5 3.0528E-5 2.54276E-5 7.24062E-6 1.95549E-6 2.49305E-6 6.72368E-6 1.09895E-5 3.00905E-5 1.02358E-6 2.23903E-6 4.99126E-6 2.42267E-5 1.28235E-6 2.01147E-6 1.79449E-6 2.08913E-6 1.06553E-5 1.95333E-5 1.551E-5 1.80597E-5 1.2338E-5 1.56635E-5 1.33957E-5 2.55498E-5 2.09325E-5 3.13597E-5 5.8651E-5 4.49911E-5 2.32738E-5 3.66844E-5 7.53197E-5 1.04217E-4 1.09009E-4 1.12108E-4 2.94696E-4 8.35085E-5 8.46653E-5 2.95308E-4 9.40072E-5 7.54225E-5 8.98774E-5 4.29811E-4 3.47548E-4 4.18497E-4 2.16696E-4 4.08587E-4 1.25815E-4 2.89421E-4 5.04357E-4 1.27557E-4 3.26779E-4 1.21158E-4 3.71321E-4 5.06841E-4 1.39067E-4 2.98079E-4
6.97559E-5 1.35591E-5 4.23669E-5 1.83888E-4 1.08901E-4 1.48569E-4 5.09927E-6 6.4348E-6 8.29587E-6 4.64649E-5 4.08355E-6 8.49964E-6 7.78491E-6 1.3368E-6 2.19148E-6 3.77217E-6 6.42319E-6 3.69547E-6 2.60988E-6 9.65804E-6 1.85769E-5 8.00555E-6 2.15427E-5 3.8351E-5 1.33963E-5 8.19002E-6 2.29506E-5 2.49115E-5 2.82187E-5 8.77692E-6 4.11571E-5 5.61677E-5 7.36404E-5 4.1737E-5 3.41543E-5 1.56302E-5 2.88526E-4 2.62551E-4 5.34665E-5 8.07371E-5 3.65875E-4 3.32283E-4 3.09487E-4 4.3004E-4 1.09071E-4 3.0073E-4 4.37883E-4 3.74254E-4 4.30691E-4 1.96306E-4 2.31326E-4 5.64472E-4 2.4235E-4 1.11407E-4 1.29231E-4 1.32573E-4 1.64941E-4 4.09153E-4 3.83857E-4 3.81166E-4 6.49103E-4
2.26205E-5 3.95298E-6 1.88383E-5 2.7366E-5 5.76833E-5 2.64788E-6 4.96926E-6 9.70219E-6 1.60507E-5 1.96426E-5 1.72287E-6 4.52095E-6 2.23644E-6 5.04107E-6 6.56997E-6 8.28992E-6 5.19099E-6 3.35874E-6 5.74328E-6 3.25945E-5 2.06235E-5 1.71504E-5 1.9471E-5 3.15992E-5 3.67835E-5 1.1997E-5 2.53788E-5 3.91244E-5 2.71154E-5 2.04599E-5 2.70519E-5 4.48598E-5 6.44982E-5 6.18419E-5 7.05562E-5 4.18116E-5 8.28957E-5 3.16671E-4 3.83374E-4 9.82411E-5 7.32767E-5 3.31663E-4 4.50152E-4 4.19455E-4 5.32447E-4 1.62787E-4 5.40057E-4 5.1765E-4 4.51016E-4 3.39764E-4 1.52319E-4 1.53493E-4 1.5817E-4 3.48207E-4 1.1867E-4 2.90826E-4 1.45063E-4 3.53389E-3 3.89334E-4 7.05495E-4 3.4652E-4
