day_2/Results/Podomys_floridanus/projections/PaleoClim/-11000/RUN_1.asc
ncols         385
nrows         252
xllcorner     -91.50013924285
yllcorner     25.49986064915003
cellsize      0.041666666500000005
NODATA_value  -9999
[rows 0 to 26 of 252, columns 244 to 304 of 385]
3.0193E-6 2.53547E-5 1.23942E-5 2.17703E-5 1.16292E-5 1.33714E-5 2.86856E-5 1.63142E-5 1.30854E-5 1.45312E-5 2.32828E-5 2.74767E-5 4.77459E-5 2.23678E-5 4.75756E-5 6.39684E-5 2.34735E-5 4.64345E-5 6.98645E-5 6.84313E-5 2.88168E-5 6.3426E-5 4.98017E-5 5.02557E-5 4.83341E-5 4.30824E-5 3.67601E-5 5.73545E-5 4.05757E-5 5.92415E-5 4.79949E-5 3.21355E-5 5.279E-5 8.91093E-5 5.47516E-5 3.88358E-5 2.94386E-5 3.33541E-5 5.91806E-5 5.87409E-5 4.73965E-5 2.90942E-5 4.93616E-5 5.09604E-5 3.10538E-5 2.5145E-5 2.85947E-5 4.48229E-5 1.81268E-5 4.61367E-5 1.65672E-5 3.78681E-5 1.39483E-5 2.51423E-5 3.37732E-5 8.08128E-5 8.59689E-5 4.08565E-5 4.60203E-5 5.19138E-5 1.00171E-4
1.35678E-5 1.22469E-5 2.26055E-5 2.18327E-5 1.94782E-5 1.64095E-5 3.88916E-5 2.79746E-5 1.79207E-5 1.66012E-5 2.53344E-5 2.98928E-5 3.18941E-5 5.9713E-5 2.13818E-5 5.60567E-5 3.97127E-5 2.804E-5 5.4369E-5 6.38248E-5 4.82259E-5 3.033E-5 5.18149E-5 5.86602E-5 3.99707E-5 3.81537E-5 2.80751E-5 7.56807E-5 6.9265E-5 6.27299E-5 5.09329E-5 2.95281E-5 5.49915E-5 7.27038E-5 7.2064E-5 4.56738E-5 3.60094E-5 3.19048E-5 4.57252E-5 4.77723E-5 3.73622E-5 4.93225E-5 5.09199E-5 2.73917E-5 1.89309E-5 2.37298E-5 2.5399E-5 4.47679E-5 3.20611E-5 1.45562E-5 4.68422E-5 4.71871E-5 2.12773E-5 2.61296E-5 3.91284E-5 1.26669E-4 8.8785E-5 4.78241E-5 4.78843E-5 3.83593E-5 5.26284E-5
1.51165E-5 1.73383E-6 2.04881E-5 2.57473E-5 1.6303E-5 2.12654E-5 1.76744E-5 2.11389E-5 3.37099E-5 2.9732E-5 3.77982E-5 3.3389E-5 4.41937E-5 5.64779E-5 3.10571E-5 2.88049E-5 7.72278E-5 4.85796E-5 3.00181E-5 7.41746E-5 6.31861E-5 3.56406E-5 6.05342E-5 5.84458E-5 4.46016E-5 3.99329E-5 4.62336E-5 7.8154E-5 8.75951E-5 5.2621E-5 8.4382E-5 6.16105E-5 5.19745E-5 5.63124E-5 5.18708E-5 6.84689E-5 3.32795E-5 4.40434E-5 2.7104E-5 2.89847E-5 4.94074E-5 3.135E-5 2.14439E-5 1.66445E-5 2.85669E-5 3.79245E-5 3.5037E-5 3.47053E-5 3.20069E-5 3.31524E-5 5.56831E-5 4.70865E-5 2.01549E-5 5.84419E-5 5.16682E-5 1.40923E-4 1.15392E-4 5.00595E-5 7.90478E-5 4.48574E-5 6.08885E-5
2.44338E-5 1.93302E-5 2.0233E-5 1.76951E-5 3.32081E-5 2.66994E-5 3.58749E-5 3.62838E-5 1.72507E-5 2.05202E-5 5.02695E-5 2.43328E-5 2.86383E-5 3.80962E-5 5.86945E-5 6.88976E-5 7.70353E-5 7.15164E-5 4.00699E-5 5.12424E-5 6.78561E-5 5.89562E-5 6.03908E-5 4.09041E-5 4.65574E-5 5.89836E-5 8.04784E-5 7.53575E-5 4.82314E-5 4.88275E-5 7.83823E-5 6.3652E-5 9.75975E-5 4.39881E-5 3.3173E-5 5.34014E-5 4.54551E-5 3.61291E-5 5.34024E-5 2.99706E-5 6.70534E-5 2.01619E-5 4.5077E-5 2.51864E-5 2.86215E-5 2.61021E-5 2.72615E-5 3.19945E-5 2.49873E-5 4.23271E-5 3.53179E-5 3.12011E-5 2.34207E-5 5.61523E-5 5.87287E-5 1.81959E-4 1.20021E-4 6.54591E-5 5.65503E-5 5.70019E-5 1.29835E-4
4.06395E-5 1.57028E-5 4.71434E-5 1.65685E-5 3.03663E-5 4.67649E-5 3.63236E-5 3.78282E-5 4.22069E-5 1.80327E-5 3.22366E-5 3.94679E-5 2.65425E-5 6.77062E-5 2.87363E-5 3.4115E-5 5.80682E-5 6.78213E-5 7.37842E-5 5.93773E-5 6.25025E-5 4.12629E-5 3.6416E-5 5.18728E-5 6.24768E-5 5.45703E-5 5.9546E-5 3.78742E-5 3.39955E-5 3.16532E-5 7.65088E-5 9.7725E-5 9.47086E-5 4.89931E-5 6.18616E-5 2.49684E-5 4.01641E-5 4.47429E-5 2.50727E-5 3.97936E-5 4.29544E-5 4.71333E-5 4.37112E-5 2.94673E-5 3.35109E-5 1.87578E-5 1.64649E-5 2.81852E-5 3.33984E-5 4.41886E-5 3.42849E-5 4.41046E-5 5.48489E-5 2.7886E-5 8.91268E-5 1.87022E-4 1.09937E-4 5.24068E-5 5.93847E-5 9.36193E-5 9.33112E-5
2.56962E-5 2.93507E-5 3.61169E-5 1.71277E-5 4.32388E-5 3.19198E-5 5.80995E-5 3.80276E-5 3.96511E-5 2.51426E-5 2.23477E-5 2.99814E-5 3.98479E-5 4.8261E-5 5.28025E-5 5.13884E-5 5.29844E-5 4.73805E-5 7.05488E-5 6.18734E-5 8.87654E-5 4.84259E-5 6.11784E-5 5.76512E-5 6.45334E-5 4.46283E-5 8.22884E-5 7.37282E-5 2.47859E-5 7.40465E-5 1.12942E-4 1.16654E-4 7.78274E-5 4.9206E-5 2.92917E-5 4.88214E-5 2.57759E-5 4.34271E-5 4.91902E-5 4.01032E-5 3.25431E-5 6.82339E-5 1.94192E-5 4.32256E-5 2.39787E-5 3.03714E-5 1.88044E-5 1.93209E-5 2.30346E-5 3.90481E-5 3.16775E-5 4.0385E-5 6.246E-5 7.70185E-5 7.92495E-5 1.54722E-4 6.96755E-5 5.9044E-5 5.92887E-5 5.99957E-5 7.56072E-5
1.02929E-5 2.97061E-5 1.51076E-5 2.31419E-5 2.41197E-5 3.90757E-5 3.46334E-5 6.40544E-5 6.91049E-5 6.1253E-5 5.4789E-5 3.96078E-5 4.47691E-5 5.29533E-5 5.30265E-5 5.30999E-5 5.22502E-5 6.9818E-5 6.05897E-5 3.36507E-5 4.88486E-5 1.00074E-4 7.98547E-5 7.51276E-5 8.56932E-5 5.22072E-5 3.68725E-5 4.66351E-5 2.58916E-5 5.51804E-5 3.82188E-5 7.289E-5 1.0978E-4 7.19196E-5 4.84764E-5 3.26582E-5 3.78568E-5 3.6239E-5 5.43932E-5 7.3686E-5 4.4953E-5 6.78829E-5 5.0017E-5 6.07367E-5 4.50696E-5 3.29697E-5 2.82434E-5 3.28919E-5 3.85985E-5 3.17194E-5 3.69312E-5 3.23263E-5 3.41875E-5 6.39905E-5 8.45641E-5 1.26663E-4 6.85547E-5 7.67694E-5 5.48957E-5 1.2168E-4 1.06652E-4
2.18793E-5 5.12133E-5 2.56298E-5 3.4678E-5 2.8449E-5 7.27288E-5 2.53062E-5 4.08644E-5 4.23847E-5 3.37699E-5 2.98907E-5 7.54837E-5 3.12346E-5 4.16449E-5 5.30136E-5 6.99511E-5 7.29066E-5 6.34083E-5 4.30774E-5 6.43507E-5 6.71386E-5 5.94344E-5 6.12047E-5 6.39789E-5 7.6128E-5 4.81421E-5 4.78463E-5 5.45453E-5 4.87295E-5 4.53124E-5 3.56577E-5 9.44866E-5 1.00538E-4 7.74442E-5 4.461E-5 1.77332E-5 4.32444E-5 3.20705E-5 5.67237E-5 4.59185E-5 5.97903E-5 6.75904E-5 2.19432E-5 6.8026E-5 2.88694E-5 5.3224E-5 3.02426E-5 3.9272E-5 4.71271E-5 6.01215E-5 7.01307E-5 9.74221E-5 1.01451E-4 1.06325E-4 1.42152E-4 1.00781E-4 8.07826E-5 6.45002E-5 7.22708E-5 8.05189E-5 5.55459E-5
4.33173E-5 3.97501E-5 2.08715E-5 3.05586E-5 3.97334E-5 5.15447E-5 2.53392E-5 2.35147E-5 4.46357E-5 6.29149E-5 3.10439E-5 7.31531E-5 2.86105E-5 4.16425E-5 5.52134E-5 5.46864E-5 5.69866E-5 4.82089E-5 5.69714E-5 5.03945E-5 3.93697E-5 3.80455E-5 5.25755E-5 6.13523E-5 6.61754E-5 7.91793E-5 3.97891E-5 5.00721E-5 4.16192E-5 3.27932E-5 7.0148E-5 1.01379E-4 1.07584E-4 5.21257E-5 5.31991E-5 4.88367E-5 2.40344E-5 4.80614E-5 7.37424E-5 3.56979E-5 4.8949E-5 2.58397E-5 2.58023E-5 8.09529E-5 4.61121E-5 3.87349E-5 3.61629E-5 6.72894E-5 3.27088E-5 5.66588E-5 4.99609E-5 8.29427E-5 5.23723E-5 8.69721E-5 1.30458E-4 8.35745E-5 5.67766E-5 9.32789E-5 8.30339E-5 1.58686E-4 1.14228E-4
2.8283E-5 2.45754E-5 2.45817E-5 4.33951E-5 3.24575E-5 5.39429E-5 3.80753E-5 5.88674E-5 3.65476E-5 6.45429E-5 4.12202E-5 7.89282E-5 7.88805E-5 3.23925E-5 4.30575E-5 3.35067E-5 3.35348E-5 5.03456E-5 5.04206E-5 4.49598E-5 4.09044E-5 2.89313E-5 6.18218E-5 5.69072E-5 6.63212E-5 4.84594E-5 5.22968E-5 4.86406E-5 5.23048E-5 3.44044E-5 7.21525E-5 9.36802E-5 1.07574E-4 9.92148E-5 1.77553E-5 2.69493E-5 5.64333E-5 5.00416E-5 6.54785E-5 6.2406E-5 5.05875E-5 5.04029E-5 2.49927E-5 7.4806E-5 6.90957E-5 4.04775E-5 4.78202E-5 3.75741E-5 4.45146E-5 5.18416E-5 3.81897E-5 4.29454E-5 4.82869E-5 1.16103E-4 1.66113E-4 7.73199E-5 7.72495E-5 9.61472E-5 9.04274E-5 2.02512E-4 1.04081E-4
3.31907E-5 2.29439E-5 5.3735E-5 2.95312E-5 4.96082E-5 1.63853E-5 3.35869E-5 5.28453E-5 6.36282E-5 4.07614E-5 4.06815E-5 3.78172E-5 3.84079E-5 4.4554E-5 4.99825E-5 8.62135E-5 2.95565E-5 3.92836E-5 5.87026E-5 3.54849E-5 5.31631E-5 4.6333E-5 5.42077E-5 4.64773E-5 4.14015E-5 4.31195E-5 7.13473E-5 3.70109E-5 9.79021E-5 6.05022E-5 6.80333E-5 7.06359E-5 1.03768E-4 6.08174E-5 5.14029E-5 3.58102E-5 4.20425E-5 3.59064E-5 7.90447E-5 5.72086E-5 3.9757E-5 5.72369E-5 2.82596E-5 6.39669E-5 7.21769E-5 8.54071E-5 5.02102E-5 7.35229E-5 7.49098E-5 6.97498E-5 7.28759E-5 3.97493E-5 7.44273E-5 1.5104E-4 1.50316E-4 1.00026E-4 6.94036E-5 1.88244E-4 2.1071E-4 1.55474E-4 1.48491E-4
4.15517E-5 3.03943E-5 3.97555E-5 3.82283E-5 2.60007E-5 3.92062E-5 5.19379E-5 2.64618E-5 5.03097E-5 6.25251E-5 6.26747E-5 3.97241E-5 6.293E-5 5.60247E-5 6.54358E-5 8.3285E-5 4.84436E-5 3.85295E-5 6.05443E-5 5.43876E-5 3.14727E-5 4.50325E-5 3.68514E-5 2.91285E-5 3.83076E-5 5.67511E-5 5.04114E-5 4.8625E-5 3.18907E-5 6.01895E-5 9.1981E-5 7.29323E-5 7.73107E-5 3.29256E-5 6.32796E-5 4.20673E-5 4.39321E-5 3.90167E-5 6.16824E-5 7.46332E-5 5.89254E-5 5.91005E-5 3.30238E-5 3.45116E-5 8.25908E-5 4.60301E-5 4.65448E-5 8.8377E-5 5.58346E-5 4.98642E-5 5.61744E-5 1.1933E-4 9.26339E-5 1.3541E-4 1.09341E-4 1.22877E-4 1.75439E-4 2.02604E-4 8.80353E-5 9.82852E-5 9.83582E-5
3.83736E-5 4.00024E-5 3.07054E-5 5.12881E-5 5.07305E-5 4.58512E-5 6.03758E-5 4.75123E-5 3.63451E-5 6.28355E-5 4.45232E-5 4.44946E-5 9.19981E-5 5.24181E-5 6.35413E-5 4.8481E-5 6.07943E-5 5.04236E-5 5.62486E-5 5.02797E-5 5.01712E-5 3.96759E-5 3.26496E-5 3.42703E-5 3.39196E-5 4.5043E-5 4.14841E-5 7.76543E-5 6.93128E-5 9.09622E-5 1.17581E-4 9.33441E-5 8.32144E-5 1.10382E-4 6.96057E-5 5.77265E-5 4.06949E-5 4.76086E-5 6.42292E-5 4.59254E-5 4.83167E-5 4.72763E-5 6.21934E-5 6.44085E-5 6.00134E-5 7.63528E-5 8.79325E-5 5.59155E-5 1.01143E-4 1.05542E-4 1.14479E-4 6.35193E-5 1.53937E-4 1.87647E-4 1.49142E-4 1.16782E-4 1.96851E-4 2.26099E-4 1.30737E-4 1.3236E-4 1.32528E-4
3.55027E-5 3.55658E-5 5.55062E-5 6.62295E-5 2.82239E-5 4.70627E-5 6.19869E-5 5.77691E-5 4.57917E-5 4.57115E-5 5.77655E-5 4.0796E-5 6.35538E-5 8.31955E-5 7.88355E-5 7.90573E-5 6.28119E-5 6.57631E-5 9.56228E-5 4.66425E-5 3.83439E-5 4.49756E-5 4.46753E-5 3.57657E-5 3.6807E-5 4.69006E-5 1.12638E-4 9.60822E-5 9.13527E-5 7.13108E-5 8.48181E-5 1.20827E-4 1.64977E-4 1.4852E-5 6.45738E-5 6.73555E-5 4.94557E-5 8.93463E-5 4.47867E-5 6.46308E-5 7.51923E-5 6.15718E-5 9.27017E-5 5.00082E-5 7.37068E-5 1.09468E-4 5.60412E-5 4.98116E-5 1.01323E-4 4.47329E-5 7.75314E-5 1.5304E-4 6.40582E-5 8.40455E-5 1.41449E-4 1.3852E-4 1.11199E-4 1.43848E-4 1.49373E-4 2.35945E-4 1.76311E-4
3.57704E-5 4.00524E-5 6.0381E-5 4.86934E-5 7.24872E-5 6.88652E-5 5.33504E-5 4.01677E-5 6.73525E-5 5.33554E-5 5.34674E-5 4.28549E-5 5.00843E-5 6.26466E-5 8.23282E-5 6.07161E-5 6.51098E-5 3.79008E-5 6.2831E-5 4.29865E-5 3.52252E-5 5.85634E-5 3.70672E-5 4.13866E-5 8.35214E-5 5.46447E-5 6.39934E-5 6.48465E-5 1.21824E-4 5.97782E-5 7.93588E-5 8.17958E-5 4.63921E-5 9.68966E-5 8.78256E-5 6.99532E-5 5.15231E-5 1.13123E-4 6.48979E-5 6.76697E-5 7.88055E-5 4.43058E-5 1.19663E-4 6.60536E-5 1.11593E-4 7.88905E-5 5.60705E-5 5.00094E-5 1.01707E-4 1.24623E-4 1.47504E-4 9.39658E-5 1.21511E-4 9.72588E-5 1.13602E-4 1.16708E-4 8.19339E-5 1.17205E-4 1.2354E-4 1.11153E-4 2.50158E-4
7.8013E-5 6.66744E-5 3.49205E-5 9.1656E-5 5.73889E-5 8.16636E-5 5.60185E-5 6.96115E-5 6.20275E-5 6.21292E-5 4.41508E-5 3.76894E-5 3.50993E-5 5.55338E-5 8.2304E-5 8.48964E-5 1.21907E-4 7.10063E-5 5.22333E-5 5.59544E-5 7.75224E-5 6.06323E-5 8.25832E-5 6.32157E-5 9.88364E-5 9.82646E-5 5.8749E-5 5.3005E-5 9.94617E-5 6.9348E-5 1.17152E-4 6.43468E-5 3.86963E-5 4.79076E-5 4.99374E-5 1.05785E-4 1.49655E-4 1.185E-4 4.62491E-5 6.05418E-5 6.82828E-5 1.11064E-4 8.0133E-5 1.20586E-4 7.88575E-5 1.19274E-4 9.88746E-5 1.45743E-4 1.3506E-4 5.70141E-5 5.96776E-5 8.68132E-5 1.0852E-4 1.02004E-4 1.30334E-4 1.31164E-4 1.68502E-4 1.52393E-4 2.16773E-4 1.81806E-4 2.03921E-4
4.72853E-5 5.63019E-5 5.44016E-5 6.49469E-5 6.77661E-5 3.75548E-5 4.43652E-5 1.01491E-4 5.713E-5 4.92862E-5 3.48054E-5 3.78082E-5 4.1485E-5 1.0406E-4 8.47886E-5 8.48733E-5 1.11949E-4 1.13608E-4 7.31257E-5 7.32298E-5 7.0812E-5 1.18796E-4 6.77582E-5 1.02673E-4 7.44977E-5 6.20091E-5 6.12864E-5 1.26772E-4 5.55298E-5 8.34877E-5 1.17206E-4 8.19086E-5 1.45118E-4 8.17611E-5 7.62223E-5 6.71681E-5 1.4576E-4 3.30217E-5 7.9698E-5 1.14003E-4 1.39348E-4 8.96708E-5 1.04331E-4 1.07788E-4 1.15835E-4 1.29315E-4 1.40481E-4 7.40182E-5 8.28888E-5 8.68551E-5 6.94904E-5 1.47053E-4 1.65259E-4 1.46042E-4 9.45319E-5 2.12798E-4 1.0723E-4 2.19961E-4 1.8378E-4 1.48794E-4 2.13923E-4
3.48477E-5 5.87686E-5 4.80758E-5 6.07696E-5 4.27923E-5 7.05382E-5 5.75887E-5 1.02878E-4 4.04409E-5 3.62368E-5 3.92565E-5 7.25289E-5 6.45789E-5 4.52565E-5 4.52579E-5 7.58996E-5 1.11736E-4 8.74725E-5 5.93798E-5 1.0044E-4 9.88966E-5 7.53456E-5 7.7092E-5 4.51535E-5 1.26925E-4 7.9854E-5 1.21084E-4 8.82013E-5 8.34848E-5 1.24419E-4 3.20157E-4 2.28823E-4 2.51011E-4 7.93187E-5 7.05394E-5 1.93179E-4 1.54211E-4 6.20287E-5 1.35829E-4 7.70609E-5 1.79404E-4 7.19628E-5 6.59728E-5 8.6833E-5 7.73099E-5 9.96201E-5 1.16933E-4 1.2025E-4 9.72631E-5 1.00383E-4 8.96015E-5 9.44338E-5 1.796E-4 1.60194E-4 9.50449E-5 1.69376E-4 1.14191E-4 1.83244E-4 2.0927E-4 1.51721E-4 1.96653E-4
9.97727E-5 4.1737E-5 1.41182E-4 3.79172E-5 6.25249E-5 5.38585E-5 9.4344E-5 8.46068E-5 5.27584E-5 3.61623E-5 5.13781E-5 8.44034E-5 7.49071E-5 6.01682E-5 6.03311E-5 6.71995E-5 7.01247E-5 6.96333E-5 1.1524E-4 1.30699E-4 7.07011E-5 1.26123E-4 4.68623E-5 1.11669E-4 8.02021E-5 8.25499E-5 1.03521E-4 5.98343E-5 6.95413E-5 8.96056E-5 1.02505E-4 1.25566E-4 1.83273E-4 1.19255E-4 1.08335E-4 3.40825E-4 3.36269E-4 2.48405E-4 1.41785E-4 9.047E-5 9.03767E-5 8.4309E-5 1.9517E-4 9.71574E-5 1.11897E-4 9.33526E-5 1.047E-4 1.34883E-4 1.41429E-4 1.45435E-4 1.34322E-4 1.07632E-4 8.81576E-5 9.89201E-5 9.82966E-5 1.41625E-4 1.46616E-4 1.88115E-4 2.18471E-4 1.38236E-4 2.45829E-4
6.11769E-5 7.07193E-5 1.155E-4 4.4072E-5 2.52787E-5 7.11491E-5 8.27443E-5 7.85275E-5 3.73607E-5 5.91659E-5 6.1775E-5 7.85152E-5 7.00926E-5 5.31797E-5 8.77843E-5 6.29088E-5 5.27591E-5 1.15048E-4 1.55427E-4 1.50972E-4 7.4544E-5 6.94237E-5 8.0164E-5 7.18045E-5 8.34619E-5 6.68411E-5 6.18843E-5 7.75079E-5 1.05816E-4 1.05002E-4 9.36178E-5 1.49998E-4 1.06389E-4 1.57737E-4 1.28455E-4 1.50789E-4 3.1062E-4 2.72721E-4 1.48502E-4 9.07603E-5 1.52148E-4 1.09821E-4 9.8424E-5 1.85341E-4 2.09472E-4 8.08674E-5 1.66099E-4 1.22954E-4 1.57774E-4 1.6306E-4 1.6425E-4 2.1679E-4 1.5673E-4 1.25735E-4 1.45977E-4 2.00675E-4 1.87924E-4 1.37614E-4 1.90958E-4 2.21343E-4 2.51692E-4
6.91002E-5 4.08622E-5 6.84156E-5 7.94582E-5 7.58805E-5 4.98987E-5 8.55739E-5 6.962E-5 6.44578E-5 8.1065E-5 6.51333E-5 7.28837E-5 7.28114E-5 1.01156E-4 9.09773E-5 5.0253E-5 8.78048E-5 1.33171E-4 1.53736E-4 8.72045E-5 9.90945E-5 1.14143E-4 9.20657E-5 8.52717E-5 8.58487E-5 9.722E-5 1.27147E-4 1.30363E-4 7.49211E-5 1.36613E-4 7.87731E-5 8.83632E-5 1.09068E-4 1.2679E-4 1.71743E-4 2.2499E-4 2.74829E-4 2.65655E-4 1.95427E-4 1.05187E-4 1.10201E-4 1.57489E-4 1.14195E-4 1.06299E-4 9.49069E-5 1.358E-4 1.56611E-4 1.57131E-4 9.10803E-5 1.7218E-4 2.36383E-4 1.54133E-4 1.96526E-4 2.65081E-4 1.43622E-4 1.66573E-4 1.6769E-4 1.91296E-4 1.99718E-4 4.34924E-4 2.88698E-4
8.78172E-5 3.59429E-5 2.96134E-5 4.97661E-5 6.59359E-5 8.28395E-5 1.14542E-4 4.58658E-5 8.56977E-5 1.0641E-4 1.32146E-4 9.34349E-5 1.04671E-4 7.56061E-5 5.16695E-5 6.668E-5 1.28089E-4 1.38282E-4 1.18459E-4 7.64226E-5 8.8636E-5 7.94189E-5 9.18661E-5 1.06014E-4 1.10711E-4 1.87031E-4 9.92155E-5 1.31819E-4 1.72834E-4 1.22703E-4 1.41014E-4 1.2747E-4 1.45475E-4 1.30822E-4 2.63898E-4 1.78035E-4 1.36599E-4 3.4472E-4 2.84146E-4 1.231E-4 1.4252E-4 1.63677E-4 1.31966E-4 1.51705E-4 1.2339E-4 1.14234E-4 2.53708E-4 9.12561E-5 2.07035E-4 1.09851E-4 7.83711E-5 2.09412E-4 1.41691E-4 1.27425E-4 1.32257E-4 1.20281E-4 1.9E-4 2.20262E-4 2.05736E-4 3.67558E-4 2.68842E-4
4.19411E-5 7.55942E-5 4.98054E-5 6.49778E-5 6.5514E-5 6.07521E-5 1.19145E-4 8.58636E-5 4.24925E-5 8.88036E-5 1.3691E-4 1.10278E-4 8.48113E-5 5.38488E-5 5.24304E-5 6.40798E-5 9.03813E-5 9.52526E-5 9.59193E-5 9.94919E-5 1.1523E-4 1.06678E-4 9.47146E-5 2.0272E-4 2.20655E-4 2.39329E-4 1.12344E-4 1.154E-4 1.71858E-4 1.39471E-4 1.25114E-4 1.17948E-4 9.06608E-5 1.17431E-4 1.77862E-4 3.71184E-4 2.58549E-4 2.28192E-4 1.5846E-4 1.82167E-4 3.18433E-4 1.37818E-4 1.68653E-4 1.74225E-4 2.01384E-4 1.14186E-4 1.3212E-4 2.12408E-4 1.82016E-4 1.95011E-4 1.14041E-4 2.19225E-4 2.01956E-4 1.69232E-4 1.70317E-4 1.98618E-4 2.03459E-4 1.8515E-4 3.56599E-4 3.64645E-4 2.52022E-4
9.89404E-5 7.93989E-5 7.55168E-5 6.70102E-5 5.36792E-5 7.60602E-5 9.86228E-5 1.10399E-4 5.39111E-5 6.57355E-5 1.09601E-4 4.98342E-5 8.80131E-5 5.44362E-5 1.0075E-4 1.1202E-4 7.1404E-5 7.59418E-5 1.24379E-4 1.28626E-4 1.3441E-4 2.28655E-4 2.56616E-4 2.29269E-4 2.57999E-4 1.25419E-4 1.50406E-4 1.19031E-4 1.58372E-4 1.1349E-4 1.01631E-4 9.16569E-5 8.19731E-5 1.0313E-4 1.88082E-4 1.08754E-4 1.51071E-4 3.15347E-4 1.91202E-4 2.17474E-4 1.9562E-4 1.58756E-4 2.94412E-4 1.57191E-4 1.79727E-4 2.08063E-4 1.37138E-4 1.10006E-4 2.7453E-4 2.42517E-4 2.01773E-4 1.32785E-4 1.69583E-4 1.53575E-4 2.17325E-4 2.03484E-4 2.27644E-4 1.92645E-4 3.02192E-4 4.6422E-4 2.53977E-4
1.03935E-4 1.17328E-4 7.49623E-5 4.93196E-5 2.9331E-5 3.90965E-5 4.43403E-5 1.02952E-4 9.61948E-5 6.25625E-5 1.26745E-4 6.53447E-5 5.62617E-5 9.26661E-5 1.14602E-4 1.03023E-4 6.70375E-5 7.0053E-5 1.11892E-4 1.4529E-4 1.20843E-4 3.29531E-4 2.89309E-4 1.22671E-4 1.57397E-4 1.62917E-4 1.90152E-4 1.53175E-4 1.22139E-4 8.83471E-5 2.20676E-4 1.0033E-4 1.58156E-4 1.00437E-4 2.60218E-4 1.92135E-4 2.90729E-4 1.70572E-4 2.15825E-4 1.7574E-4 1.57072E-4 2.61761E-4 3.04674E-4 2.7485E-4 1.19126E-4 1.88421E-4 2.14928E-4 1.43146E-4 1.15336E-4 1.46641E-4 2.0298E-4 2.0877E-4 2.16327E-4 2.03457E-4 2.04152E-4 2.33305E-4 2.99091E-4 2.7175E-4 2.22376E-4 3.82848E-4 3.20415E-4
4.90957E-5 1.2758E-4 7.2647E-5 5.73919E-5 4.56821E-5 4.57347E-5 5.56599E-5 8.53586E-5 7.63504E-5 8.50393E-5 1.24762E-4 1.06675E-4 1.05614E-4 9.47312E-5 8.32162E-5 1.06874E-4 1.07679E-4 1.35029E-4 1.44269E-4 1.07543E-3 1.85284E-3 3.16928E-4 1.72062E-4 1.76713E-4 1.62802E-4 2.63782E-4 1.11522E-4 1.11292E-4 2.21494E-4 2.86641E-4 1.00291E-4 1.43713E-4 1.30835E-4 2.64187E-4 1.92669E-4 1.79452E-4 1.96044E-4 2.23085E-4 1.56762E-4 3.38536E-4 3.03443E-4 1.77511E-4 2.0455E-4 1.8485E-4 2.12175E-4 3.30151E-4 1.95337E-4 2.00588E-4 1.64037E-4 1.67519E-4 1.74721E-4 1.76072E-4 1.96441E-4 2.53617E-4 2.89337E-4 2.70966E-4 2.718E-4 3.04609E-4 3.84464E-4 4.36711E-4 4.51242E-4
9.04991E-5 5.07437E-5 1.05054E-4 9.62817E-5 6.58075E-5 9.43576E-5 7.34713E-5 6.45997E-5 4.63763E-5 5.40599E-5 1.56695E-4 1.17896E-4 6.04103E-5 1.35198E-4 6.67575E-5 7.49905E-5 1.72907E-4 1.65845E-4 8.93593E-5 2.11067E-3 3.04607E-4 1.52847E-4 1.75554E-4 1.82687E-4 2.338E-4 2.38879E-4 1.00107E-4 2.42345E-4 1.34877E-4 2.7794E-4 1.25973E-4 1.8389E-4 2.11893E-4 1.56793E-4 2.235E-4 2.81622E-4 1.45873E-4 3.11968E-4 1.25671E-4 3.38596E-4 3.43475E-4 1.84131E-4 2.59445E-4 2.12359E-4 2.18027E-4 2.20239E-4 2.2417E-4 2.09059E-4 1.6987E-4 1.75421E-4 1.95292E-4 2.01689E-4 2.24747E-4 2.33574E-4 2.70762E-4 2.72576E-4 2.80276E-4 3.13496E-4 2.94916E-4 3.63924E-4 5.67863E-4
