day_2/Results/Podomys_floridanus/projections/PaleoClim/-11000/RUN_2.asc
ncols         385
nrows         252
xllcorner     -91.50013924285
yllcorner     25.49986064915003
cellsize      0.041666666500000005
NODATA_value  -9999
[rows 162 to 188 of 252, columns 183 to 243 of 385]
6.44474E-2 6.42715E-2 6.70612E-2 6.68847E-2 7.0105E-2 7.06814E-2 7.32151E-2 7.67011E-2 7.89074E-2 7.96952E-2 8.17573E-2 8.48965E-2 8.67381E-2 9.08088E-2 9.22557E-2 9.36062E-2 9.61718E-2 7.91055E-2 7.73824E-2 9.91182E-2 9.86069E-2 9.64437E-2 9.47804E-2 9.27279E-2 9.14788E-2 8.64268E-2 8.89866E-2 9.18664E-2 8.98541E-2 9.25792E-2 8.92569E-2 9.01113E-2 8.44098E-2 8.33978E-2 8.47546E-2 8.71675E-2 8.68055E-2 8.93989E-2 6.04817E-2 8.57866E-2 8.58387E-2 8.63268E-2 8.35522E-2 8.57956E-2 8.82889E-2 8.80535E-2 8.76845E-2 9.25464E-2 9.60381E-2 9.68867E-2 3.04729E-2 3.11962E-2 3.17703E-2 3.14366E-2 3.20855E-2 3.38499E-2 3.31302E-2 3.35472E-2 3.31714E-2 3.38782E-2 1.41335E-1
6.51803E-2 6.5189E-2 6.86695E-2 7.11299E-2 7.07816E-2 7.43659E-2 7.49072E-2 7.73605E-2 8.0761E-2 8.02466E-2 8.35815E-2 8.56112E-2 8.87798E-2 9.05592E-2 9.35473E-2 9.58102E-2 9.65724E-2 8.12027E-2 5.15604E-2 1.02284E-1 1.04538E-1 1.01022E-1 1.02076E-1 1.01459E-1 9.79676E-2 9.74256E-2 9.18223E-2 9.09196E-2 9.29739E-2 9.58658E-2 9.34319E-2 9.31489E-2 8.7407E-2 8.56384E-2 8.77175E-2 8.77233E-2 8.7473E-2 8.60839E-2 8.721E-2 8.75518E-2 8.54722E-2 8.55917E-2 8.48942E-2 8.59739E-2 8.81734E-2 9.03477E-2 9.25402E-2 9.36239E-2 9.77461E-2 9.79868E-2 2.10229E-2 3.04278E-2 3.13845E-2 3.1566E-2 3.2138E-2 3.37337E-2 3.48087E-2 3.50045E-2 3.53572E-2 1.53522E-1 1.47967E-1
6.67241E-2 6.9258E-2 6.91746E-2 7.18139E-2 7.25524E-2 7.47917E-2 7.57587E-2 7.79253E-2 8.15089E-2 8.11706E-2 8.44196E-2 8.66935E-2 8.97778E-2 9.27725E-2 9.42774E-2 9.57541E-2 9.86445E-2 8.24058E-2 5.28139E-2 8.39993E-2 1.03545E-1 8.37587E-2 1.02188E-1 1.01828E-1 1.01631E-1 9.88591E-2 9.63315E-2 9.31845E-2 9.30661E-2 9.5856E-2 9.46101E-2 9.41108E-2 9.29853E-2 6.29203E-2 9.05372E-2 9.50131E-2 9.47514E-2 9.11417E-2 9.15004E-2 8.91924E-2 8.96903E-2 8.7674E-2 8.89768E-2 9.00649E-2 9.08954E-2 9.40155E-2 9.67425E-2 9.37628E-2 9.36868E-2 1.00909E-1 3.33807E-2 3.21879E-2 3.26562E-2 3.39832E-2 3.37323E-2 3.41562E-2 3.58973E-2 3.68612E-2 1.55362E-1 1.56928E-1 1.54409E-1
6.89546E-2 7.06957E-2 7.33814E-2 7.36083E-2 7.59707E-2 7.57041E-2 7.9275E-2 8.00185E-2 8.25976E-2 8.45525E-2 8.52603E-2 8.8629E-2 9.06722E-2 9.25836E-2 9.55911E-2 9.78504E-2 9.92266E-2 8.09782E-2 5.26501E-2 2.22207E-1 8.49547E-2 8.34508E-2 1.03471E-1 1.01879E-1 1.02429E-1 1.02616E-1 1.01921E-1 9.69064E-2 9.44916E-2 9.53938E-2 9.65682E-2 9.89446E-2 9.59626E-2 9.64313E-2 9.38531E-2 9.72561E-2 9.42816E-2 9.32135E-2 9.28334E-2 9.35835E-2 9.26403E-2 6.45742E-2 9.16423E-2 8.9611E-2 9.02576E-2 9.11091E-2 9.58012E-2 9.85162E-2 9.826E-2 1.04601E-1 3.35469E-2 3.33016E-2 3.32517E-2 3.35602E-2 3.56423E-2 3.56046E-2 3.50472E-2 1.55726E-1 1.59963E-1 3.3323E-1 1.57845E-1
7.07076E-2 7.05096E-2 7.39576E-2 7.49361E-2 7.76425E-2 7.75375E-2 7.97858E-2 7.98009E-2 8.21217E-2 8.66675E-2 8.61734E-2 8.84481E-2 9.06777E-2 9.46884E-2 9.41521E-2 9.58323E-2 9.77202E-2 1.02908E-1 3.33923E-1 2.23733E-1 8.49566E-2 8.5164E-2 1.06134E-1 1.0512E-1 1.04079E-1 1.04462E-1 1.04755E-1 1.04069E-1 9.91176E-2 9.92094E-2 1.01373E-1 1.03122E-1 9.88048E-2 9.81782E-2 9.7624E-2 9.87772E-2 9.66673E-2 9.84732E-2 9.49851E-2 9.45914E-2 9.68426E-2 9.68973E-2 9.29785E-2 9.04988E-2 9.38909E-2 9.25578E-2 9.53345E-2 9.78837E-2 1.02699E-1 1.06207E-1 1.02723E-1 3.42386E-2 3.37512E-2 3.41935E-2 3.40421E-2 3.53599E-2 3.56767E-2 1.53808E-1 1.55878E-1 3.3793E-1 1.65745E-1
7.23249E-2 7.49255E-2 7.47163E-2 7.7421E-2 7.73159E-2 7.72103E-2 8.19058E-2 8.42235E-2 8.41075E-2 8.65536E-2 8.59273E-2 9.04091E-2 9.25213E-2 9.25337E-2 9.41524E-2 9.74611E-2 3.85639E-1 3.89931E-1 3.36856E-1 3.42872E-1 3.37565E-1 3.38233E-1 4.08746E-1 1.05948E-1 1.05895E-1 1.07078E-1 1.0581E-1 1.06988E-1 1.04987E-1 1.0066E-1 1.02111E-1 1.00466E-1 9.7066E-2 9.59847E-2 9.47259E-2 9.96495E-2 9.89065E-2 1.00939E-1 9.91366E-2 9.83011E-2 9.91461E-2 9.81291E-2 1.00566E-1 9.58439E-2 9.48411E-2 9.81118E-2 4.91652E-2 9.98367E-2 1.0081E-1 1.05528E-1 1.07591E-1 3.62957E-2 3.70671E-2 3.68242E-2 3.72818E-2 3.54024E-2 3.61364E-2 3.70831E-2 1.63607E-1 3.47103E-1 3.602E-1
7.33017E-2 7.58977E-2 7.64457E-2 7.92897E-2 7.90777E-2 8.15025E-2 8.13903E-2 8.5079E-2 8.50905E-2 8.85154E-2 8.80173E-2 9.05561E-2 9.28013E-2 3.69084E-1 3.75202E-1 3.81978E-1 3.88004E-1 3.96243E-1 3.99255E-1 2.67739E-1 3.44639E-1 3.40983E-1 4.11278E-1 4.1071E-1 4.10595E-1 1.08061E-1 1.0994E-1 1.10284E-1 1.0879E-1 1.05148E-1 1.03783E-1 1.06991E-1 4.06174E-2 1.01633E-1 1.00888E-1 9.95405E-2 1.02749E-1 1.04029E-1 1.0182E-1 1.00012E-1 1.01582E-1 9.77303E-2 9.94034E-2 1.01416E-1 9.82897E-2 9.6863E-2 1.00574E-1 1.01096E-1 1.02867E-1 1.07435E-1 1.14495E-1 1.13076E-1 3.75742E-2 3.66196E-2 3.84892E-2 3.88059E-2 3.78902E-2 1.69262E-1 1.68952E-1 3.56038E-1 3.60705E-1
7.75281E-2 7.75343E-2 8.03998E-2 8.01167E-2 8.36698E-2 8.35574E-2 8.34423E-2 8.63077E-2 8.6072E-2 8.85249E-2 9.18036E-2 9.25666E-2 3.70439E-1 3.69118E-1 3.74775E-1 3.85897E-1 3.12885E-1 3.17691E-1 3.20999E-1 3.2483E-1 2.73691E-1 3.47283E-1 4.17812E-1 4.11238E-1 4.10135E-1 4.17216E-1 4.12134E-1 1.13071E-1 1.13214E-1 1.11069E-1 1.09577E-1 1.1048E-1 1.14365E-1 1.06489E-1 1.04897E-1 1.01705E-1 1.04544E-1 1.07133E-1 1.04942E-1 1.06338E-1 1.04036E-1 1.02004E-1 1.03034E-1 1.02013E-1 1.01364E-1 1.02968E-1 1.01591E-1 1.03757E-1 1.03991E-1 1.08938E-1 1.12149E-1 9.07486E-2 1.1218E-1 3.73565E-2 3.73118E-2 3.75943E-2 1.67652E-1 1.69295E-1 1.71744E-1 3.67417E-1 3.63401E-1
7.93568E-2 7.85899E-2 8.22606E-2 8.19087E-2 8.48023E-2 8.45569E-2 8.71756E-2 8.80421E-2 9.07965E-2 9.04022E-2 3.64047E-1 3.63176E-1 3.6956E-1 2.93835E-1 3.02963E-1 3.08276E-1 3.07107E-1 3.12121E-1 5.96463E-1 6.02209E-1 5.27157E-1 6.16977E-1 4.11895E-1 4.17811E-1 4.16766E-1 4.19731E-1 4.19224E-1 4.15747E-1 4.20032E-1 1.11845E-1 1.1335E-1 1.09806E-1 1.14363E-1 1.10236E-1 1.04842E-1 1.03608E-1 1.01382E-1 1.06732E-1 1.08193E-1 1.05519E-1 1.07223E-1 1.03486E-1 1.03579E-1 1.04028E-1 1.02101E-1 8.21561E-2 1.05754E-1 1.05964E-1 1.04485E-1 5.38958E-2 1.08242E-1 1.09163E-1 1.11522E-1 2.98693E-2 3.66014E-2 3.70972E-2 3.90001E-2 1.70529E-1 3.63491E-1 3.66284E-1 3.77176E-1
6.06788E-2 6.05929E-2 8.21516E-2 8.21658E-2 2.6951E-1 8.52803E-2 3.47371E-1 2.76176E-1 2.83333E-1 2.82639E-1 2.92091E-1 2.91012E-1 2.97467E-1 3.03776E-1 3.02623E-1 5.8484E-1 5.41219E-1 5.47549E-1 5.55743E-1 5.60122E-1 5.6522E-1 6.09303E-1 7.23171E-1 7.28122E-1 7.22961E-1 4.2731E-1 4.23888E-1 4.22225E-1 4.221E-1 4.18614E-1 1.12057E-1 1.11088E-1 1.11287E-1 1.09712E-1 7.62068E-2 1.05672E-1 1.05324E-1 1.05793E-1 1.06681E-1 1.07736E-1 1.0727E-1 1.05255E-1 1.03343E-1 1.03882E-1 1.02843E-1 1.04774E-1 1.05693E-1 1.07365E-1 5.32555E-2 1.08237E-1 1.09831E-1 5.55629E-2 9.00227E-2 3.69776E-2 3.75366E-2 3.8564E-2 1.69071E-1 1.74629E-1 3.63043E-1 3.68176E-1 3.74358E-1
5.45869E-2 6.32427E-2 6.34384E-2 2.69192E-1 2.69215E-1 2.76519E-1 2.76179E-1 2.85032E-1 2.85068E-1 2.92123E-1 2.90997E-1 2.70302E-1 2.70334E-1 5.32573E-1 5.35609E-1 5.42921E-1 5.41252E-1 5.4927E-1 5.56345E-1 6.98386E-1 7.05586E-1 7.12337E-1 7.62582E-1 7.26019E-1 7.30942E-1 7.30365E-1 7.31388E-1 7.40815E-1 4.35204E-1 4.26552E-1 4.27626E-1 1.13226E-1 1.16501E-1 1.11791E-1 1.13222E-1 1.0639E-1 1.07944E-1 1.06594E-1 1.07796E-1 1.08786E-1 1.06849E-1 1.07553E-1 1.08709E-1 1.05069E-1 1.04601E-1 1.05456E-1 1.06685E-1 1.05365E-1 1.04763E-1 1.09554E-1 1.10959E-1 8.94171E-2 1.1783E-1 1.21436E-1 3.82252E-2 3.79807E-2 1.70827E-1 3.65534E-1 3.63688E-1 3.67836E-1 3.64203E-1
2.27712E-1 2.38164E-1 2.38851E-1 2.46315E-1 2.46342E-1 2.52712E-1 2.52741E-1 2.58633E-1 5.09731E-1 5.20929E-1 5.18745E-1 5.29017E-1 5.29047E-1 5.37294E-1 5.35653E-1 5.48145E-1 5.46488E-1 6.98138E-1 7.05066E-1 7.03418E-1 7.10765E-1 7.16208E-1 7.13273E-1 7.64771E-1 7.35385E-1 7.31513E-1 7.37076E-1 7.44326E-1 7.38254E-1 4.35783E-1 1.17377E-1 1.12043E-1 1.14103E-1 1.12993E-1 1.13589E-1 1.12019E-1 1.08978E-1 1.09856E-1 1.09563E-1 1.07342E-1 1.0826E-1 1.07795E-1 1.0464E-1 1.03179E-1 1.02745E-1 1.04441E-1 1.04908E-1 1.02735E-1 5.22606E-2 5.25343E-2 8.99119E-2 1.11675E-1 5.7271E-2 9.60862E-2 1.20478E-1 3.88921E-2 1.70051E-1 3.63991E-1 3.05039E-1 3.77968E-1 3.79328E-1
2.39467E-1 2.40483E-1 2.41492E-1 2.48251E-1 2.48948E-1 2.5564E-1 5.06157E-1 5.15921E-1 5.13796E-1 5.24281E-1 5.22666E-1 5.31694E-1 5.30641E-1 5.40411E-1 6.84098E-1 6.91915E-1 6.89977E-1 6.98496E-1 6.96803E-1 7.08421E-1 7.16006E-1 7.1492E-1 7.22584E-1 7.22914E-1 8.5565E-1 8.59948E-1 7.40869E-1 7.50133E-1 7.45989E-1 7.44267E-1 4.43853E-1 4.31362E-1 1.17827E-1 1.14153E-1 1.1736E-1 1.12198E-1 1.09382E-1 1.09951E-1 1.10279E-1 1.09788E-1 1.07943E-1 1.0748E-1 1.05249E-1 1.02836E-1 1.04236E-1 1.02301E-1 1.04448E-1 1.03062E-1 1.03067E-1 1.02958E-1 8.63245E-2 1.12136E-1 1.17077E-1 1.20424E-1 1.22769E-1 4.03469E-2 1.6772E-1 2.99755E-1 3.04015E-1 3.73618E-1 3.74178E-1
2.4142E-1 4.84338E-1 4.96282E-1 4.96868E-1 4.98558E-1 5.10185E-1 5.20469E-1 5.20488E-1 6.74963E-1 6.72695E-1 6.77473E-1 6.79579E-1 6.89478E-1 6.90083E-1 6.98082E-1 6.96389E-1 7.00598E-1 7.07775E-1 7.06095E-1 7.12829E-1 7.12281E-1 7.20268E-1 7.24298E-1 7.20802E-1 7.72224E-1 8.62985E-1 8.60839E-1 7.38222E-1 7.43231E-1 7.45327E-1 4.44172E-1 4.29887E-1 1.16552E-1 1.13854E-1 1.12836E-1 1.13352E-1 1.09697E-1 1.07388E-1 1.09338E-1 1.07897E-1 1.10418E-1 1.06337E-1 1.05347E-1 1.0601E-1 1.03479E-1 1.03658E-1 1.03203E-1 1.04758E-1 1.07434E-1 1.04334E-1 1.05928E-1 1.08275E-1 5.65098E-2 2.44966E-1 2.54864E-1 4.56009E-1 1.73524E-1 1.71624E-1 3.6329E-1 3.08759E-1 3.81705E-1
4.85309E-1 4.86966E-1 4.99343E-1 5.00481E-1 6.56477E-1 6.56518E-1 6.68811E-1 6.64207E-1 6.75E-1 6.72711E-1 6.81071E-1 6.79944E-1 6.93457E-1 6.92919E-1 7.01154E-1 7.00047E-1 7.0781E-1 7.06681E-1 7.10245E-1 7.17537E-1 7.17563E-1 7.25516E-1 7.2471E-1 7.28722E-1 7.31528E-1 7.74392E-1 8.6216E-1 8.65925E-1 8.68846E-1 7.57861E-1 4.52323E-1 4.35544E-1 1.18909E-1 1.14908E-1 1.10189E-1 1.10362E-1 1.07932E-1 1.10768E-1 1.06131E-1 1.07129E-1 1.05904E-1 1.0647E-1 1.07095E-1 1.08011E-1 1.05794E-1 1.04261E-1 1.02905E-1 1.043E-1 1.03726E-1 1.05768E-1 1.07671E-1 1.06579E-1 3.46244E-1 2.35006E-1 2.43001E-1 2.49092E-1 4.46032E-1 1.77485E-1 3.6678E-1 3.74835E-1 3.7734E-1
6.30878E-1 6.32092E-1 6.45132E-1 6.47556E-1 6.59564E-1 6.54555E-1 6.66836E-1 6.71168E-1 6.81827E-1 6.77595E-1 6.90863E-1 6.90353E-1 6.97706E-1 6.96048E-1 7.0581E-1 7.1001E-1 7.17595E-1 7.14509E-1 7.13952E-1 7.21621E-1 7.22216E-1 7.29984E-1 7.25324E-1 7.32764E-1 7.3157E-1 7.74415E-1 8.67813E-1 8.6466E-1 8.68455E-1 7.60283E-1 4.57018E-1 4.43512E-1 4.41402E-1 1.2001E-1 1.10865E-1 1.08152E-1 1.09069E-1 1.08231E-1 1.0443E-1 1.0363E-1 1.06139E-1 1.05587E-1 1.06623E-1 1.03598E-1 1.0156E-1 1.01695E-1 1.02756E-1 1.03718E-1 1.06849E-1 1.07489E-1 1.09053E-1 1.10952E-1 1.07535E-1 2.29863E-1 4.70049E-1 3.36642E-1 4.45289E-1 8.72006E-1 3.08482E-1 3.79771E-1 3.78158E-1
6.34195E-1 6.47141E-1 6.48088E-1 6.64846E-1 6.66652E-1 6.62532E-1 6.7462E-1 6.75277E-1 6.85753E-1 6.8698E-1 6.96951E-1 7.0364E-1 7.0194E-1 7.1457E-1 7.13461E-1 7.12675E-1 7.19505E-1 7.18381E-1 7.25913E-1 7.25934E-1 7.26332E-1 7.26341E-1 7.34665E-1 7.34688E-1 7.31605E-1 7.37058E-1 7.74734E-1 8.64864E-1 8.78411E-1 8.77406E-1 7.56952E-1 7.48555E-1 4.48912E-1 1.18564E-1 1.16739E-1 4.32207E-2 1.03822E-1 1.07236E-1 1.05338E-1 1.07136E-1 1.05376E-1 1.08559E-1 1.05523E-1 1.03742E-1 1.03578E-1 1.01684E-1 1.05451E-1 1.0733E-1 1.05789E-1 1.06941E-1 5.36922E-2 1.07139E-1 1.04324E-1 2.24371E-1 2.31742E-1 4.35176E-1 5.78426E-1 8.74265E-1 8.78413E-1 3.74145E-1 3.8419E-1
6.39766E-1 6.53702E-1 6.54337E-1 6.6784E-1 6.69041E-1 6.76923E-1 6.78111E-1 6.8846E-1 6.93897E-1 7.04326E-1 7.02953E-1 7.11729E-1 7.1118E-1 7.14379E-1 7.12696E-1 7.24775E-1 7.25381E-1 7.23696E-1 7.30592E-1 7.29473E-1 7.28918E-1 7.31188E-1 7.37951E-1 7.36742E-1 7.40252E-1 7.39643E-1 7.38782E-1 8.67251E-1 8.68026E-1 8.78944E-1 7.57161E-1 7.52849E-1 4.56509E-1 4.45419E-1 1.15166E-1 1.12626E-1 7.06735E-2 1.01219E-1 1.03945E-1 1.02079E-1 1.045E-1 1.03355E-1 1.02886E-1 1.02904E-1 1.00835E-1 1.02849E-1 1.02541E-1 1.0346E-1 1.05758E-1 1.05356E-1 8.82716E-2 1.09982E-1 1.0668E-1 4.04845E-1 4.26024E-1 5.70873E-1 8.69345E-1 8.72745E-1 8.13813E-1 8.8879E-1 3.87849E-1
6.5387E-1 6.56842E-1 6.58642E-1 6.73263E-1 6.71004E-1 6.83987E-1 6.84363E-1 6.95136E-1 6.96913E-1 7.07752E-1 7.07201E-1 7.17651E-1 7.16537E-1 7.23077E-1 7.29755E-1 7.29211E-1 7.28092E-1 7.35404E-1 7.34292E-1 7.32908E-1 7.38078E-1 7.37561E-1 7.36199E-1 7.45408E-1 7.41955E-1 7.42865E-1 7.43951E-1 7.86264E-1 8.7476E-1 8.79857E-1 8.75196E-1 8.72363E-1 7.57773E-1 4.38944E-1 4.428E-1 1.17517E-1 4.29939E-2 4.07328E-2 1.00708E-1 1.01399E-1 1.02481E-1 1.05484E-1 1.07043E-1 1.05767E-1 1.05445E-1 1.05755E-1 1.01542E-1 1.06219E-1 1.04996E-1 1.06596E-1 1.08908E-1 2.3285E-1 4.15793E-1 1.12247E-1 5.54889E-1 8.58748E-1 8.73578E-1 3.66559E-1 8.7172E-1 8.84291E-1 3.90639E-1
6.6121E-1 6.64152E-1 6.75933E-1 6.72502E-1 6.77933E-1 6.86537E-1 6.88346E-1 7.03128E-1 7.0492E-1 7.15573E-1 7.12005E-1 7.20016E-1 7.20074E-1 7.27581E-1 7.35234E-1 7.3625E-1 7.42265E-1 7.42863E-1 7.41708E-1 7.41727E-1 7.37027E-1 7.46656E-1 7.43904E-1 7.41545E-1 7.45469E-1 7.50834E-1 7.40576E-1 7.8511E-1 8.75428E-1 8.7746E-1 8.69999E-1 8.68209E-1 7.46465E-1 4.45284E-1 4.35846E-1 4.38807E-1 1.15689E-1 4.13247E-2 3.90765E-2 1.01365E-1 1.01706E-1 1.05953E-1 1.04505E-1 1.06062E-1 1.0358E-1 1.03993E-1 1.05432E-1 1.05458E-1 1.05923E-1 1.059E-1 1.06369E-1 4.05009E-1 4.17852E-1 4.20891E-1 8.49422E-1 8.6402E-1 8.66238E-1 8.72584E-1 8.79602E-1 3.8139E-1 3.85097E-1
6.68167E-1 6.69993E-1 6.8182E-1 6.79036E-1 6.9056E-1 6.92948E-1 7.03977E-1 7.05754E-1 7.07521E-1 7.17449E-1 7.13679E-1 7.26789E-1 7.35894E-1 7.35937E-1 7.42808E-1 7.39985E-1 7.45833E-1 7.49855E-1 7.41784E-1 7.4842E-1 7.52993E-1 7.5301E-1 7.47519E-1 7.46759E-1 7.54625E-1 7.44266E-1 7.48038E-1 7.36537E-1 7.87255E-1 8.77549E-1 8.72797E-1 8.72413E-1 8.71872E-1 7.4295E-1 7.43538E-1 4.37844E-1 1.16101E-1 1.13858E-1 4.23547E-2 3.88721E-2 1.03831E-1 1.03499E-1 1.02949E-1 1.06206E-1 1.06644E-1 1.04599E-1 1.03892E-1 1.06137E-1 1.06076E-1 1.06368E-1 1.05938E-1 4.12606E-1 4.06812E-1 4.15227E-1 8.49885E-1 8.62645E-1 8.71468E-1 8.72362E-1 8.80241E-1 3.83191E-1 3.93506E-1
6.70585E-1 6.82875E-1 6.80127E-1 6.81916E-1 6.93853E-1 6.99238E-1 7.09857E-1 7.11062E-1 7.1846E-1 7.18488E-1 7.29639E-1 7.30819E-1 7.40289E-1 7.44394E-1 7.51635E-1 7.46343E-1 7.51568E-1 7.48802E-1 7.56946E-1 7.52623E-1 7.52034E-1 7.52594E-1 7.53715E-1 7.50545E-1 7.48207E-1 7.48535E-1 7.51426E-1 7.49982E-1 7.91489E-1 8.7675E-1 8.724E-1 8.74569E-1 8.65521E-1 7.41216E-1 7.3906E-1 7.44171E-1 4.44881E-1 4.33177E-1 4.31581E-2 7.20903E-2 3.89721E-1 4.0235E-1 4.0143E-1 1.05506E-1 1.05842E-1 1.04898E-1 3.97863E-1 4.05568E-1 4.00301E-1 4.04489E-1 4.01747E-1 4.03153E-1 4.06324E-1 8.46165E-1 8.52248E-1 8.62466E-1 8.7104E-1 8.77347E-1 8.78872E-1 3.85191E-1 3.93518E-1
6.82748E-1 6.84147E-1 6.86512E-1 6.98332E-1 7.00462E-1 7.01106E-1 7.11781E-1 7.14717E-1 7.21423E-1 7.22605E-1 7.37666E-1 7.37731E-1 7.47573E-1 7.47018E-1 7.5223E-1 7.46743E-1 7.51828E-1 7.61594E-1 7.59936E-1 7.59373E-1 7.59371E-1 7.59375E-1 7.58275E-1 7.52938E-1 7.56892E-1 7.57695E-1 7.43917E-1 7.48044E-1 7.48344E-1 8.80925E-1 8.79143E-1 8.70172E-1 8.78225E-1 8.68269E-1 8.62718E-1 7.37758E-1 7.34129E-1 4.29633E-1 4.21126E-1 3.96282E-2 4.0244E-2 4.03945E-1 4.09192E-1 4.07498E-1 4.119E-1 1.08629E-1 1.08466E-1 4.06112E-1 4.05158E-1 4.07561E-1 4.07775E-1 4.06135E-1 5.45078E-1 8.41634E-1 8.51154E-1 8.63687E-1 8.6948E-1 8.82688E-1 8.88645E-1 3.93421E-1 3.93496E-1
6.85158E-1 6.84914E-1 6.87305E-1 6.9954E-1 7.01333E-1 7.16597E-1 7.18393E-1 7.20164E-1 7.26733E-1 7.29669E-1 7.35429E-1 7.40091E-1 7.50364E-1 7.43774E-1 7.56016E-1 7.55518E-1 7.61545E-1 7.65486E-1 7.6212E-1 7.62681E-1 7.62672E-1 7.63898E-1 7.29185E-1 7.25587E-1 7.62544E-1 7.53962E-1 7.48611E-1 7.46059E-1 7.54112E-1 8.78505E-1 8.7841E-1 8.7712E-1 8.77066E-1 8.73652E-1 8.7017E-1 8.70379E-1 7.42401E-1 4.41328E-1 4.42708E-1 4.51011E-2 3.0578E-1 4.16107E-1 4.12651E-1 4.10333E-1 4.20128E-1 4.14976E-1 4.11269E-1 4.09049E-1 4.18561E-1 4.13504E-1 5.50667E-1 8.49351E-1 8.53902E-1 8.47636E-1 8.57482E-1 8.57089E-1 8.67874E-1 8.74457E-1 8.89265E-1 3.2788E-1 3.93616E-1
6.86495E-1 6.92387E-1 7.03884E-1 7.0744E-1 7.08085E-1 7.19609E-1 7.20813E-1 7.28439E-1 7.28654E-1 7.3931E-1 7.41655E-1 7.43393E-1 7.5232E-1 7.49877E-1 7.5846E-1 7.65468E-1 7.68886E-1 7.74843E-1 7.64389E-1 7.40552E-1 7.37371E-1 7.38518E-1 7.33204E-1 7.35474E-1 7.2333E-1 7.24308E-1 7.54341E-1 7.57476E-1 7.55361E-1 8.00882E-1 8.84685E-1 8.77697E-1 8.74271E-1 8.80885E-1 8.74073E-1 8.73483E-1 8.74445E-1 8.75766E-1 7.49915E-1 7.47092E-1 7.37977E-1 7.26475E-1 4.22927E-1 4.13063E-1 4.13079E-1 4.17907E-1 4.16455E-1 4.14474E-1 4.10038E-1 5.50092E-1 8.50264E-1 8.51167E-1 8.51376E-1 8.58768E-1 8.60243E-1 8.65256E-1 8.78845E-1 8.78927E-1 3.82176E-1 2.15299E-1 3.05003E-1
6.22871E-1 6.23479E-1 7.05875E-1 7.08226E-1 7.18633E-1 7.20991E-1 7.23351E-1 7.30865E-1 7.31475E-1 7.42554E-1 7.48901E-1 7.53723E-1 7.50655E-1 7.63651E-1 7.6538E-1 7.3727E-1 7.38425E-1 7.43316E-1 7.38881E-1 7.41739E-1 7.44632E-1 7.45793E-1 7.45206E-1 7.37879E-1 7.31198E-1 7.28682E-1 7.64616E-1 7.66299E-1 7.59584E-1 7.53496E-1 8.84081E-1 8.78925E-1 8.84699E-1 8.86354E-1 8.7952E-1 8.81275E-1 8.76711E-1 8.81618E-1 8.7227E-1 8.67294E-1 8.66814E-1 8.61107E-1 7.29259E-1 4.25941E-1 4.13099E-1 4.16067E-1 4.18928E-1 4.17989E-1 4.14537E-1 8.51591E-1 8.55638E-1 8.55413E-1 8.59971E-1 8.61077E-1 8.68552E-1 8.68336E-1 8.79886E-1 8.91794E-1 3.82307E-1 6.30254E-1 8.82458E-1
6.29585E-1 6.30798E-1 7.08504E-1 7.10291E-1 7.20961E-1 7.22738E-1 7.30175E-1 7.34812E-1 7.37148E-1 7.47453E-1 7.48632E-1 7.59553E-1 7.21637E-1 7.29622E-1 7.31979E-1 7.4415E-1 7.45334E-1 7.49128E-1 7.47982E-1 7.50675E-1 7.52946E-1 7.52942E-1 7.4895E-1 7.45775E-1 7.44246E-1 7.41669E-1 7.32234E-1 7.30488E-1 7.63049E-1 7.62447E-1 8.06184E-1 8.89097E-1 8.86574E-1 8.85218E-1 8.85344E-1 8.81058E-1 8.82991E-1 8.84151E-1 8.71397E-1 8.75082E-1 8.63935E-1 8.65419E-1 8.60166E-1 8.64025E-1 4.33707E-1 1.83494E-1 4.22435E-1 8.60046E-1 8.62244E-1 8.57897E-1 8.60238E-1 8.58807E-1 8.64298E-1 8.6679E-1 8.70411E-1 8.77213E-1 8.83229E-1 8.88047E-1 8.95708E-1 3.65135E-1 2.4738E-1
