day_2/Results/Podomys_floridanus/projections/PaleoClim/-11000/RUN_0.asc
ncols         385
nrows         252
xllcorner     -91.50013924285
yllcorner     25.49986064915003
cellsize      0.041666666500000005
NODATA_value  -9999
[rows 81 to 107 of 252, columns 0 to 60 of 385]
2.26561E-2 2.19269E-2 2.43024E-2 2.43108E-2 2.69532E-2 2.69532E-2 2.69532E-2 2.69532E-2 2.0651E-2 2.1269E-2 2.12371E-2 1.82342E-2 1.59208E-2 1.76491E-2 1.43589E-2 1.59153E-2 2.12494E-2 1.32223E-2 1.59249E-2 2.23989E-2 2.23696E-2 2.1042E-2 1.26107E-2 1.02129E-2 8.1928E-3 7.28012E-3 8.20161E-3 1.01185E-2 9.76685E-3 7.91489E-3 9.77955E-3 7.62916E-3 7.62276E-3 7.62276E-3 9.77492E-3 9.44522E-3 1.25842E-2 1.13163E-2 7.87157E-3 7.04625E-3 8.71435E-3 7.83229E-3 6.32652E-3 4.88829E-3 2.85187E-3 4.37906E-3 2.55725E-3 2.2909E-3 3.52637E-3 2.84979E-3 7.28952E-4 8.52567E-4 2.44037E-3 3.7546E-3 3.23036E-3 1.20128E-3 2.22066E-3 2.47899E-3 8.65033E-4 2.59445E-3 3.2335E-3
2.26689E-2 2.78124E-2 2.78316E-2 2.78412E-2 2.12664E-2 1.92132E-2 1.92066E-2 1.92E-2 2.08566E-2 2.09037E-2 1.88658E-2 1.67957E-2 1.64599E-2 1.48385E-2 2.0873E-2 1.88724E-2 2.02646E-2 2.30995E-2 2.31568E-2 1.27957E-2 9.7739E-3 1.02178E-2 8.53135E-3 9.85432E-3 8.49981E-3 1.16236E-2 1.04773E-2 8.22089E-3 8.19882E-3 1.00995E-2 8.79302E-3 7.11498E-3 7.11241E-3 7.11836E-3 7.91591E-3 1.12308E-2 8.97533E-3 1.01362E-2 1.01133E-2 1.0099E-2 9.08698E-3 7.03962E-3 7.33052E-3 4.13181E-3 2.98616E-3 4.10845E-3 2.06259E-3 1.6612E-3 2.96835E-3 3.30833E-3 2.29776E-3 2.84569E-3 3.53151E-3 3.17729E-3 3.37714E-3 3.38654E-3 1.01258E-3 3.03505E-3 1.01311E-3 2.1942E-3 3.76294E-3
2.67577E-2 2.59166E-2 2.59546E-2 2.87409E-2 2.59725E-2 2.19512E-2 2.15454E-2 1.94566E-2 1.88358E-2 1.88317E-2 1.88187E-2 1.88317E-2 1.88317E-2 1.70207E-2 1.70149E-2 2.0906E-2 2.38734E-2 1.59929E-2 1.54309E-2 1.17785E-2 9.48777E-3 9.84737E-3 7.66128E-3 1.20304E-2 8.51366E-3 9.44826E-3 7.65594E-3 1.16167E-2 9.89089E-3 9.48895E-3 1.05256E-2 6.5015E-3 7.06829E-3 6.64206E-3 8.19407E-3 7.38838E-3 1.06107E-2 7.10832E-3 6.51914E-3 8.50909E-3 9.4273E-3 6.60245E-3 5.92849E-3 5.92215E-3 2.99133E-3 2.67717E-3 2.16263E-3 2.79646E-3 2.15815E-3 1.94056E-3 3.11231E-3 3.3129E-3 3.69938E-3 1.38067E-3 2.5615E-3 3.17436E-3 1.18316E-3 3.17615E-3 2.51334E-3 2.85411E-3 3.9333E-3
2.67515E-2 2.96053E-2 2.67788E-2 2.96154E-2 2.04363E-2 2.04363E-2 2.21833E-2 2.22335E-2 2.22337E-2 2.15477E-2 1.75623E-2 2.15235E-2 2.15382E-2 1.94499E-2 1.94566E-2 2.38806E-2 2.92524E-2 1.47205E-2 1.19093E-2 1.10394E-2 6.91108E-3 8.82362E-3 9.78092E-3 8.84034E-3 1.13708E-2 7.65151E-3 8.31439E-3 8.79503E-3 6.91337E-3 8.5038E-3 7.38931E-3 7.65687E-3 5.36516E-3 6.61527E-3 7.96765E-3 6.62778E-3 7.37636E-3 1.09068E-2 6.88532E-3 6.18391E-3 6.85449E-3 6.85929E-3 6.18602E-3 5.00063E-3 3.47775E-3 2.04049E-3 2.51303E-3 1.8279E-3 2.26068E-3 2.03408E-3 2.51699E-3 2.79988E-3 4.29432E-3 1.30162E-3 2.98449E-3 2.98636E-3 3.69149E-3 3.70261E-3 4.11496E-3 3.32747E-3 4.11853E-3
2.49762E-2 2.7628E-2 3.05669E-2 2.10867E-2 2.1096E-2 2.06847E-2 2.2886E-2 2.28837E-2 2.28914E-2 2.21932E-2 2.0083E-2 2.00763E-2 2.00831E-2 2.00764E-2 2.46034E-2 3.09674E-2 1.89125E-2 1.46047E-2 1.02751E-2 1.18196E-2 8.32587E-3 1.28735E-2 8.25619E-3 9.13022E-3 7.95909E-3 8.12164E-3 6.45284E-3 8.23459E-3 8.8292E-3 6.9192E-3 6.62551E-3 5.23814E-3 5.22971E-3 5.026E-3 6.19371E-3 7.99702E-3 1.02315E-2 5.24446E-3 5.81212E-3 5.22897E-3 4.70749E-3 5.21718E-3 5.78404E-3 4.04157E-3 4.03241E-3 2.04114E-3 1.64508E-3 1.64083E-3 2.13183E-3 2.1337E-3 2.63953E-3 2.26428E-3 4.48337E-3 1.68612E-3 3.86743E-3 1.16853E-3 2.52584E-3 4.98398E-3 3.48074E-3 4.49452E-3 4.99708E-3
2.57448E-2 2.85156E-2 2.17326E-2 1.90543E-2 2.1321E-2 2.1347E-2 2.35967E-2 2.0696E-2 2.28807E-2 2.2886E-2 2.06847E-2 2.06846E-2 2.28783E-2 2.07314E-2 2.53846E-2 2.38639E-2 1.38765E-2 1.12707E-2 8.4415E-3 1.10959E-2 7.72665E-3 1.16097E-2 7.59496E-3 7.62173E-3 8.32692E-3 8.27879E-3 7.78911E-3 7.14983E-3 7.42285E-3 8.00566E-3 6.735E-3 4.15744E-3 4.71895E-3 5.23571E-3 6.44384E-3 7.14641E-3 5.58684E-3 5.58416E-3 5.6961E-3 6.06004E-3 6.70725E-3 3.80625E-3 3.42469E-3 2.64465E-3 1.92277E-3 1.92276E-3 1.55418E-3 1.55197E-3 1.91577E-3 1.91779E-3 2.76255E-3 2.37671E-3 3.79516E-3 4.49107E-3 1.58549E-3 1.4258E-3 3.63554E-3 3.64067E-3 5.20369E-3 5.21537E-3 2.17961E-3
2.40642E-2 2.65993E-2 2.11242E-2 2.33326E-2 1.77709E-2 2.20003E-2 2.198E-2 2.20224E-2 2.20225E-2 2.13493E-2 1.93032E-2 2.13399E-2 2.13471E-2 2.13614E-2 2.96643E-2 1.74003E-2 1.10791E-2 8.81989E-3 9.82495E-3 1.128E-2 1.52333E-2 1.14703E-2 8.01693E-3 8.53239E-3 8.54001E-3 7.71863E-3 7.46887E-3 5.57763E-3 5.45853E-3 6.03719E-3 4.25718E-3 3.45376E-3 3.99416E-3 6.0463E-3 5.2346E-3 5.68965E-3 5.67782E-3 4.24419E-3 4.2486E-3 4.81192E-3 3.98346E-3 2.07116E-3 3.96755E-3 3.07577E-3 1.16412E-3 2.01272E-3 6.77045E-4 5.46522E-4 1.46932E-3 1.62933E-3 2.01555E-3 2.76105E-3 3.07528E-3 3.79764E-3 1.49068E-3 3.79451E-3 4.89706E-3 6.02949E-3 3.9828E-3 5.43147E-3 6.04087E-3
2.4863E-2 2.09082E-2 2.74747E-2 2.74627E-2 2.18417E-2 2.04826E-2 2.19623E-2 2.19748E-2 2.19748E-2 2.20173E-2 1.99279E-2 2.201E-2 2.20248E-2 2.68945E-2 2.61222E-2 1.87524E-2 1.20863E-2 1.19699E-2 9.19189E-3 1.5753E-2 9.21804E-3 9.3164E-3 1.01581E-2 7.64451E-3 6.41683E-3 8.93815E-3 8.95768E-3 7.75665E-3 6.30195E-3 4.35457E-3 3.59227E-3 3.60149E-3 5.1126E-3 6.27906E-3 4.52248E-3 4.62328E-3 3.37969E-3 3.37969E-3 4.14887E-3 3.44654E-3 5.11389E-3 4.60975E-3 4.1511E-3 9.21327E-4 1.54436E-3 1.9033E-3 9.21007E-4 6.4043E-4 1.90367E-3 7.10449E-4 1.26089E-3 7.90307E-4 2.61114E-3 1.40394E-3 3.21883E-3 3.97029E-3 4.41239E-3 4.6061E-3 5.66309E-3 3.8092E-3 4.88898E-3
2.56732E-2 1.95264E-2 1.91516E-2 1.85596E-2 1.85515E-2 1.68087E-2 1.85639E-2 2.05141E-2 2.05141E-2 2.05141E-2 2.05141E-2 2.05141E-2 2.26667E-2 2.76866E-2 1.61648E-2 1.24814E-2 9.39058E-3 9.65692E-3 1.47063E-2 1.28944E-2 1.28742E-2 1.28741E-2 9.32178E-3 8.53046E-3 7.42062E-3 8.79065E-3 7.26108E-3 7.25021E-3 4.72975E-3 3.70457E-3 2.75534E-3 4.8043E-3 5.90203E-3 6.19145E-3 5.58421E-3 5.92701E-3 3.19141E-3 4.34188E-3 3.1799E-3 4.33069E-3 3.03054E-3 3.17273E-3 2.73577E-3 4.42429E-4 1.79273E-3 1.99666E-3 1.80113E-3 1.62025E-3 2.45607E-3 1.80179E-3 1.13455E-3 9.21969E-4 3.73332E-3 2.40349E-3 3.74304E-3 4.14825E-3 4.60104E-3 5.11025E-3 2.67169E-3 3.0422E-3 3.03433E-3
2.40225E-2 2.10582E-2 2.10487E-2 2.3236E-2 2.10696E-2 1.76927E-2 1.91537E-2 2.11391E-2 1.91599E-2 1.91536E-2 1.91599E-2 1.916E-2 2.33588E-2 2.2688E-2 1.47413E-2 1.41346E-2 1.28966E-2 8.92049E-3 1.6782E-2 1.09199E-2 9.85253E-3 9.63736E-3 1.08722E-2 8.59238E-3 8.60098E-3 9.30252E-3 7.94582E-3 4.10645E-3 4.33821E-3 4.74966E-3 3.53719E-3 5.54872E-3 4.80896E-3 3.91301E-3 4.79604E-3 6.45713E-3 5.03611E-3 4.54734E-3 1.84834E-3 2.10271E-3 6.37556E-4 1.70124E-3 2.99498E-3 5.74993E-4 1.53445E-3 2.32436E-3 7.83851E-4 5.16583E-4 1.88256E-3 2.57468E-3 1.24846E-3 9.66847E-4 3.51729E-3 4.33662E-3 4.82069E-3 1.3276E-3 3.90739E-3 4.80492E-3 5.33436E-3 5.33804E-3 4.81962E-3
2.172E-2 1.78797E-2 1.7845E-2 1.96916E-2 1.4969E-2 1.78694E-2 1.65691E-2 1.50082E-2 1.49967E-2 1.47098E-2 1.62294E-2 1.62383E-2 2.18115E-2 2.25528E-2 1.34272E-2 1.47921E-2 9.44182E-3 1.57163E-2 1.24952E-2 9.84845E-3 1.00233E-2 1.16507E-2 7.83337E-3 9.00725E-3 8.67512E-3 6.95827E-3 8.25982E-3 4.28723E-3 3.33549E-3 4.25741E-3 5.77389E-3 5.78224E-3 5.49614E-3 3.87044E-3 3.48707E-3 4.51336E-3 5.81893E-3 5.2457E-3 3.3365E-3 2.71275E-3 7.81686E-4 1.9784E-3 2.43436E-3 7.06012E-4 2.4315E-3 2.69556E-3 7.43199E-4 5.43092E-4 1.24374E-3 2.69367E-3 1.06451E-3 1.06178E-3 4.07825E-3 5.02837E-3 2.33711E-3 1.33033E-3 2.87034E-3 3.524E-3 4.08413E-3 4.52538E-3 6.42764E-3
1.84489E-2 1.67382E-2 1.40144E-2 1.51666E-2 1.54742E-2 1.51716E-2 1.6729E-2 1.54793E-2 1.97408E-2 1.51996E-2 1.52113E-2 1.62418E-2 1.97767E-2 1.73507E-2 1.16947E-2 1.78891E-2 1.7889E-2 1.57352E-2 1.13029E-2 1.0948E-2 9.20198E-3 1.03542E-2 9.90354E-3 8.13194E-3 8.13463E-3 9.51456E-3 6.73687E-3 4.67817E-3 5.16574E-3 3.21024E-3 6.63897E-3 6.3408E-3 5.72676E-3 4.8121E-3 5.48196E-3 4.93722E-3 4.03353E-3 2.97304E-3 3.64026E-3 4.03415E-3 9.10421E-4 1.87599E-3 2.41471E-3 2.96186E-3 2.30383E-3 7.03576E-4 7.80726E-4 5.72095E-4 1.06528E-3 2.29432E-3 3.13006E-3 8.6632E-4 3.46557E-3 5.80102E-3 6.44832E-3 3.97551E-3 5.03605E-3 1.39235E-3 3.31904E-3 4.7246E-3 4.73338E-3
1.56827E-2 1.72824E-2 1.90747E-2 1.44921E-2 1.44969E-2 1.42132E-2 1.4497E-2 1.42133E-2 1.45017E-2 1.56694E-2 1.72959E-2 1.84449E-2 2.03502E-2 1.67654E-2 1.84528E-2 1.46883E-2 9.56458E-3 1.16395E-2 9.2206E-3 1.02792E-2 8.427E-3 1.02712E-2 9.3377E-3 8.11155E-3 7.31272E-3 9.89133E-3 5.74439E-3 4.21861E-3 4.01228E-3 4.43889E-3 6.38559E-3 6.60224E-3 5.42853E-3 6.33437E-3 5.71437E-3 2.97103E-3 2.67986E-3 3.43553E-3 3.43255E-3 3.80311E-3 2.4163E-3 1.97696E-3 3.43141E-3 3.28124E-3 7.41135E-4 1.12232E-3 2.41353E-3 6.02588E-4 4.89757E-4 2.17354E-3 2.95826E-3 1.29367E-3 3.28345E-3 5.46249E-3 5.47741E-3 1.86904E-3 7.4204E-3 2.82673E-3 1.18795E-3 4.44432E-3 5.45942E-3
1.78864E-2 1.78806E-2 1.82609E-2 1.78632E-2 1.23113E-2 1.23113E-2 1.79214E-2 1.23436E-2 1.33313E-2 1.36048E-2 1.96408E-2 1.84813E-2 1.64655E-2 1.12832E-2 1.64709E-2 6.94273E-3 3.48633E-3 3.02497E-3 7.19302E-3 5.15179E-3 1.00163E-2 9.8593E-3 9.70345E-3 8.7746E-3 8.42425E-3 8.62533E-3 7.32847E-3 4.41566E-3 5.11349E-3 4.19911E-3 7.32434E-3 7.61537E-3 5.96772E-3 5.96686E-3 4.22867E-3 9.56025E-4 2.5312E-3 3.80425E-3 2.2937E-3 3.43591E-3 2.07568E-3 4.38069E-3 3.60072E-3 2.80411E-3 6.34332E-4 1.45063E-3 2.79984E-3 4.67111E-4 1.60034E-3 2.28079E-3 2.53328E-3 1.1085E-3 4.38952E-3 4.21199E-3 5.71121E-3 1.7616E-3 5.70651E-3 9.46945E-3 2.9502E-3 1.12088E-3 4.63535E-3
1.67952E-2 1.89009E-2 1.89068E-2 1.89007E-2 1.88888E-2 1.89009E-2 1.15621E-2 1.27422E-2 1.25048E-2 1.33457E-2 1.61883E-2 1.27737E-2 1.27412E-2 1.4017E-2 1.54319E-2 1.76666E-2 1.2173E-2 1.06059E-2 1.12822E-2 1.12844E-2 1.00818E-2 5.3295E-3 9.62675E-3 8.75481E-3 7.19436E-3 7.94786E-3 6.9164E-3 5.09885E-3 7.58562E-3 7.16195E-3 7.47451E-3 9.30735E-3 2.13767E-3 5.39244E-3 4.87678E-3 1.11269E-3 2.93694E-3 5.07372E-3 3.41062E-3 4.59257E-3 5.60437E-3 2.94288E-3 3.59103E-3 2.29416E-3 4.22736E-4 2.39261E-3 3.58348E-3 6.67331E-4 1.95428E-3 2.65104E-3 3.24754E-3 3.75821E-3 4.85034E-3 3.59313E-3 5.37946E-3 1.50615E-3 4.86271E-3 8.90912E-3 7.75106E-3 1.95976E-3 1.17344E-3
1.88656E-2 1.71682E-2 1.71627E-2 1.71627E-2 1.71629E-2 1.88969E-2 1.30133E-2 1.24941E-2 1.51413E-2 1.66604E-2 1.46894E-2 1.20993E-2 1.46593E-2 1.45703E-2 1.45148E-2 1.21287E-2 1.21313E-2 1.60305E-2 1.04559E-2 7.16179E-3 1.26895E-2 8.26192E-3 5.92161E-3 6.53329E-3 7.92372E-3 7.1867E-3 5.63376E-3 1.65322E-3 3.40464E-3 4.15858E-3 6.11397E-3 1.22291E-2 2.02588E-3 5.86111E-3 4.80373E-3 1.65136E-3 3.21761E-3 4.80366E-3 6.47029E-3 4.60251E-3 1.29105E-3 2.40245E-3 2.39985E-3 2.17076E-3 1.40371E-3 2.77763E-3 2.77855E-3 5.45212E-4 6.31489E-4 3.91037E-3 4.79211E-3 4.1492E-3 1.16275E-3 3.0705E-3 6.18092E-3 1.92947E-3 6.19462E-3 9.2609E-3 2.50623E-3 2.61449E-3 1.66976E-3
1.77531E-2 1.61375E-2 1.61271E-2 1.61271E-2 1.61589E-2 1.77882E-2 1.34922E-2 1.42005E-2 1.13434E-2 1.66329E-2 1.25771E-2 1.08549E-2 1.50587E-2 1.71927E-2 1.12867E-2 9.28557E-3 8.10378E-3 9.83957E-3 3.77557E-3 6.37213E-3 7.28999E-3 8.88474E-3 8.87497E-3 1.26994E-2 8.27131E-3 7.93886E-3 2.2368E-3 1.49665E-3 3.23076E-3 3.22586E-3 8.18411E-3 6.61764E-3 2.9679E-3 2.68224E-3 3.73347E-3 3.59286E-3 1.28217E-3 6.73349E-3 7.44694E-3 4.61576E-3 3.76732E-3 8.61179E-4 2.51542E-3 2.78341E-3 3.92059E-3 3.92722E-3 1.34815E-3 8.14807E-4 6.65706E-4 3.70789E-3 4.79193E-3 9.97881E-4 2.27104E-3 3.07396E-3 3.92012E-3 6.45939E-3 5.8584E-3 8.7234E-3 2.72972E-3 7.59243E-3 3.33624E-3
1.5197E-2 1.52066E-2 1.38184E-2 1.38201E-2 1.38184E-2 1.67238E-2 1.34568E-2 1.89547E-2 1.02716E-2 1.55772E-2 9.28243E-3 6.9392E-3 9.74124E-3 1.15872E-2 1.0755E-2 1.05443E-2 1.56259E-2 9.39262E-3 1.36976E-2 1.89632E-3 6.64672E-3 8.91406E-3 5.25089E-3 7.43849E-3 1.04752E-2 4.00558E-3 1.91312E-3 4.54103E-3 5.53314E-3 2.67029E-3 2.41748E-3 6.62427E-3 8.07772E-3 6.64998E-3 5.23973E-3 5.78631E-3 8.55118E-3 7.45637E-3 5.3171E-3 5.31868E-3 3.4151E-3 2.52487E-3 2.92186E-3 2.92329E-3 2.1612E-3 4.51722E-3 4.53199E-3 7.77186E-4 2.75349E-3 4.72158E-3 2.42791E-3 9.03826E-4 1.15236E-3 4.52682E-3 3.37091E-3 5.51356E-3 5.53704E-3 8.22422E-3 8.23786E-3 7.15962E-3 1.10741E-2
1.18687E-2 1.43418E-2 1.14264E-2 1.30377E-2 1.25647E-2 1.67152E-2 1.33202E-2 1.74141E-2 1.56429E-2 3.06402E-3 2.76627E-3 9.61761E-3 1.05947E-2 1.16878E-2 9.64361E-3 1.06152E-2 1.06153E-2 6.29011E-3 1.12632E-2 5.4871E-3 8.40633E-3 7.59304E-3 8.09351E-3 8.92254E-3 1.12641E-2 1.08569E-2 2.30796E-3 1.99862E-3 1.71217E-3 3.89072E-3 5.44709E-3 6.91475E-3 8.40027E-3 8.42208E-3 1.02144E-2 9.80309E-3 8.55921E-3 6.12182E-3 5.54771E-3 4.80978E-3 1.41741E-3 2.64706E-3 5.00286E-3 5.02248E-3 8.60247E-4 2.75476E-3 3.51436E-3 3.88259E-3 3.19046E-3 4.28225E-3 7.01204E-3 1.21538E-3 1.21024E-3 4.7185E-3 4.28648E-3 5.22509E-3 6.3626E-3 7.74531E-3 6.77274E-3 7.76321E-3 1.00433E-2
1.3528E-2 1.48574E-2 1.23137E-2 1.18466E-2 1.3041E-2 1.57714E-2 1.25141E-2 1.62207E-2 4.68971E-3 1.28699E-2 1.28906E-2 7.98237E-3 5.40649E-3 8.73231E-3 8.73231E-3 9.6342E-3 8.76347E-3 5.95633E-3 8.66554E-3 8.43304E-3 8.40895E-3 8.89928E-3 4.97154E-3 6.93734E-3 6.37852E-3 7.35277E-3 1.71268E-3 6.01861E-3 2.92722E-3 1.2737E-3 1.32842E-3 5.6769E-3 9.62054E-3 9.64673E-3 3.5566E-3 1.71514E-3 1.80761E-3 1.80735E-3 1.56548E-3 1.56629E-3 2.55653E-3 1.48249E-3 3.37339E-3 5.7703E-3 1.7141E-3 9.00503E-4 1.04021E-3 4.45777E-3 4.47867E-3 4.48375E-3 6.01164E-3 1.70377E-3 4.94089E-3 1.88151E-3 4.05978E-3 6.90221E-3 6.62269E-3 6.01454E-3 1.01911E-2 8.91063E-3 1.19558E-2
1.54152E-2 1.48658E-2 1.35323E-2 1.35365E-2 1.23671E-2 1.10302E-2 1.28362E-2 1.04912E-2 1.12796E-2 1.00392E-2 8.17047E-3 1.33697E-2 7.23074E-3 7.9401E-3 4.89616E-3 5.88008E-3 7.22182E-3 7.20319E-3 6.61552E-3 5.19081E-3 1.62664E-3 1.47236E-3 4.49235E-3 9.27374E-3 7.31158E-3 9.65006E-3 1.79303E-3 5.69457E-3 6.93011E-3 1.70143E-3 1.53767E-3 4.43896E-3 8.73058E-3 1.16969E-2 2.92624E-3 1.55305E-3 5.24027E-3 2.30907E-3 1.89442E-3 5.24966E-3 4.31085E-3 5.24958E-3 1.21534E-3 6.61237E-3 6.02927E-3 1.47482E-3 1.0433E-3 9.43442E-4 3.83787E-3 5.37766E-3 4.49495E-3 1.46811E-3 5.67505E-3 2.26583E-3 3.85837E-3 7.91326E-3 2.50045E-3 7.93116E-3 9.24757E-3 1.16938E-2 1.24096E-2
1.40486E-2 1.5422E-2 1.54268E-2 1.25258E-2 1.46722E-2 1.43949E-2 7.83143E-3 1.30473E-2 6.83499E-3 9.51145E-3 8.2865E-3 9.10396E-3 7.43101E-3 8.76462E-3 2.63873E-3 6.51967E-3 6.54279E-3 3.66552E-3 1.87183E-3 1.8722E-3 1.87008E-3 2.77825E-3 1.21E-3 3.70835E-3 8.76239E-3 6.56621E-3 1.54215E-3 2.27135E-3 5.94204E-3 7.20175E-3 2.15626E-3 5.38275E-3 9.07905E-3 1.33436E-2 2.7742E-3 1.47287E-3 6.92919E-3 8.41559E-3 6.66048E-3 5.49122E-3 1.71428E-3 4.9618E-3 1.27573E-3 1.33013E-3 5.15821E-3 5.69621E-3 1.54167E-3 1.14649E-3 2.60426E-3 5.35683E-3 6.51805E-3 2.36974E-3 6.53725E-3 1.53841E-3 5.36899E-3 5.92422E-3 5.93691E-3 8.72196E-3 6.54689E-3 1.1659E-2 1.28597E-2
1.75599E-2 1.75599E-2 1.75469E-2 1.02227E-2 1.19022E-2 9.84833E-3 9.46035E-3 1.19106E-2 3.4558E-3 8.61634E-3 8.61522E-3 8.5894E-3 6.82138E-3 6.53738E-3 4.912E-3 1.46378E-3 1.20393E-3 1.20275E-3 4.43676E-3 4.45687E-3 3.18025E-3 3.85577E-3 1.39865E-3 4.44616E-3 7.93763E-3 5.40826E-3 1.54389E-3 6.54621E-3 6.55558E-3 7.50436E-3 6.81681E-3 6.19127E-3 1.03934E-2 1.21274E-2 3.86339E-3 1.96104E-3 1.05983E-2 2.51428E-3 1.97382E-3 5.71566E-3 1.79364E-3 6.27813E-3 1.87585E-3 1.26819E-3 3.66022E-3 6.51322E-3 5.9455E-3 1.46189E-3 2.37774E-3 1.2008E-3 5.58417E-3 6.79986E-3 8.25312E-3 2.37241E-3 4.02293E-3 7.48325E-3 7.19652E-3 9.07901E-3 7.20579E-3 1.21212E-2 1.16831E-2
1.81797E-2 1.81797E-2 1.45581E-2 2.96808E-3 1.12215E-2 8.94872E-3 2.35574E-3 1.00471E-2 1.19009E-2 1.14818E-2 9.11887E-3 1.7805E-3 1.6106E-3 1.60982E-3 2.8804E-3 1.33074E-3 1.20333E-3 1.092E-3 3.32563E-3 1.95496E-3 1.20432E-3 9.91459E-4 1.32578E-3 2.38545E-3 3.1901E-3 4.44678E-3 5.38729E-3 5.94477E-3 7.92734E-3 6.82916E-3 5.62927E-3 5.62378E-3 9.82388E-3 1.08125E-2 5.05566E-3 2.87987E-3 7.95505E-3 1.96419E-3 1.69834E-3 7.21716E-3 5.96877E-3 5.40128E-3 4.91273E-3 4.0419E-3 4.03141E-3 2.89381E-3 5.60595E-3 2.37507E-3 1.32452E-3 3.6418E-3 3.14656E-3 6.41009E-3 9.42906E-3 7.49255E-3 1.77409E-3 8.55392E-3 8.59649E-3 7.81386E-3 1.03941E-2 1.33164E-2 1.21266E-2
1.37886E-2 1.37886E-2 7.2402E-3 2.93486E-3 7.70735E-3 6.73534E-3 3.12661E-3 1.3521E-2 7.41891E-3 1.08091E-2 2.73529E-3 1.46705E-3 1.25965E-3 3.47571E-3 7.1109E-3 1.68552E-3 1.14247E-3 1.14337E-3 5.83506E-3 1.52948E-3 9.9081E-4 1.20158E-3 3.31761E-3 1.20489E-3 1.32642E-3 1.09343E-3 1.20315E-3 1.77301E-3 1.77361E-3 4.04089E-3 7.09292E-3 6.44433E-3 8.93772E-3 1.35547E-2 4.18406E-3 1.85976E-3 1.03793E-2 2.61573E-3 1.95969E-3 7.51517E-3 9.10599E-3 1.95879E-3 7.49481E-3 4.655E-3 4.63765E-3 2.47223E-3 1.85079E-3 8.56644E-3 1.61524E-3 1.32579E-3 1.25596E-3 4.38071E-3 8.91561E-3 5.324E-3 7.0691E-3 8.12545E-3 8.5683E-3 8.12182E-3 1.4352E-2 5.05769E-3 4.00514E-3
1.71687E-2 1.71352E-2 3.69134E-3 1.10237E-2 9.67013E-3 4.40187E-3 1.45257E-3 2.22587E-3 5.55075E-3 2.45115E-3 1.94239E-3 2.2259E-3 1.09229E-3 3.7923E-3 6.71394E-3 1.04088E-3 6.12727E-4 4.16588E-3 1.32014E-3 9.44353E-4 7.78956E-4 3.62415E-3 2.60397E-3 1.3886E-3 3.16091E-3 2.49619E-3 1.32749E-3 1.52658E-3 4.21252E-3 6.44165E-3 2.34936E-3 2.58613E-3 8.12111E-3 1.28028E-2 1.12476E-2 2.97596E-3 2.84027E-3 2.13692E-3 7.10388E-3 9.45614E-3 2.73188E-3 1.77445E-3 4.21326E-3 6.4487E-3 6.11245E-3 6.71996E-3 2.13542E-3 6.70747E-3 8.12462E-3 3.13438E-3 1.60056E-3 3.98558E-3 1.01833E-2 1.94161E-3 5.53263E-3 1.11856E-2 2.96739E-3 8.10606E-3 1.48637E-2 6.34401E-3 4.78191E-3
1.94843E-2 1.08683E-2 1.2547E-2 1.32717E-2 1.93108E-3 1.74685E-3 9.4439E-4 1.91865E-3 1.44634E-3 1.59087E-3 6.63372E-3 1.44979E-3 3.95802E-3 3.96268E-3 2.11366E-3 7.82127E-4 6.45876E-4 5.24559E-3 1.2594E-3 2.8487E-3 3.78988E-3 3.00059E-3 9.44819E-4 1.04005E-3 3.99633E-3 1.39104E-3 1.53025E-3 1.14617E-3 4.83386E-3 4.40426E-3 1.93628E-3 6.10893E-3 7.00673E-3 1.06151E-2 1.32852E-2 9.68385E-3 2.45872E-3 2.69529E-3 8.91755E-3 2.85257E-3 1.53491E-3 1.53073E-3 4.39236E-3 6.10308E-3 6.10165E-3 6.36903E-3 7.00467E-3 2.45085E-3 6.37196E-3 4.50858E-3 2.23528E-3 2.0204E-3 8.44235E-3 4.50825E-3 2.02584E-3 1.05699E-2 3.59511E-3 6.36464E-3 1.53766E-2 6.0006E-3 1.35777E-2
