day_2/Results/Podomys_floridanus/projections/PaleoClim/-11000/RUN_1.asc
ncols         385
nrows         252
xllcorner     -91.50013924285
yllcorner     25.49986064915003
cellsize      0.041666666500000005
NODATA_value  -9999
[rows 0 to 26 of 252, columns 61 to 121 of 385]
1.22734E-3 9.80842E-4 2.90576E-4 9.61502E-4 1.08857E-3 7.89343E-4 8.85402E-4 9.02607E-4 9.89185E-4 1.1167E-3 1.09318E-3 7.68973E-4 3.62983E-4 4.13459E-4 7.73335E-4 4.68234E-4 7.47506E-4 5.79644E-4 3.91392E-4 2.63998E-4 2.95556E-4 1.30837E-4 2.3937E-4 4.38367E-4 4.93797E-4 5.13907E-4 5.29111E-4 5.88701E-4 5.30516E-4 2.84765E-4 2.48165E-4 7.7494E-4 7.79514E-4 3.68683E-4 1.10717E-3 5.27553E-4 1.1087E-3 5.3818E-4 3.74082E-4 5.46096E-4 3.73292E-4 4.66699E-4 8.82711E-4 5.88781E-4 6.4554E-4 2.46987E-4 8.22742E-4 1.44256E-4 1.63984E-4 4.41077E-4 7.0307E-5 1.82619E-4 7.41141E-4 4.02991E-4 3.97159E-4 1.07657E-3 9.94007E-4 2.5045E-4 3.15882E-4 3.21706E-4 6.50849E-4
8.7576E-4 9.94629E-4 1.08779E-3 8.95456E-4 9.73176E-4 1.28453E-3 1.13948E-3 1.25427E-3 1.2556E-3 4.19174E-4 7.86846E-4 8.73548E-4 6.84429E-4 4.11692E-4 1.08931E-3 8.55175E-4 7.5705E-4 5.1634E-4 3.43159E-4 2.99884E-4 3.83842E-4 5.21659E-4 4.97444E-4 3.07537E-4 2.43139E-4 1.3205E-4 2.51251E-4 6.55457E-4 8.43231E-4 7.45012E-4 4.87466E-4 2.86638E-4 2.27751E-4 2.60021E-4 5.88566E-4 3.68341E-4 4.75712E-4 5.39808E-4 3.70856E-4 3.28703E-4 3.16036E-4 5.95038E-4 9.69981E-4 2.15842E-4 2.50759E-4 5.75505E-4 3.49709E-4 3.78196E-4 1.68709E-4 2.45346E-4 4.46116E-4 1.8879E-4 1.30145E-4 2.19467E-4 3.61448E-4 8.69036E-4 3.68221E-4 3.09728E-4 3.59083E-4 2.85746E-4 6.62275E-4
8.78472E-4 7.7708E-4 1.08546E-3 1.28375E-3 1.00045E-3 1.41518E-3 1.11037E-3 1.14744E-3 1.25474E-3 1.31057E-3 1.09566E-3 2.91606E-4 5.82537E-4 8.38443E-4 8.38021E-4 1.0895E-3 4.22026E-4 4.48665E-4 4.35386E-4 2.4723E-4 5.93502E-4 4.52247E-4 3.91965E-4 4.40423E-4 2.44821E-4 1.74012E-4 6.50802E-4 5.78092E-4 2.46054E-4 6.76156E-4 6.68007E-4 6.78394E-4 7.69349E-4 1.75837E-4 4.63882E-4 4.27049E-4 2.95503E-4 4.22128E-4 4.65167E-4 2.58153E-4 3.62257E-4 3.29092E-4 2.03673E-4 1.56093E-4 5.23151E-4 4.53806E-4 5.54572E-4 3.11366E-4 2.07945E-4 3.92115E-4 2.44682E-4 5.77149E-4 7.32285E-4 1.51139E-4 1.17734E-4 1.7533E-4 7.33965E-4 3.99926E-4 6.86838E-4 3.18261E-4 7.70932E-4
9.80686E-4 7.0928E-4 8.87454E-4 1.12812E-3 1.12925E-3 9.92884E-4 6.29203E-4 8.84226E-4 3.31442E-4 4.17725E-4 8.61597E-4 7.78349E-4 5.92153E-4 9.56541E-4 9.61734E-4 1.10478E-3 1.95799E-4 4.48476E-4 5.27853E-4 2.51414E-4 4.07501E-4 1.85934E-4 4.39673E-4 3.04425E-4 7.29305E-4 7.48722E-4 5.32392E-4 3.16398E-4 1.35415E-4 3.17752E-4 8.48327E-4 1.56056E-4 1.5248E-4 1.9611E-4 8.78415E-4 8.85893E-4 3.20949E-4 3.3249E-4 2.00649E-4 4.08281E-4 3.67733E-4 4.16387E-4 3.29769E-4 2.90578E-4 2.03103E-4 4.52838E-4 5.61557E-4 2.15959E-4 8.13059E-4 6.54882E-4 5.70218E-4 7.61627E-4 4.00348E-4 4.09142E-4 9.48131E-4 1.9297E-4 6.68719E-4 5.87479E-4 4.06745E-4 3.65994E-4 7.61196E-4
4.68656E-4 1.11698E-3 1.00689E-3 1.00709E-3 2.94249E-4 3.23675E-4 3.70841E-4 9.88136E-4 1.2665E-3 1.01859E-3 2.94953E-4 6.7338E-4 9.50872E-4 9.58462E-4 1.13698E-3 7.74437E-4 5.27204E-4 5.03201E-4 4.55799E-4 1.70011E-4 1.87106E-4 1.16951E-4 4.44116E-4 2.4445E-4 6.02362E-4 5.26544E-4 1.94274E-4 3.99307E-4 6.47031E-4 5.98515E-4 4.59597E-4 4.56209E-4 9.57116E-4 4.17175E-4 1.08551E-3 1.78228E-4 2.54295E-4 2.55262E-4 2.57711E-4 6.9501E-4 4.74712E-4 3.34224E-4 2.89723E-4 2.6044E-4 2.25214E-4 1.34272E-4 1.46798E-4 5.1393E-4 3.54933E-4 5.05854E-4 3.11128E-4 1.0567E-4 6.4422E-4 3.22363E-4 3.61074E-4 7.38605E-4 2.79161E-4 2.20399E-4 3.58719E-4 3.65218E-4 3.22677E-4
3.65016E-4 4.74252E-4 9.87398E-4 8.92961E-4 4.15285E-4 1.2863E-3 6.07681E-4 1.12152E-3 3.73331E-4 1.10625E-3 3.68419E-4 2.92426E-4 8.64813E-4 1.0888E-3 1.10588E-3 2.22258E-4 2.13563E-4 6.4758E-4 6.70978E-4 2.43761E-4 5.85387E-4 2.15317E-4 1.8659E-4 3.21674E-4 6.02859E-4 5.30594E-4 1.96968E-4 5.07854E-4 3.20269E-4 3.23675E-4 9.62722E-4 4.13947E-4 4.17681E-4 8.92593E-4 4.63527E-4 4.20853E-4 4.18723E-4 1.14173E-3 4.70279E-4 5.32633E-4 2.97598E-4 1.82309E-4 2.01646E-4 1.80247E-4 1.38879E-4 9.43531E-5 5.67459E-4 1.97188E-4 1.17572E-4 2.20755E-4 2.26398E-4 1.78328E-4 1.58076E-4 2.41197E-4 3.18448E-4 4.05264E-4 7.54479E-4 2.523E-4 1.12418E-3 3.6047E-4 7.70841E-4
9.69082E-4 1.21986E-3 4.77581E-4 1.27643E-3 5.44984E-4 1.26592E-3 1.10503E-3 8.89498E-4 8.58218E-4 3.6605E-4 1.23781E-3 1.12949E-3 8.75699E-4 8.80908E-4 2.54823E-4 4.22605E-4 2.78435E-4 6.7069E-4 8.32738E-4 8.39459E-4 7.55616E-4 7.34007E-4 7.6689E-4 6.81759E-4 8.47953E-4 2.79277E-4 1.96147E-4 2.78099E-4 6.66282E-4 2.01784E-4 2.0256E-4 7.80684E-4 1.09959E-3 3.76839E-4 4.71025E-4 9.6798E-4 6.83217E-4 1.27054E-3 6.88634E-4 6.77391E-4 3.72231E-4 1.60897E-4 3.63155E-4 1.80497E-4 2.28632E-4 1.74913E-4 4.54293E-4 5.25536E-4 2.47072E-4 6.82303E-4 2.84029E-4 2.25719E-4 2.89794E-4 1.40742E-4 1.50169E-4 7.30183E-4 9.33522E-4 4.02292E-4 1.73227E-4 1.10671E-3 4.18131E-4
2.89039E-4 2.88715E-4 4.12254E-4 9.81151E-4 8.89256E-4 4.1378E-4 3.21884E-4 3.28794E-4 2.22752E-4 7.73271E-4 1.24473E-3 8.87816E-4 9.68613E-4 3.63616E-4 3.22137E-4 7.62294E-4 7.65727E-4 7.61972E-4 5.4313E-4 9.71025E-4 8.63857E-4 3.2449E-4 8.66779E-4 3.16754E-4 6.80053E-4 2.78698E-4 1.97293E-4 2.45523E-4 7.6683E-4 8.7654E-4 3.64693E-4 2.59501E-4 8.86894E-4 1.12874E-3 3.74517E-4 7.62757E-4 4.70176E-4 9.00401E-4 4.07022E-4 4.52204E-4 3.67156E-4 7.77935E-4 9.79669E-4 6.77183E-4 1.57382E-4 1.22399E-4 2.79148E-4 5.96122E-4 6.75313E-4 2.1427E-4 2.14697E-4 2.21953E-4 2.28872E-4 1.75292E-4 2.48441E-4 2.48939E-4 2.4575E-4 2.19453E-4 2.78407E-4 1.2401E-3 1.43051E-3
4.60381E-4 4.66293E-4 9.98289E-4 2.59536E-4 2.89486E-4 8.83172E-4 4.10537E-4 3.27793E-4 9.72651E-4 1.00108E-3 1.24945E-3 9.99579E-4 1.22783E-3 1.08388E-3 9.71034E-4 9.62306E-4 9.71883E-4 1.10494E-3 9.78461E-4 3.29453E-4 2.55183E-4 2.23768E-4 9.4935E-4 2.28132E-4 1.78568E-4 2.52618E-4 1.93959E-4 3.63722E-4 9.68812E-4 8.75354E-4 4.7903E-4 1.01037E-3 2.97303E-4 3.37669E-4 1.11893E-3 7.49896E-4 1.10875E-3 3.78249E-4 6.07719E-4 5.98177E-4 9.90716E-4 9.60363E-4 1.61591E-4 1.9374E-4 7.58186E-4 7.5646E-4 6.78315E-4 1.56707E-4 1.36792E-4 1.87457E-4 6.51933E-4 2.77925E-4 2.21942E-4 2.50609E-4 2.19471E-4 2.20012E-4 1.92325E-4 1.92814E-4 3.61534E-4 3.64257E-4 4.22329E-4
9.73176E-4 4.11838E-4 5.13931E-4 4.74936E-4 1.10988E-3 1.37939E-3 1.38263E-3 1.21868E-3 1.272E-3 1.40927E-3 1.78475E-3 1.00198E-3 1.38447E-3 4.20121E-4 5.31021E-4 5.31035E-4 5.97824E-4 5.32404E-4 5.99979E-4 1.27049E-3 1.1217E-3 4.69179E-4 4.15555E-4 7.76981E-4 6.18011E-4 2.90954E-4 8.26116E-4 8.73538E-4 3.29927E-4 8.79057E-4 1.00772E-3 1.12375E-3 4.77889E-4 9.99988E-4 1.12572E-3 3.27793E-4 1.14494E-3 2.61377E-4 8.66275E-4 3.59398E-4 7.56728E-4 2.52466E-4 9.7943E-4 3.61701E-4 6.76222E-4 6.62662E-4 7.25758E-4 3.16464E-4 1.20844E-4 5.20439E-4 5.95338E-4 5.81549E-4 6.63077E-4 2.43527E-4 5.89896E-4 5.20596E-4 5.17774E-4 4.74132E-4 3.17891E-4 4.58354E-4 2.93809E-4
9.47984E-4 1.0722E-3 2.83718E-4 5.14608E-4 4.58949E-4 1.56549E-3 8.85937E-4 1.22346E-3 1.55985E-3 1.56734E-3 1.45369E-3 1.42133E-3 1.26211E-3 5.32582E-4 5.36681E-4 1.13638E-3 5.39969E-4 1.5724E-3 1.38288E-3 1.38351E-3 1.39633E-3 1.21244E-3 4.60723E-4 9.87482E-4 3.00103E-4 2.0605E-4 6.78994E-4 1.08794E-3 3.34058E-4 3.77624E-4 5.44875E-4 5.30445E-4 1.14586E-3 4.18857E-4 9.95582E-4 9.61424E-4 1.0976E-3 9.79822E-4 3.77519E-4 8.63247E-4 5.72934E-4 3.23014E-4 4.19551E-4 3.62148E-4 5.22889E-4 4.15019E-4 5.56008E-4 2.80469E-4 6.66587E-4 7.31876E-4 7.38185E-4 2.42153E-4 6.47637E-4 5.8804E-4 5.93575E-4 5.86186E-4 5.8933E-4 4.70869E-4 3.16928E-4 4.13005E-4 4.2147E-4
9.69689E-4 7.64343E-4 5.73278E-4 1.10828E-3 7.2405E-4 4.58336E-4 1.38615E-3 9.8977E-4 8.04158E-4 1.43219E-3 1.2833E-3 1.01341E-3 8.78057E-4 1.08453E-3 9.93433E-4 1.24683E-3 1.37667E-3 1.12777E-3 1.24067E-3 1.2496E-3 8.77331E-4 8.68342E-4 9.42164E-4 4.6768E-4 1.25785E-3 1.11034E-3 8.78074E-4 1.24603E-3 1.13961E-3 4.75752E-4 3.05065E-4 6.88968E-4 2.68509E-4 2.97209E-4 3.35859E-4 4.23154E-4 4.78786E-4 4.24648E-4 1.25296E-3 8.69276E-4 2.87054E-4 4.13968E-4 9.58953E-4 8.57098E-4 5.93415E-4 2.21505E-4 5.02659E-4 1.92169E-4 6.50508E-4 4.56539E-4 7.22838E-4 5.60529E-4 7.194E-4 6.4929E-4 4.14878E-4 2.73974E-4 7.48617E-4 6.72043E-4 6.6782E-4 3.64729E-4 2.94634E-4
2.91795E-4 1.93E-4 8.52989E-4 7.5425E-4 7.53065E-4 4.4899E-4 5.90095E-4 5.30275E-4 1.99898E-3 1.29497E-3 1.26075E-3 1.00526E-3 8.61974E-4 4.17401E-4 8.63912E-4 1.00306E-3 1.23307E-3 4.67845E-4 1.00056E-3 9.86882E-4 3.28882E-4 3.17971E-4 8.68239E-4 1.40676E-3 3.45451E-4 2.34407E-4 8.82302E-4 1.00011E-3 2.64126E-4 2.09857E-4 1.85669E-4 2.9445E-4 3.39995E-4 3.80501E-4 3.79035E-4 3.7576E-4 4.29072E-4 3.042E-4 3.2793E-4 2.57522E-4 8.55877E-4 3.25825E-4 9.64341E-4 8.44395E-4 1.04753E-3 7.42223E-4 5.05732E-4 6.39132E-4 6.6599E-4 2.44889E-4 1.69456E-4 4.92732E-4 6.66245E-4 8.25718E-4 8.36906E-4 6.63852E-4 7.56721E-4 7.63589E-4 9.48198E-4 7.64633E-4 1.11534E-3
2.25755E-4 8.42198E-4 1.37615E-3 9.80502E-4 9.46137E-4 3.16206E-4 5.21271E-4 1.11683E-3 1.77536E-3 1.26933E-3 1.6056E-3 8.81796E-4 1.06655E-3 1.21618E-3 4.72019E-4 1.1236E-3 1.39272E-3 1.55056E-3 1.12192E-3 8.70596E-4 1.09075E-3 8.79089E-4 5.31188E-4 1.11752E-3 1.25635E-3 1.4568E-3 4.40389E-4 1.15875E-3 6.06394E-4 1.61282E-3 1.64554E-3 1.62135E-3 1.82268E-3 1.82887E-3 1.47675E-3 1.84727E-3 1.80095E-3 4.8117E-4 3.38183E-4 2.32736E-4 2.3126E-4 2.26533E-4 1.91737E-4 1.74651E-4 1.54696E-4 1.18196E-4 5.05861E-4 3.05804E-4 7.22542E-4 8.2058E-4 2.77213E-4 8.03254E-4 7.71147E-4 8.73782E-4 1.19503E-3 7.72345E-4 1.22896E-3 1.23608E-3 9.95082E-4 1.59322E-3 1.43452E-3
1.37661E-3 1.37401E-3 1.08873E-3 1.09093E-3 3.61502E-4 8.13942E-4 4.05362E-4 6.69378E-4 6.01788E-4 1.65053E-3 1.26704E-3 8.44143E-4 4.12727E-4 1.12277E-3 4.622E-4 1.60366E-3 1.13555E-3 1.21338E-3 1.42525E-3 1.38478E-3 6.77548E-4 5.97852E-4 7.47378E-4 7.44704E-4 1.64943E-3 1.82034E-3 1.5833E-3 4.31285E-4 1.42871E-3 6.19844E-4 1.80204E-3 7.01621E-4 7.31902E-4 1.88857E-3 2.08791E-3 5.60177E-4 1.44295E-3 1.56905E-3 5.29482E-4 4.76021E-4 3.76525E-4 2.22879E-4 3.071E-4 3.19003E-4 1.75436E-4 1.65486E-4 1.95508E-4 1.97745E-4 1.72408E-4 1.32778E-4 1.30688E-4 8.27061E-4 2.84423E-4 1.99149E-4 3.03625E-4 8.50414E-4 2.89368E-4 8.89442E-4 1.98892E-3 1.42E-3 1.43878E-3
4.12197E-4 3.29796E-4 2.84237E-4 1.08806E-3 4.63828E-4 9.28787E-4 5.85486E-4 1.27395E-3 1.63719E-3 1.77511E-3 1.24561E-3 4.18288E-4 1.12503E-3 4.64791E-4 5.77543E-4 5.27268E-4 5.30888E-4 1.25262E-3 6.79874E-4 1.81902E-3 1.13689E-3 6.01875E-4 5.33984E-4 1.4428E-3 4.89395E-4 3.87481E-4 3.93791E-4 6.10315E-4 1.45195E-3 6.34427E-4 1.64677E-3 1.84761E-3 5.73683E-4 4.96634E-4 1.6418E-3 3.86398E-4 3.31834E-4 1.12385E-3 4.63576E-4 2.92179E-4 2.27699E-4 2.23033E-4 2.40731E-4 9.31362E-4 2.87348E-4 1.48993E-4 6.70537E-4 1.38114E-4 1.97256E-4 1.34543E-4 1.96086E-4 1.21332E-4 1.09157E-4 9.48772E-5 4.98909E-4 2.52894E-4 1.11889E-4 1.46554E-4 1.61935E-4 1.22606E-4 3.66704E-4
9.87659E-4 4.08715E-4 1.22418E-3 1.24289E-3 3.6618E-4 2.82114E-4 1.10254E-3 1.5901E-3 1.58362E-3 1.27467E-3 9.77413E-4 1.23071E-3 8.74332E-4 1.06147E-3 5.21845E-4 1.23834E-3 1.21493E-3 1.76722E-3 2.58371E-3 1.9987E-3 1.43863E-3 1.62942E-3 1.79281E-3 1.6288E-3 1.57922E-3 1.45556E-3 4.89172E-4 4.48235E-4 5.61351E-4 7.21581E-4 8.08444E-4 1.45967E-3 4.93714E-4 4.33635E-4 3.44457E-4 4.25309E-4 3.75777E-4 3.31239E-4 3.25267E-4 3.30264E-4 1.78843E-4 2.1794E-4 1.34969E-4 1.32E-4 2.66296E-4 1.19626E-4 6.66039E-4 5.8827E-4 2.20568E-4 3.13141E-4 3.46781E-4 2.4923E-4 1.73627E-4 1.02639E-4 3.01467E-4 4.11888E-4 2.29861E-4 2.07505E-4 1.4249E-4 3.03884E-4 1.58833E-4
1.38912E-3 1.25095E-3 4.65721E-4 3.65019E-4 4.01494E-4 1.09395E-3 1.98918E-3 1.45796E-3 1.13633E-3 1.29425E-3 1.08323E-3 1.11914E-3 1.24397E-3 9.72217E-4 9.58818E-4 7.65173E-4 6.70227E-4 1.80999E-3 2.63144E-3 6.20541E-4 1.42779E-3 1.4551E-3 6.69753E-4 6.07947E-4 5.36177E-4 6.13722E-4 1.48459E-3 1.68045E-3 9.10072E-4 8.47746E-4 6.20996E-4 1.02231E-3 3.06664E-4 4.30927E-4 3.42447E-4 3.33308E-4 3.00973E-4 3.70964E-4 3.26565E-4 2.91458E-4 2.29785E-4 2.75947E-4 5.15018E-4 1.3382E-4 1.32853E-4 2.47854E-4 2.25514E-4 1.39855E-4 2.17836E-4 2.41658E-4 1.88405E-4 2.23877E-4 9.29978E-5 1.88814E-4 1.36327E-4 6.48029E-4 1.82529E-4 1.80195E-4 1.2404E-4 2.74152E-4 2.26162E-4
7.5285E-4 9.84383E-4 9.74317E-4 5.92883E-4 1.24801E-3 1.7462E-3 1.98447E-3 1.62073E-3 1.78334E-3 1.46726E-3 1.10792E-3 6.03497E-4 7.57238E-4 1.39896E-3 1.08002E-3 4.60309E-4 7.64625E-4 1.76918E-3 8.81329E-4 2.03864E-3 1.66917E-3 1.46603E-3 1.78893E-3 6.86256E-4 2.02157E-3 1.87273E-3 2.12816E-3 1.1836E-3 5.91404E-4 5.83701E-4 4.24768E-4 9.93657E-4 3.76229E-4 3.3143E-4 2.34798E-4 3.25578E-4 2.67537E-4 2.98729E-4 3.27926E-4 4.20986E-4 3.63267E-4 2.20366E-4 7.35785E-4 6.64925E-4 3.16118E-4 2.51024E-4 1.2587E-4 1.07105E-4 1.19796E-4 1.92986E-4 5.14508E-4 1.96026E-4 1.88711E-4 1.89782E-4 1.37224E-4 6.48385E-4 1.25854E-4 1.22994E-4 1.57131E-4 2.76943E-4 3.63667E-4
5.29966E-4 8.50544E-4 6.68478E-4 2.01773E-3 1.79071E-3 1.9842E-3 1.76231E-3 1.42926E-3 1.40753E-3 1.6574E-3 4.78737E-4 8.38825E-4 5.42215E-4 6.78845E-4 1.37005E-3 5.21557E-4 2.05661E-3 1.6141E-3 1.77774E-3 1.62968E-3 2.00655E-3 6.89694E-4 5.4918E-4 1.80316E-3 1.79746E-3 1.67996E-3 7.88487E-4 2.33703E-3 7.15834E-4 4.44323E-4 1.11163E-3 1.10836E-3 1.23952E-3 3.72941E-4 2.07411E-4 4.12104E-4 2.10118E-4 2.93531E-4 2.63553E-4 2.31931E-4 1.9814E-4 2.03382E-4 2.56733E-4 5.94675E-4 7.27819E-4 2.45293E-4 2.88047E-4 9.5709E-5 1.56519E-4 1.22077E-4 5.08022E-4 1.73908E-4 1.53643E-4 6.46718E-4 1.23048E-4 2.15464E-4 2.29021E-4 2.04109E-4 1.60405E-4 2.88383E-4 2.68157E-4
1.43564E-3 1.45294E-3 6.95747E-4 2.01376E-3 7.68994E-4 1.26601E-3 1.42943E-3 1.26805E-3 1.77036E-3 1.82441E-3 5.43305E-4 9.57408E-4 1.25904E-3 4.64015E-4 5.25893E-4 5.11432E-4 2.27683E-3 1.27387E-3 1.59392E-3 6.0407E-4 1.44654E-3 6.8669E-4 6.87378E-4 5.60089E-4 7.81499E-4 1.68748E-3 6.47031E-4 1.84753E-3 6.46491E-4 4.81356E-4 3.28358E-4 2.6573E-4 8.8182E-4 1.09643E-3 2.91233E-4 1.27869E-3 4.27842E-4 2.97819E-4 2.61581E-4 2.49247E-4 1.73048E-4 1.77441E-4 2.04793E-4 2.29874E-4 2.47723E-4 3.1159E-4 8.1911E-4 2.48222E-4 1.24741E-4 1.33438E-4 1.20332E-4 2.21587E-4 1.06777E-4 3.1135E-4 3.53714E-4 1.27215E-3 1.42403E-3 9.70803E-4 8.59012E-4 1.09646E-3 2.92349E-4
1.24519E-3 1.22469E-3 1.62125E-3 2.33269E-3 1.15876E-3 1.63135E-3 1.40975E-3 1.11766E-3 1.81974E-3 6.83803E-4 4.26814E-4 9.78547E-4 1.37739E-3 9.53049E-4 9.49324E-4 5.90079E-4 2.09611E-3 3.78351E-4 5.23298E-4 1.79171E-3 2.01443E-3 1.86829E-3 1.85308E-3 1.03042E-3 5.56213E-4 1.65688E-3 5.66446E-4 5.71404E-4 4.4315E-4 3.73163E-4 1.09656E-3 3.32399E-4 2.92515E-4 3.2771E-4 1.5988E-3 5.98634E-4 2.98327E-4 2.06889E-4 2.07092E-4 1.94446E-4 2.49916E-4 2.24078E-4 1.59133E-4 1.80369E-4 1.77849E-4 1.52647E-4 3.54205E-4 8.58462E-4 1.40092E-4 1.71391E-4 2.25093E-4 8.91352E-4 1.10021E-3 1.14874E-3 5.27315E-4 4.23505E-4 4.74701E-4 9.61225E-4 1.08407E-3 3.7078E-4 4.22514E-4
1.78348E-3 1.70588E-3 2.46951E-3 1.8905E-3 2.13197E-3 4.80656E-4 1.31443E-3 2.24164E-3 2.33282E-3 2.36284E-3 2.09868E-3 1.40903E-3 1.25004E-3 1.42641E-3 1.08556E-3 4.75993E-4 7.93553E-4 1.46503E-3 2.09111E-3 4.92471E-4 7.72903E-4 1.46123E-3 6.11055E-4 5.33122E-4 5.57597E-4 6.395E-4 3.45028E-4 3.37116E-4 2.72401E-4 2.65091E-4 2.949E-4 9.93675E-4 3.27148E-4 1.10778E-3 3.44601E-4 2.64487E-4 2.90499E-4 3.35348E-4 2.02616E-4 2.24252E-4 7.55732E-4 3.55395E-4 1.79577E-4 1.74433E-4 1.37613E-4 1.57856E-4 1.20018E-4 6.62603E-4 9.30425E-4 4.21849E-4 7.03989E-4 4.17121E-4 2.92515E-4 1.19174E-3 3.24425E-4 2.32377E-4 1.99433E-4 1.78783E-4 2.83659E-4 2.56507E-4 2.96939E-4
2.06666E-3 1.84808E-3 2.39852E-3 1.91524E-3 1.87397E-3 2.80884E-3 2.14055E-3 1.9835E-3 5.70159E-4 1.48279E-3 1.32133E-3 1.27362E-3 1.43103E-3 1.14325E-3 4.23149E-4 1.52174E-3 1.25092E-3 8.81386E-4 1.71315E-3 6.81417E-4 5.5006E-4 4.31229E-4 3.38604E-4 1.80951E-3 8.80058E-4 4.4052E-4 2.9537E-4 3.72426E-4 2.36576E-4 3.2893E-4 3.76287E-4 4.17347E-4 3.68843E-4 6.76914E-4 3.81096E-4 2.9105E-4 3.30249E-4 2.09325E-4 2.57703E-4 2.33436E-4 2.57354E-4 1.06636E-3 2.84116E-4 2.01337E-4 6.61724E-4 2.58719E-4 3.22595E-4 4.53679E-4 1.87424E-3 1.52406E-3 3.39112E-4 3.30083E-4 2.92163E-4 3.6398E-4 3.22188E-4 2.24957E-4 1.92809E-4 1.75323E-4 2.01957E-4 3.05931E-4 3.34348E-4
1.37308E-3 1.98209E-3 2.43693E-3 1.93864E-3 1.06071E-3 1.53323E-3 1.0903E-3 2.29345E-3 9.43603E-4 6.69877E-4 5.80797E-4 1.36962E-3 1.49973E-3 5.8331E-4 8.31544E-4 5.38855E-4 7.812E-4 1.33721E-3 6.41383E-4 4.41256E-4 3.78639E-4 5.25896E-4 4.76918E-4 6.1545E-4 3.5108E-4 2.68578E-4 4.05251E-4 9.87351E-4 3.31538E-4 4.83814E-4 4.78946E-4 4.19983E-4 1.61448E-3 4.86505E-4 3.3512E-4 4.59091E-4 4.75284E-4 2.98876E-4 3.26757E-4 2.9535E-4 2.3128E-4 2.30684E-4 1.10522E-3 2.40417E-4 2.93773E-4 3.87451E-4 1.58226E-3 5.85909E-4 4.38115E-4 2.96121E-4 2.24436E-4 2.22345E-4 1.57051E-4 1.97662E-4 1.73612E-4 1.80794E-4 2.008E-4 2.68171E-4 3.11335E-4 1.87671E-4 3.07067E-4
1.97639E-3 3.04149E-3 1.76266E-3 3.02942E-3 2.27099E-3 1.3672E-3 2.04388E-3 9.09845E-4 2.37025E-3 9.74546E-4 1.83339E-3 2.04368E-3 1.52692E-3 1.2956E-3 1.18834E-3 2.30966E-4 8.11221E-4 1.59236E-3 1.05708E-3 1.55726E-3 2.4487E-4 1.17734E-3 6.6612E-4 4.49153E-4 2.41151E-4 3.02539E-4 4.76991E-4 1.30726E-3 1.52817E-3 4.48822E-4 4.99817E-4 4.35467E-4 1.51963E-3 3.54368E-4 2.62712E-4 3.34204E-4 1.05647E-3 3.45179E-4 3.43596E-4 3.52602E-4 3.40155E-4 2.71745E-4 2.97397E-4 9.29344E-4 2.19311E-4 1.087E-3 4.68332E-4 2.76545E-4 2.14397E-4 1.7844E-4 2.06593E-4 2.57353E-4 2.08703E-4 2.33657E-4 2.06515E-4 2.34303E-4 2.78391E-4 3.17003E-4 3.16087E-4 2.27466E-4 3.7304E-4
2.10212E-3 2.57515E-3 2.70985E-3 3.36051E-3 7.67918E-4 5.1958E-4 1.84362E-3 2.68264E-3 2.41779E-3 2.47107E-3 2.14082E-3 8.57683E-4 4.56057E-4 4.56983E-4 8.30335E-4 1.05361E-3 1.76854E-3 1.25684E-3 1.36264E-3 1.5495E-3 1.44416E-3 2.31377E-3 7.51589E-4 6.90187E-4 4.69887E-4 4.08628E-4 4.06839E-4 1.41055E-3 1.79471E-3 6.65892E-4 4.79201E-4 3.62436E-4 5.13715E-4 4.01088E-4 3.23952E-4 3.14321E-4 1.22347E-3 3.59118E-4 3.6104E-4 2.84777E-4 3.15788E-4 3.20774E-4 2.82084E-4 1.22376E-3 1.4404E-3 1.62705E-3 4.75649E-4 3.73112E-4 2.4734E-4 2.45265E-4 2.17448E-4 2.38847E-4 3.27308E-4 3.09109E-4 3.49866E-4 2.78766E-4 7.79176E-4 2.88946E-4 2.59087E-4 4.88119E-4 6.29995E-4
