day_2/Results/Podomys_floridanus/projections/PaleoClim/-11000/RUN_2.asc
ncols         385
nrows         252
xllcorner     -91.50013924285
yllcorner     25.49986064915003
cellsize      0.041666666500000005
NODATA_value  -9999
[rows 108 to 134 of 252, columns 0 to 60 of 385]
3.08588E-2 2.09481E-2 5.07163E-3 3.49846E-3 3.08151E-3 1.82076E-3 1.3797E-3 1.96211E-3 1.2921E-3 1.97845E-3 7.88916E-3 1.54643E-3 7.93825E-4 3.49501E-3 1.96505E-3 1.21525E-3 4.83285E-3 4.5356E-3 3.47585E-3 1.16943E-3 3.33492E-3 5.47307E-3 4.57404E-3 2.09863E-3 2.10371E-3 5.38626E-3 2.31564E-3 1.9282E-3 1.80624E-3 1.77525E-3 1.66076E-3 6.6878E-3 2.06381E-3 1.26995E-2 1.50572E-2 1.06877E-2 1.06696E-2 3.58098E-3 2.75948E-3 3.64524E-3 2.90709E-3 2.62581E-3 1.35794E-3 2.64022E-3 8.26629E-3 9.34588E-3 1.14653E-2 9.48201E-3 8.63478E-3 1.06294E-2 4.29108E-3 2.81449E-3 1.1151E-2 5.93214E-3 3.10876E-3 1.02861E-2 1.67891E-2 3.55686E-3 1.02651E-2 1.72417E-2 1.78059E-2
2.53904E-2 4.06734E-3 3.94864E-3 2.14843E-3 1.42195E-3 9.56358E-4 1.95577E-3 1.1197E-3 1.33932E-3 5.89212E-3 2.47521E-3 1.50842E-3 7.97835E-4 9.95596E-4 6.2754E-3 5.7373E-3 1.53244E-3 7.20223E-4 6.9506E-3 4.06545E-3 1.19546E-3 9.40695E-4 1.76611E-3 6.72757E-3 7.08585E-3 6.13123E-3 2.18038E-3 1.92472E-3 2.30141E-3 1.98693E-3 1.93072E-3 1.99303E-3 2.17044E-3 2.24054E-3 1.47982E-2 1.65507E-2 1.09468E-2 3.67118E-3 3.80941E-3 3.59693E-3 2.03579E-3 9.03897E-3 3.09578E-3 1.79509E-3 1.4879E-3 2.23378E-3 8.97294E-3 1.22042E-2 6.45116E-3 9.264E-3 1.31215E-2 3.52048E-3 1.104E-2 6.42193E-3 3.47047E-3 1.13165E-2 1.63468E-2 5.54346E-3 3.75677E-3 1.75276E-2 5.85772E-3
2.69112E-2 2.0772E-3 2.77529E-3 1.44241E-3 1.76182E-3 2.05157E-3 2.33016E-3 1.41683E-3 1.7426E-3 7.97214E-3 2.15861E-3 1.76659E-3 1.09143E-3 5.92263E-3 6.62914E-3 1.6899E-3 1.42701E-3 8.80938E-4 9.16218E-4 1.23988E-3 1.04547E-3 1.14032E-3 1.33664E-3 1.8208E-3 6.47405E-3 2.33977E-3 1.89038E-3 2.01787E-3 2.51413E-3 2.36633E-3 2.97668E-3 2.25254E-3 1.67138E-3 1.74211E-3 1.02173E-2 1.16989E-2 1.62526E-2 1.04377E-2 4.11021E-3 3.34561E-3 3.25189E-3 1.04557E-2 3.18462E-3 2.50393E-3 2.32841E-3 2.30346E-3 1.69869E-3 5.61679E-3 9.72367E-3 7.61535E-3 1.06254E-2 1.30379E-2 1.22387E-2 1.99168E-2 4.61277E-3 3.38246E-3 1.51495E-2 5.71631E-3 5.03948E-3 1.96312E-2 5.9877E-3
2.23916E-2 4.71708E-3 3.92603E-3 1.47978E-2 1.81179E-2 2.05059E-2 1.25456E-2 6.96123E-3 7.51799E-3 2.44997E-3 2.41768E-3 6.32381E-3 6.63516E-3 7.09338E-3 1.74339E-3 5.37514E-3 1.15494E-3 1.0303E-3 9.94549E-4 1.00176E-3 1.01107E-3 1.42552E-3 1.02897E-3 1.53176E-3 2.05963E-3 6.5734E-3 2.30104E-3 2.16917E-3 2.46556E-3 3.39606E-3 2.77831E-3 2.39471E-3 1.96221E-3 1.44577E-3 1.95398E-3 1.20716E-3 1.3597E-2 1.45974E-2 1.09271E-2 4.1551E-3 3.84074E-3 2.95721E-3 2.55917E-3 2.34381E-3 3.41215E-3 3.35528E-3 2.89008E-3 2.68634E-3 1.86353E-3 2.21435E-3 1.23231E-2 9.46931E-3 1.4242E-2 2.08988E-2 6.23201E-3 4.17963E-3 1.0558E-2 1.90837E-2 4.87616E-3 1.99296E-2 5.46778E-3
1.9691E-2 1.61496E-2 9.53205E-3 3.46909E-3 1.24259E-3 1.86163E-3 2.06124E-3 2.85947E-3 9.6507E-3 6.17523E-3 5.97728E-3 1.46253E-3 6.01058E-3 2.17934E-3 1.36684E-3 1.18737E-3 1.09791E-3 1.23425E-3 1.23046E-3 9.30608E-4 1.34297E-3 1.44481E-3 1.25065E-3 1.25398E-3 1.94443E-3 2.35293E-3 7.36997E-3 2.2359E-3 2.89945E-3 3.26749E-3 3.12005E-3 2.69324E-3 2.17693E-3 2.25794E-3 2.03755E-3 1.32916E-3 1.63103E-3 1.39521E-2 8.55645E-3 1.11583E-2 4.60843E-3 2.19876E-3 2.86495E-3 3.05383E-3 1.09991E-2 3.742E-3 2.70346E-3 9.89569E-3 3.37589E-3 3.27857E-3 2.17566E-3 7.03811E-3 9.59303E-3 1.79005E-2 1.45014E-2 5.7177E-3 4.24438E-3 1.79671E-2 4.79273E-3 1.91549E-2 5.83487E-3
1.68765E-2 1.85585E-2 3.10356E-3 1.70322E-3 2.48309E-3 1.7173E-3 2.1178E-3 1.70233E-3 1.52652E-3 1.60878E-3 6.92737E-3 1.7436E-3 4.42032E-3 2.13396E-3 1.25382E-3 1.13944E-3 1.44168E-3 1.41427E-3 9.32061E-4 8.44639E-4 1.65623E-3 1.30665E-3 1.67487E-3 1.40769E-3 1.26171E-3 1.36131E-3 2.68264E-3 8.32616E-3 2.2969E-3 3.78352E-3 2.99547E-3 2.60185E-3 2.01342E-3 2.31067E-3 2.85686E-3 1.94479E-3 1.03948E-3 8.45506E-4 8.60939E-3 1.05158E-2 4.70412E-3 2.36704E-3 2.1763E-3 1.10147E-2 1.10725E-2 3.92735E-3 2.62904E-3 2.91674E-3 1.21978E-2 4.77296E-3 3.05571E-3 2.75443E-3 7.36137E-3 1.16102E-2 1.92237E-2 1.9374E-2 5.9451E-3 1.69866E-2 6.65219E-3 1.79216E-2 7.30215E-3
1.91277E-2 1.94427E-2 1.46026E-2 1.50549E-2 1.42513E-2 8.23464E-3 3.31494E-3 3.4349E-3 2.51957E-3 1.61616E-3 1.76861E-3 1.27519E-3 1.11101E-3 1.55444E-3 9.7702E-4 1.44762E-3 1.28654E-3 8.75406E-4 9.09562E-4 1.22646E-3 1.4981E-3 1.18077E-3 1.23523E-3 1.87927E-3 1.60718E-3 1.84032E-3 1.43011E-3 1.50641E-3 8.58984E-3 3.70363E-3 3.26418E-3 2.8683E-3 2.02821E-3 2.16175E-3 2.94841E-3 1.71115E-3 1.40179E-3 1.27639E-3 1.97862E-3 6.75573E-3 1.16863E-2 3.9921E-3 3.51678E-3 3.62867E-3 2.20914E-3 3.61821E-3 3.12584E-3 2.81444E-3 8.67111E-3 1.37019E-2 1.50945E-2 4.40584E-3 3.42813E-3 9.15807E-3 1.01436E-2 1.20309E-2 1.47704E-2 1.61117E-2 1.78899E-2 1.81209E-2 2.05161E-2
2.04607E-2 1.25714E-2 2.20229E-2 1.43821E-2 3.58744E-3 3.9261E-3 7.08826E-3 4.29256E-3 2.69764E-3 2.86737E-3 1.87987E-3 1.28345E-3 1.508E-3 1.24756E-3 1.12092E-3 1.26382E-3 1.34761E-3 9.94161E-4 8.71696E-4 1.5073E-3 1.46625E-3 1.48212E-3 1.18146E-3 1.85423E-3 1.53747E-3 2.49207E-3 1.92103E-3 1.68467E-3 1.9121E-3 3.87927E-3 2.76794E-3 2.20045E-3 2.22744E-3 2.99452E-3 2.32559E-3 1.88901E-3 1.68154E-3 1.12835E-3 8.32011E-4 6.39729E-3 9.77728E-3 4.4625E-3 4.32732E-3 3.51052E-3 2.89927E-3 4.49015E-3 4.20882E-3 4.0589E-3 2.82037E-3 3.23856E-3 1.0918E-2 1.71122E-2 6.31646E-3 4.14159E-3 4.40148E-3 4.4421E-3 3.96916E-3 3.74029E-3 1.14493E-2 1.0762E-2 1.18245E-2
2.11897E-2 1.93842E-2 1.17187E-2 4.59261E-3 3.81897E-3 2.35949E-3 3.24799E-3 8.88868E-3 3.18477E-3 2.39965E-3 1.51804E-3 1.22458E-3 1.6496E-3 1.29329E-3 1.08808E-3 1.45969E-3 1.3638E-3 8.65377E-4 9.04007E-4 1.70447E-3 1.39073E-3 9.91938E-4 1.02632E-3 1.58012E-3 2.01865E-3 2.45364E-3 2.03545E-3 1.69161E-3 1.74429E-3 8.62138E-3 3.58896E-3 2.252E-3 2.53885E-3 3.39589E-3 2.08737E-3 1.40975E-3 1.61409E-3 1.4642E-3 1.0823E-3 1.77507E-3 8.34849E-3 3.99711E-3 4.37939E-3 3.84977E-3 1.02167E-2 8.85591E-3 1.1262E-2 4.10766E-3 3.55769E-3 3.81317E-3 3.03911E-3 4.0823E-3 2.01519E-2 9.6982E-3 9.64426E-3 1.00032E-2 8.76428E-3 5.27005E-3 4.77746E-3 4.27855E-3 4.05183E-3
6.53864E-3 3.83508E-3 1.33349E-3 1.14632E-3 1.35851E-3 1.22206E-3 1.5942E-3 1.84279E-3 2.7171E-3 2.56782E-3 1.49458E-3 1.10198E-3 1.35213E-3 1.36393E-3 8.25103E-4 1.51578E-3 1.14715E-3 9.32136E-4 1.19943E-3 1.41864E-3 1.21716E-3 1.31518E-3 1.12343E-3 1.11733E-3 1.99247E-3 2.1161E-3 1.84156E-3 2.40529E-3 1.55641E-3 2.05525E-3 3.66275E-3 2.2896E-3 3.31635E-3 3.38599E-3 2.51606E-3 1.69199E-3 1.71198E-3 1.21767E-3 1.01822E-3 1.48988E-3 6.5848E-3 1.15138E-2 4.40085E-3 3.55451E-3 3.17505E-3 2.43007E-3 2.95586E-3 3.21018E-3 3.27336E-3 3.9305E-3 4.55977E-3 1.18905E-2 1.50703E-2 3.02383E-2 8.72477E-3 2.28477E-2 1.31504E-2 1.21826E-2 9.03236E-3 6.54354E-3 5.54174E-3
1.10561E-3 2.35361E-3 1.44724E-3 2.01692E-3 1.61218E-3 1.53652E-3 1.72191E-3 1.74695E-3 2.47719E-3 1.70527E-3 1.45023E-3 1.05155E-3 1.15172E-3 1.58953E-3 8.44887E-4 1.75138E-3 9.05239E-4 1.28072E-3 1.53775E-3 1.03508E-3 1.34206E-3 1.37548E-3 1.06186E-3 1.58358E-3 1.72975E-3 2.05383E-3 2.25085E-3 2.36509E-3 1.83417E-3 1.52724E-3 2.31029E-3 3.89297E-3 4.06855E-3 2.87155E-3 2.18135E-3 1.78858E-3 2.0109E-3 1.95445E-3 1.00658E-3 1.20504E-3 4.84223E-3 1.00198E-2 4.62024E-3 4.2388E-3 1.33837E-2 4.31818E-3 2.43378E-3 2.47878E-3 2.7575E-3 1.12312E-2 3.89111E-3 4.17516E-3 5.39977E-3 1.55025E-2 2.43827E-2 3.02883E-2 3.56995E-2 3.72221E-2 1.20585E-2 1.19413E-2 1.01421E-2
1.54233E-3 1.14347E-3 1.98323E-3 1.91652E-3 1.75661E-3 1.53291E-3 1.84126E-3 1.80673E-3 2.18932E-3 1.39118E-3 1.5627E-3 1.54319E-3 7.91535E-4 1.7191E-3 9.78364E-4 1.45323E-3 1.63302E-3 1.42255E-3 1.04314E-3 9.85873E-4 1.74091E-3 1.17077E-3 1.32454E-3 1.772E-3 1.64684E-3 2.49666E-3 2.67285E-3 1.88464E-3 1.95038E-3 1.78606E-3 1.67023E-3 4.5741E-3 3.28138E-3 2.60329E-3 1.79973E-3 2.12917E-3 2.2093E-3 2.57678E-3 1.21703E-3 8.09636E-4 1.48958E-3 8.85453E-3 8.6095E-3 4.41956E-3 3.78906E-3 4.15321E-3 2.05335E-3 2.96291E-3 8.90639E-3 4.52142E-3 4.40337E-3 4.86032E-3 4.78124E-3 8.13593E-3 7.4765E-3 1.04882E-2 8.13917E-3 9.07013E-3 3.82261E-2 1.57963E-2 1.04701E-2
1.53493E-3 9.26564E-4 2.15541E-3 1.37463E-3 1.72634E-3 1.37178E-3 1.58231E-3 2.37042E-3 1.78872E-3 1.29477E-3 1.64714E-3 1.39407E-3 8.94056E-4 8.1265E-4 1.59867E-3 1.82248E-3 1.28464E-3 1.19561E-3 1.32479E-3 1.4058E-3 1.43432E-3 8.12163E-4 1.00505E-3 1.3871E-3 2.60578E-3 2.63155E-3 1.84043E-3 1.67429E-3 1.7156E-3 2.02198E-3 1.7774E-3 4.71967E-3 3.07535E-3 2.91199E-3 2.24042E-3 1.59451E-3 1.89623E-3 5.42734E-3 2.09311E-3 1.00122E-3 1.71394E-3 9.23001E-3 4.72466E-3 3.76628E-3 3.69951E-3 4.436E-3 2.36904E-3 3.02538E-3 2.49443E-3 9.19849E-3 1.28991E-2 2.65713E-2 9.95743E-3 9.50455E-3 9.51038E-3 1.02049E-2 1.02711E-2 1.04769E-2 3.35804E-2 3.72039E-2 1.69878E-2
1.1576E-3 1.37432E-3 2.04386E-3 1.54837E-3 1.66949E-3 1.41874E-3 1.56248E-3 2.32483E-3 1.45926E-3 1.00552E-3 1.64794E-3 1.23795E-3 1.20806E-3 7.27955E-4 9.36241E-4 1.66371E-3 1.34191E-3 1.66081E-3 9.92921E-4 1.45221E-3 1.49856E-3 1.23836E-3 1.01406E-3 1.29248E-3 2.8763E-3 2.36599E-3 1.77881E-3 1.99276E-3 1.57339E-3 1.65337E-3 2.04675E-3 4.35637E-3 3.36161E-3 2.84179E-3 2.99209E-3 1.79803E-3 1.38644E-3 1.32789E-3 2.00547E-3 1.56238E-3 2.14139E-3 9.66066E-3 4.7401E-3 3.70489E-3 3.85939E-3 4.32024E-3 2.97633E-3 2.84053E-3 3.96424E-3 2.65696E-3 3.52806E-3 1.36169E-2 9.99007E-3 1.19991E-2 1.40766E-2 1.07975E-2 1.00796E-2 9.96413E-3 1.05422E-2 8.32684E-3 4.54151E-2
1.57747E-3 1.61537E-3 2.07766E-3 1.53563E-3 1.09462E-3 2.56896E-3 1.96383E-3 1.91695E-3 1.12154E-3 9.16332E-4 1.28501E-3 1.33284E-3 1.16881E-3 7.09119E-4 6.20666E-4 1.45076E-3 1.87179E-3 1.7822E-3 9.50283E-4 1.01231E-3 1.781E-3 1.30251E-3 1.13978E-3 1.84558E-3 2.80703E-3 2.20116E-3 2.15728E-3 1.69232E-3 1.58548E-3 1.35133E-3 1.6747E-3 4.11024E-3 3.3968E-3 3.17821E-3 3.9312E-3 2.23546E-3 1.81468E-3 1.15013E-3 1.21E-3 1.8654E-3 2.78141E-3 1.08495E-2 4.70253E-3 2.74353E-3 3.80243E-3 4.44183E-3 3.43936E-3 3.08694E-3 4.94487E-3 7.40842E-3 4.92849E-3 6.0716E-3 2.27454E-2 3.30069E-2 1.65156E-2 1.80177E-2 1.16619E-2 1.29645E-2 1.23707E-2 1.04525E-2 1.2305E-2
2.34849E-3 1.1116E-3 2.26938E-3 1.33554E-3 9.03199E-4 1.3007E-3 2.09123E-3 1.28025E-3 1.00827E-3 1.03546E-3 9.26982E-4 1.61639E-3 9.7868E-4 7.49018E-4 5.95032E-4 1.28503E-3 2.3869E-3 1.46135E-3 8.97452E-4 1.17625E-3 2.0752E-3 1.29501E-3 9.17013E-4 1.56894E-3 2.48087E-3 2.4739E-3 2.25213E-3 1.7162E-3 1.86086E-3 1.64521E-3 1.20565E-3 3.11012E-3 4.19987E-3 3.94635E-3 2.77512E-3 2.51492E-3 1.864E-3 1.57314E-3 1.46245E-3 2.23997E-3 3.38107E-3 1.26467E-2 4.49072E-3 3.23257E-3 4.65952E-3 5.0032E-3 3.86842E-3 2.53014E-3 1.33464E-2 9.45109E-3 8.30285E-3 8.85358E-3 6.53673E-3 9.93965E-3 3.8092E-2 1.94228E-2 1.53163E-2 1.55264E-2 1.75056E-2 1.16447E-2 1.21547E-2
8.54606E-3 1.85331E-3 1.66335E-3 1.24116E-3 9.19471E-4 8.47408E-4 1.80607E-3 9.48184E-4 9.37049E-4 9.66871E-4 8.57833E-4 1.42515E-3 9.09534E-4 7.59533E-4 8.44757E-4 1.26797E-3 2.25508E-3 1.30588E-3 1.12619E-3 1.27345E-3 2.00165E-3 1.48185E-3 1.41466E-3 1.29374E-3 2.6252E-3 2.56629E-3 2.35465E-3 1.98973E-3 1.76939E-3 2.01351E-3 1.67849E-3 1.5936E-3 3.65241E-3 4.54843E-3 2.88452E-3 2.87374E-3 2.09926E-3 1.68422E-3 1.77946E-3 2.80802E-3 4.24085E-3 1.3911E-2 4.47309E-3 3.64006E-3 5.61002E-3 5.41196E-3 4.63214E-3 3.52884E-3 3.00206E-3 1.60019E-2 1.16284E-2 1.60142E-2 9.0753E-3 8.61831E-3 1.05217E-2 1.39217E-2 1.97497E-2 1.90207E-2 2.02207E-2 1.5663E-2 1.63051E-2
2.31765E-3 1.66937E-3 1.75438E-3 1.36222E-3 8.57608E-4 1.25144E-3 1.4598E-3 8.45809E-4 1.02469E-3 9.82357E-4 1.07587E-3 1.02536E-3 1.02316E-3 8.08335E-4 7.3031E-4 1.48744E-3 1.97801E-3 1.3238E-3 1.13831E-3 1.72389E-3 1.97079E-3 2.27032E-3 1.69249E-3 1.58288E-3 2.995E-3 2.27759E-3 1.91204E-3 1.89452E-3 1.75501E-3 2.09167E-3 2.2663E-3 1.44804E-3 2.04341E-3 3.8191E-3 4.099E-3 2.54491E-3 2.16985E-3 2.17714E-3 2.24292E-3 3.49563E-3 4.82957E-3 5.57433E-3 4.23468E-3 4.28018E-3 6.46861E-3 5.57016E-3 7.31717E-3 8.26725E-3 5.33103E-3 7.20024E-3 3.35735E-2 1.75122E-2 1.59889E-2 1.36857E-2 1.35267E-2 1.2167E-2 1.72476E-2 1.63978E-2 1.79922E-2 2.2882E-2 2.27825E-2
2.37273E-3 2.32076E-3 2.31343E-3 1.72567E-3 1.03328E-3 1.31077E-3 9.42174E-4 8.34265E-4 9.52997E-4 8.96163E-4 9.71757E-4 1.03776E-3 1.06726E-3 9.14143E-4 8.45436E-4 1.58359E-3 1.93144E-3 2.02414E-3 1.84861E-3 1.42116E-3 1.86254E-3 1.7927E-3 1.93686E-3 2.30212E-3 3.03026E-3 1.60505E-3 2.14186E-3 2.05708E-3 2.1806E-3 1.81138E-3 2.40978E-3 1.69126E-3 1.41838E-3 2.53993E-3 4.01478E-3 4.05676E-3 3.15722E-3 2.11544E-3 2.74591E-3 4.69126E-3 1.81968E-2 4.29185E-3 3.94503E-3 4.8251E-3 2.08027E-2 6.48535E-3 8.11593E-3 1.29486E-2 7.06847E-3 1.04696E-2 1.0354E-2 2.07215E-2 1.80085E-2 1.39814E-2 2.05307E-2 1.94368E-2 2.05668E-2 1.56459E-2 1.97474E-3 2.19345E-2 2.0856E-2
2.38973E-3 2.38814E-3 1.95565E-3 2.28335E-3 1.54788E-3 1.07066E-3 7.87307E-4 1.04016E-3 8.55482E-4 9.90144E-4 9.27882E-4 9.41292E-4 1.07413E-3 1.03257E-3 1.13347E-3 1.78354E-3 2.26026E-3 2.2654E-3 2.58741E-3 2.63794E-3 1.99518E-3 2.95291E-3 2.05826E-3 2.59706E-3 4.0995E-3 2.60438E-3 2.07308E-3 2.22718E-3 2.49892E-3 2.2599E-3 2.34951E-3 2.24064E-3 1.96335E-3 1.63908E-3 2.17731E-3 3.25655E-3 3.81466E-3 3.38919E-3 4.10522E-3 5.86897E-3 8.08185E-3 5.60626E-3 4.46222E-3 7.3489E-3 7.19414E-3 6.92831E-3 9.13078E-3 1.84354E-2 1.23625E-2 1.13551E-2 1.32421E-2 2.25132E-2 1.90055E-2 1.81449E-2 2.14543E-2 2.90839E-2 2.81107E-2 3.35587E-3 2.75166E-3 3.51217E-3 3.46608E-3
1.16233E-3 1.43335E-3 1.64251E-3 1.64326E-3 1.30907E-3 9.47059E-4 7.62578E-4 8.70885E-4 7.85692E-4 8.80859E-4 9.43432E-4 8.71095E-4 1.00098E-3 1.13074E-3 1.25022E-3 2.04516E-3 2.07613E-3 2.62005E-3 2.40128E-3 2.99176E-3 2.21281E-3 2.04368E-3 2.30482E-3 3.80259E-3 4.31615E-3 3.61875E-3 3.03102E-3 3.62455E-3 2.21559E-3 2.13414E-3 4.42202E-3 2.25592E-3 2.69953E-3 2.26637E-3 2.12541E-3 2.0586E-3 2.91917E-3 4.00377E-3 4.78419E-3 6.77216E-3 8.58879E-3 1.43917E-2 1.24226E-2 1.14867E-2 1.31648E-2 1.43505E-2 1.92093E-2 1.76317E-2 1.79837E-2 1.98077E-2 1.92746E-2 2.56377E-2 2.22966E-2 2.46458E-2 3.09628E-3 3.10049E-2 4.12908E-3 4.25451E-3 3.23402E-3 3.02443E-3 3.82448E-3
9.63549E-4 1.46157E-3 9.09544E-4 9.14012E-4 1.1014E-3 1.03833E-3 7.98594E-4 7.89286E-4 7.45203E-4 8.39666E-4 9.32902E-4 1.36555E-3 1.49099E-3 1.93428E-3 1.83668E-3 1.85778E-3 2.33448E-3 2.71472E-3 2.74536E-3 3.10509E-3 3.19128E-3 3.20804E-3 2.34693E-3 2.3866E-3 3.65154E-3 4.10176E-3 3.93264E-3 4.55347E-3 3.64394E-3 4.00243E-3 4.68132E-3 3.96471E-3 5.19512E-3 5.36354E-3 2.86983E-3 3.25604E-3 2.59343E-3 3.37546E-3 4.93203E-3 6.21322E-3 7.83446E-3 1.88892E-2 1.86665E-2 2.41306E-2 1.9817E-2 2.17494E-2 2.00089E-2 2.01246E-2 2.33669E-2 2.70043E-2 2.33295E-2 2.63163E-2 3.07704E-2 3.30991E-3 3.50587E-3 4.48141E-3 4.64752E-3 5.50795E-3 3.81907E-3 2.83441E-3 3.77544E-3
9.46763E-4 1.17844E-3 8.05129E-4 8.45234E-4 1.02338E-3 1.04574E-3 9.76648E-4 9.00545E-4 8.2236E-4 8.50796E-4 1.32309E-3 1.39507E-3 1.56566E-3 1.7868E-3 1.88562E-3 1.91173E-3 2.25127E-3 2.46251E-3 3.09808E-3 3.20821E-3 3.63847E-3 3.41863E-3 3.82804E-3 2.49553E-3 3.92029E-3 2.13216E-3 2.28311E-3 4.03413E-3 4.34402E-3 4.91834E-3 4.57975E-3 4.56865E-3 5.1244E-3 6.10454E-3 6.21406E-3 7.01584E-3 7.40545E-3 3.88823E-3 5.81706E-3 7.23792E-3 7.98547E-3 1.03894E-2 2.1377E-2 2.67118E-2 2.53954E-2 2.7927E-2 2.51074E-2 2.64876E-2 3.08517E-2 3.27816E-2 3.0418E-2 2.48821E-2 3.76934E-2 3.49535E-3 4.20791E-3 4.29614E-3 4.75844E-3 5.61377E-3 5.18536E-3 3.56954E-3 3.55233E-3
7.97185E-4 8.63117E-4 8.00553E-4 1.09857E-3 9.16204E-4 8.61363E-4 1.69396E-3 1.57171E-3 1.28396E-3 1.28989E-3 1.37223E-3 1.40282E-3 1.60898E-3 1.66661E-3 1.78901E-3 1.99639E-3 2.27796E-3 2.55669E-3 2.97587E-3 3.5703E-3 3.41248E-3 4.33182E-3 4.30338E-3 4.42416E-3 4.01638E-3 2.15492E-3 2.23444E-3 2.18242E-3 2.39686E-3 2.61567E-3 4.32594E-3 2.91362E-3 6.28197E-3 6.4059E-3 7.14266E-3 7.85971E-3 9.30379E-3 9.34537E-3 1.06972E-2 1.46582E-2 9.61035E-3 1.90245E-2 2.26423E-2 2.57882E-2 3.11542E-2 3.05508E-2 3.10271E-2 3.33088E-2 3.71985E-2 3.84806E-2 3.55931E-2 3.91206E-3 5.03988E-3 5.18624E-3 4.69819E-3 4.52901E-3 4.32122E-3 4.88236E-3 5.71494E-3 5.38384E-3 3.38929E-3
7.12608E-4 6.10574E-4 6.54052E-4 6.23915E-4 8.20439E-4 9.2284E-4 1.067E-3 1.70289E-3 1.2196E-3 1.35803E-3 1.4015E-3 1.57679E-3 1.68667E-3 1.71845E-3 1.98491E-3 2.20924E-3 2.58379E-3 2.63824E-3 3.00677E-3 3.42017E-3 4.23793E-3 4.85115E-3 4.43496E-3 4.60867E-3 4.65747E-3 2.29495E-3 2.32136E-3 2.33499E-3 2.34059E-3 2.38982E-3 2.56937E-3 2.8952E-3 5.45296E-3 6.67886E-3 7.43425E-3 8.22758E-3 1.03786E-2 1.17908E-2 1.38462E-2 1.62389E-2 1.8577E-2 2.0062E-2 2.48362E-2 2.95659E-2 3.15132E-2 3.41627E-2 3.76922E-2 4.03836E-2 4.34961E-2 5.57255E-3 5.83078E-3 5.96243E-3 4.77075E-3 5.96647E-3 6.18218E-3 5.35886E-3 5.07117E-3 5.09744E-3 4.782E-3 5.54218E-3 4.55424E-3
6.36458E-4 6.60126E-4 6.26698E-4 5.75585E-4 6.94844E-4 8.10236E-4 1.0663E-3 1.78279E-3 1.35674E-3 1.2889E-3 1.43227E-3 1.50227E-3 1.64958E-3 1.7416E-3 1.83134E-3 2.06971E-3 2.44905E-3 2.69183E-3 3.76324E-3 3.96778E-3 4.65568E-3 4.95809E-3 5.12113E-3 4.76361E-3 4.57987E-3 4.54272E-3 4.22362E-3 2.47408E-3 4.29774E-3 4.75992E-3 5.07336E-3 5.53879E-3 5.59676E-3 7.02179E-3 7.87885E-3 8.6526E-3 1.13658E-2 1.33211E-2 1.60069E-2 1.89522E-2 1.94365E-2 2.40844E-2 2.51658E-2 3.51721E-2 3.67242E-2 3.68148E-2 3.95137E-2 4.66544E-2 6.64043E-3 6.01391E-3 6.98223E-3 6.82987E-3 6.71115E-3 5.48026E-3 5.87939E-3 6.63246E-3 6.01683E-3 5.85314E-3 5.6822E-3 5.25384E-3 5.20612E-3
4.79216E-4 5.8358E-4 6.1062E-4 6.43631E-4 7.76178E-4 7.93955E-4 1.61305E-3 1.78051E-3 1.55551E-3 1.58975E-3 1.62362E-3 1.72164E-3 1.57288E-3 1.82818E-3 1.8313E-3 1.94277E-3 2.99289E-3 3.06252E-3 3.44624E-3 4.33451E-3 4.44663E-3 4.6267E-3 4.75452E-3 4.97696E-3 5.33187E-3 6.07762E-3 5.3133E-3 4.81569E-3 4.59687E-3 5.01746E-3 6.10728E-3 7.20842E-3 8.15504E-3 7.85996E-3 9.40904E-3 1.01139E-2 1.21913E-2 1.51771E-2 1.7336E-2 1.99848E-2 2.41003E-2 2.6419E-2 2.99549E-2 3.09459E-2 4.20828E-2 5.38642E-3 5.72344E-3 6.331E-3 6.9819E-3 6.93129E-3 5.01709E-3 7.33812E-3 7.68787E-3 7.05147E-3 6.48016E-3 6.62135E-3 6.29254E-3 6.10332E-3 5.82371E-3 5.16961E-3 5.14023E-3
