day_2/Results/Podomys_floridanus/projections/PaleoClim/-11000/RUN_2.asc
ncols         385
nrows         252
xllcorner     -91.50013924285
yllcorner     25.49986064915003
cellsize      0.041666666500000005
NODATA_value  -9999
[rows 135 to 161 of 252, columns 61 to 121 of 385]
4.68337E-3 4.34244E-3 3.99089E-3 3.73059E-3 3.31578E-3 2.76689E-3 2.5512E-3 2.15628E-3 2.51621E-3 2.36866E-3 2.19361E-3 2.02973E-3 2.48313E-3 2.72754E-3 3.05049E-3 3.46813E-3 3.79219E-3 4.25387E-3 4.3971E-3 4.18019E-3 4.15746E-3 4.42096E-3 4.76964E-3 4.74621E-3 4.75265E-3 4.78929E-3 4.67924E-3 4.29476E-3 3.72824E-3 3.15546E-3 2.97785E-3 2.38923E-3 8.07202E-3 2.54706E-3 2.00772E-3 1.59666E-3 6.07648E-3 1.71717E-3 1.35917E-3 1.60957E-3 1.5853E-3 1.65788E-3 1.46E-3 1.48523E-3 1.47239E-3 1.45708E-3 1.46084E-3 1.34775E-3 1.44469E-3 1.5692E-3 1.51866E-3 1.52282E-3 7.58047E-3 7.60318E-3 7.66332E-3 7.64987E-3 7.6861E-3 7.09047E-3 7.1221E-3 7.1448E-3 7.1655E-3
5.07058E-3 4.72466E-3 4.23748E-3 4.10882E-3 3.60058E-3 3.01165E-3 2.79437E-3 2.50785E-3 2.53229E-3 2.4678E-3 2.45826E-3 2.29434E-3 2.4391E-3 2.88066E-3 3.29717E-3 3.51718E-3 3.77584E-3 4.28368E-3 4.30944E-3 4.5671E-3 4.41498E-3 4.74846E-3 4.71222E-3 4.69269E-3 4.81103E-3 4.71702E-3 4.64824E-3 4.62568E-3 4.11814E-3 3.85224E-3 3.11539E-3 2.52204E-3 4.77281E-3 2.49477E-3 2.13736E-3 3.84274E-3 2.14393E-3 2.00317E-3 1.98705E-3 1.96836E-3 1.83268E-3 1.82027E-3 1.81772E-3 1.69702E-3 1.62877E-3 1.62435E-3 1.62856E-3 1.45694E-3 1.43831E-3 1.44384E-3 1.44573E-3 1.57199E-3 1.57244E-3 1.57652E-3 1.57902E-3 7.74468E-3 7.77137E-3 7.79207E-3 7.79222E-3 7.8394E-3 7.24607E-3
5.33516E-3 4.97997E-3 4.54762E-3 4.07612E-3 3.55865E-3 3.28585E-3 3.04459E-3 2.71468E-3 2.58985E-3 2.58929E-3 2.6774E-3 2.66781E-3 2.85519E-3 3.04553E-3 3.47921E-3 3.72288E-3 3.97799E-3 4.21178E-3 4.72032E-3 5.04239E-3 4.65032E-3 5.10564E-3 5.02475E-3 4.7336E-3 4.76968E-3 4.54599E-3 4.23676E-3 3.98932E-3 3.88024E-3 3.87164E-3 3.19919E-3 3.15094E-3 2.55118E-3 2.47388E-3 2.44374E-3 4.08936E-3 4.07748E-3 3.63709E-3 2.00394E-3 1.85681E-3 1.86072E-3 1.8583E-3 1.81951E-3 1.79645E-3 1.66822E-3 1.67782E-3 1.67553E-3 1.65698E-3 1.66123E-3 1.66128E-3 1.66343E-3 1.66823E-3 1.67263E-3 1.67699E-3 1.8199E-3 1.81805E-3 1.82091E-3 1.82567E-3 1.83044E-3 8.84316E-3 8.8687E-3
5.78052E-3 4.93752E-3 4.92073E-3 4.31372E-3 3.75773E-3 3.54986E-3 3.07561E-3 3.10197E-3 2.89251E-3 2.83967E-3 2.93457E-3 3.13718E-3 3.12127E-3 3.32869E-3 3.81265E-3 4.05869E-3 4.32011E-3 4.43965E-3 4.70955E-3 5.01042E-3 5.22954E-3 5.12314E-3 5.29539E-3 5.28089E-3 5.04159E-3 4.70714E-3 4.44672E-3 4.45071E-3 4.38621E-3 4.04162E-3 6.78383E-3 9.9291E-3 8.39111E-3 7.82483E-3 7.18667E-3 6.67688E-3 6.69285E-3 6.20416E-3 3.77715E-3 5.58464E-3 3.48977E-3 3.48877E-3 3.44603E-3 3.18545E-3 1.77525E-3 1.75582E-3 1.7142E-3 1.70958E-3 1.70823E-3 1.71856E-3 1.71635E-3 1.86042E-3 1.87269E-3 1.87028E-3 1.87272E-3 1.88012E-3 2.03706E-3 2.0409E-3 2.03824E-3 2.04618E-3 2.04898E-3
6.27217E-3 5.54812E-3 5.18173E-3 4.55558E-3 4.27795E-3 3.72902E-3 3.71245E-3 3.43911E-3 3.50494E-3 3.48196E-3 3.4588E-3 3.44035E-3 3.44562E-3 3.65916E-3 3.8927E-3 4.14131E-3 4.39952E-3 4.66921E-3 4.96928E-3 5.36928E-3 1.54641E-2 1.54112E-2 9.83341E-3 9.25549E-3 8.5622E-3 8.64091E-3 8.07199E-3 1.11412E-2 1.10941E-2 1.03258E-2 9.45548E-3 8.81388E-3 8.02485E-3 8.00039E-3 7.42683E-3 6.91037E-3 6.91612E-3 6.4068E-3 6.41354E-3 6.35076E-3 5.7853E-3 5.73578E-3 5.71996E-3 3.58069E-3 5.2951E-3 5.29556E-3 3.57507E-3 3.5751E-3 3.57982E-3 3.59493E-3 3.58801E-3 3.59273E-3 2.13973E-3 2.14383E-3 2.14385E-3 2.14954E-3 2.12754E-3 2.32621E-3 2.33578E-3 2.31179E-3 2.3349E-3
6.2069E-3 5.84887E-3 5.47522E-3 5.14657E-3 4.52084E-3 4.20468E-3 4.19702E-3 3.89648E-3 3.8592E-3 3.84873E-3 3.82809E-3 3.80843E-3 4.0584E-3 4.30998E-3 4.69623E-3 4.97951E-3 4.9483E-3 5.22493E-3 1.00742E-2 1.00359E-2 1.48405E-2 1.38855E-2 1.38639E-2 1.29732E-2 1.29883E-2 1.21385E-2 1.12834E-2 1.05199E-2 1.0501E-2 9.77874E-3 9.11926E-3 9.10504E-3 8.49201E-3 8.27083E-3 7.57758E-3 7.6783E-3 7.1339E-3 7.13987E-3 7.11142E-3 6.63417E-3 6.53473E-3 6.59305E-3 6.39745E-3 5.93423E-3 5.94063E-3 6.10713E-3 5.94892E-3 5.93678E-3 5.93675E-3 1.49327E-2 -9999 -9999 -9999 6.35805E-3 6.36645E-3 4.31059E-3 4.29927E-3 4.30492E-3 1.21047E-2 1.19953E-2 4.67611E-3
6.53231E-3 6.26889E-3 5.89159E-3 5.53655E-3 5.184E-3 4.73018E-3 4.40318E-3 4.3844E-3 4.36656E-3 4.34886E-3 4.31475E-3 4.58257E-3 4.56594E-3 4.83706E-3 5.14505E-3 5.11143E-3 5.42498E-3 9.79754E-3 9.77044E-3 1.44183E-2 1.43712E-2 1.34169E-2 1.33962E-2 1.25083E-2 1.27303E-2 1.16693E-2 1.08687E-2 1.08343E-2 1.01351E-2 9.44795E-3 9.42576E-3 9.41877E-3 8.77787E-3 8.45916E-3 7.8601E-3 7.85623E-3 7.84578E-3 7.29193E-3 7.29956E-3 7.29956E-3 7.29713E-3 1.80987E-2 1.69643E-2 1.69274E-2 1.69605E-2 1.69961E-2 1.68186E-2 -9999 -9999 -9999 -9999 -9999 -9999 -9999 -9999 -9999 -9999 -9999 -9999 -9999 -9999
7.10719E-3 6.67426E-3 6.40544E-3 5.88172E-3 5.80365E-3 5.43498E-3 4.95073E-3 4.9491E-3 4.90237E-3 4.8823E-3 5.17606E-3 5.15576E-3 5.46651E-3 5.43057E-3 1.36789E-2 1.03985E-2 2.59482E-2 1.52734E-2 3.51591E-2 3.50366E-2 3.48997E-2 3.25315E-2 3.2723E-2 3.05829E-2 3.05164E-2 2.82605E-2 2.81918E-2 2.6185E-2 2.55707E-2 2.3935E-2 2.3883E-2 9.63973E-3 2.21836E-2 2.22406E-2 2.21972E-2 2.06945E-2 2.07301E-2 2.06838E-2 2.04366E-2 2.03961E-2 1.85193E-2 1.85494E-2 1.85854E-2 1.85859E-2 1.86151E-2 1.86152E-2 -9999 -9999 -9999 -9999 -9999 -9999 -9999 -9999 -9999 -9999 -9999 -9999 -9999 -9999 -9999
7.46721E-3 7.00241E-3 6.59015E-3 6.80879E-3 6.18309E-3 5.79719E-3 5.54934E-3 5.5269E-3 5.50091E-3 5.4936E-3 5.7954E-3 5.68579E-3 1.4016E-2 1.39437E-2 2.5066E-2 3.66866E-2 3.64002E-2 3.56771E-2 3.56047E-2 3.32083E-2 3.30642E-2 3.11701E-2 3.07267E-2 2.86962E-2 2.87449E-2 2.85715E-2 2.67032E-2 2.66452E-2 2.66447E-2 2.42819E-2 2.42741E-2 2.39389E-2 2.23086E-2 2.22599E-2 2.22516E-2 2.25634E-2 2.25645E-2 2.07531E-2 2.07471E-2 2.07503E-2 2.07904E-2 2.07908E-2 2.07101E-2 2.08253E-2 -9999 -9999 -9999 -9999 -9999 -9999 -9999 -9999 -9999 -9999 -9999 -9999 -9999 -9999 -9999 -9999 -9999
7.83542E-3 7.35928E-3 6.93232E-3 6.9203E-3 6.47507E-3 6.30772E-3 5.85609E-3 6.17989E-3 6.14698E-3 1.48815E-2 1.47463E-2 1.45731E-2 2.62406E-2 3.78631E-2 3.80964E-2 3.64711E-2 3.62537E-2 3.3892E-2 3.36142E-2 3.36126E-2 3.13839E-2 3.1246E-2 2.93072E-2 2.91302E-2 2.896E-2 2.71234E-2 2.70642E-2 2.71167E-2 2.70114E-2 2.52238E-2 2.51631E-2 2.52116E-2 2.5163E-2 2.51626E-2 2.25933E-2 2.25852E-2 2.258E-2 2.26239E-2 2.25799E-2 2.26237E-2 2.24923E-2 2.25766E-2 2.26244E-2 -9999 -9999 -9999 -9999 -9999 -9999 -9999 -9999 -9999 -9999 -9999 -9999 -9999 -9999 -9999 -9999 -9999 -9999
8.04086E-3 7.74105E-3 7.6012E-3 7.26081E-3 6.67701E-3 6.65661E-3 6.51842E-3 1.56716E-2 1.54986E-2 1.53141E-2 1.5133E-2 2.66084E-2 3.90062E-2 3.80812E-2 3.78564E-2 3.52121E-2 3.50592E-2 3.49901E-2 3.26314E-2 3.24341E-2 3.23628E-2 2.97588E-2 2.95192E-2 2.95184E-2 2.95074E-2 2.75498E-2 2.74324E-2 2.73825E-2 2.73798E-2 2.73756E-2 2.5628E-2 2.54668E-2 2.55644E-2 2.55156E-2 2.51165E-2 2.51638E-2 2.35243E-2 2.35185E-2 2.34728E-2 2.34663E-2 2.34663E-2 -9999 -9999 -9999 -9999 -9999 -9999 -9999 -9999 -9999 -9999 -9999 -9999 -9999 -9999 -9999 -9999 -9999 -9999 -9999 -9999
8.43861E-3 8.08975E-3 8.10945E-3 7.62987E-3 7.42716E-3 1.79969E-2 1.73925E-2 1.60595E-2 1.59279E-2 2.78978E-2 4.06439E-2 4.01692E-2 3.95251E-2 3.62106E-2 3.59193E-2 3.57012E-2 3.337E-2 3.31679E-2 3.29674E-2 3.29659E-2 3.07177E-2 3.07102E-2 3.05909E-2 3.05901E-2 2.86286E-2 2.84551E-2 2.85654E-2 2.84543E-2 2.76979E-2 2.76952E-2 2.77483E-2 2.58814E-2 2.54719E-2 2.56731E-2 2.55724E-2 2.55188E-2 2.55621E-2 2.54194E-2 2.54116E-2 -9999 -9999 -9999 -9999 -9999 -9999 -9999 -9999 -9999 -9999 -9999 -9999 -9999 -9999 -9999 -9999 -9999 -9999 -9999 -9999 -9999 -9999
2.16363E-2 8.86608E-3 2.02393E-2 1.9063E-2 1.8746E-2 1.81403E-2 1.79965E-2 1.63531E-2 2.8887E-2 4.2243E-2 4.1108E-2 4.05448E-2 3.75314E-2 3.72935E-2 3.70765E-2 3.44831E-2 3.36568E-2 3.34512E-2 3.1363E-2 3.11125E-2 3.11725E-2 3.11117E-2 3.11092E-2 3.09882E-2 2.90684E-2 2.89486E-2 2.88919E-2 2.87783E-2 2.8835E-2 2.87781E-2 2.8496E-2 2.83855E-2 2.83302E-2 2.82742E-2 2.76859E-2 2.65439E-2 2.59338E-2 2.76744E-2 -9999 -9999 -9999 -9999 -9999 -9999 -9999 -9999 -9999 -9999 -9999 -9999 -9999 -9999 -9999 -9999 -9999 -9999 -9999 -9999 -9999 -9999 -9999
2.23388E-2 2.09791E-2 1.97178E-2 2.08038E-2 1.88841E-2 1.85429E-2 3.25158E-2 4.40755E-2 4.26458E-2 4.23052E-2 3.96577E-2 3.85048E-2 3.81923E-2 3.51125E-2 3.51018E-2 3.48232E-2 3.48218E-2 3.26107E-2 3.24139E-2 3.22246E-2 3.22863E-2 3.2161E-2 3.14539E-2 3.13903E-2 2.94634E-2 2.92853E-2 2.92781E-2 2.89343E-2 2.92162E-2 2.89326E-2 2.88195E-2 2.90522E-2 2.90537E-2 2.87703E-2 2.87695E-2 2.86502E-2 3.06501E-2 -9999 -9999 -9999 -9999 -9999 -9999 -9999 -9999 -9999 -9999 -9999 -9999 -9999 -9999 -9999 -9999 -9999 -9999 -9999 -9999 -9999 -9999 -9999 -9999
2.24755E-2 2.11987E-2 2.14977E-2 2.08963E-2 1.9293E-2 4.94E-2 4.5471E-2 4.48382E-2 4.38638E-2 4.00472E-2 3.98745E-2 3.95642E-2 3.65465E-2 3.54728E-2 3.52556E-2 3.3155E-2 3.30191E-2 3.28252E-2 3.28257E-2 3.27618E-2 3.26345E-2 3.25707E-2 3.25062E-2 3.24431E-2 3.24429E-2 3.23786E-2 3.0297E-2 2.96588E-2 2.9151E-2 2.92059E-2 2.91495E-2 3.11154E-2 3.136E-2 3.10626E-2 3.11196E-2 -9999 -9999 -9999 -9999 -9999 -9999 -9999 -9999 -9999 -9999 -9999 -9999 -9999 -9999 -9999 -9999 -9999 -9999 -9999 -9999 -9999 -9999 -9999 -9999 -9999 -9999
2.18036E-2 2.16691E-2 2.17108E-2 3.53234E-2 5.13502E-2 4.68499E-2 4.64582E-2 4.51581E-2 4.15487E-2 4.1126E-2 3.77237E-2 3.749E-2 3.67558E-2 3.67578E-2 3.43973E-2 3.34421E-2 3.33051E-2 -9999 3.31784E-2 3.3114E-2 3.31132E-2 3.3113E-2 3.27886E-2 3.28515E-2 3.28533E-2 3.247E-2 3.27226E-2 -9999 3.25957E-2 3.25957E-2 3.2603E-2 3.41865E-2 3.4265E-2 3.41243E-2 3.34498E-2 -9999 -9999 -9999 -9999 -9999 -9999 -9999 -9999 -9999 -9999 -9999 -9999 -9999 -9999 -9999 -9999 -9999 -9999 -9999 -9999 -9999 -9999 -9999 -9999 -9999 -9999
2.11127E-2 2.07683E-2 3.70791E-2 5.18921E-2 4.87249E-2 4.81379E-2 4.40339E-2 4.35921E-2 4.1765E-2 3.90018E-2 3.86963E-2 3.77936E-2 3.54392E-2 -9999 3.47428E-2 3.46078E-2 -9999 -9999 3.4339E-2 3.43392E-2 3.41396E-2 3.40706E-2 -9999 -9999 3.33294E-2 -9999 -9999 -9999 -9999 -9999 3.48188E-2 3.46759E-2 3.68039E-2 -9999 -9999 -9999 -9999 -9999 -9999 -9999 -9999 -9999 -9999 -9999 -9999 -9999 -9999 -9999 -9999 -9999 -9999 -9999 -9999 -9999 -9999 -9999 -9999 -9999 -9999 -9999 -9999
3.76817E-2 5.50883E-2 5.46603E-2 5.04606E-2 4.88447E-2 4.54646E-2 4.41689E-2 4.37354E-2 4.07965E-2 3.94529E-2 3.9153E-2 -9999 -9999 -9999 -9999 -9999 -9999 -9999 3.46949E-2 3.47625E-2 3.46951E-2 -9999 -9999 -9999 -9999 -9999 -9999 -9999 3.77434E-2 3.71795E-2 3.73086E-2 -9999 -9999 -9999 -9999 -9999 -9999 -9999 -9999 -9999 -9999 -9999 -9999 -9999 -9999 -9999 -9999 -9999 -9999 -9999 -9999 -9999 -9999 -9999 -9999 -9999 -9999 -9999 -9999 -9999 -9999
5.55518E-2 5.1495E-2 5.15747E-2 5.03842E-2 4.61568E-2 4.56825E-2 4.26515E-2 4.23834E-2 4.06113E-2 3.81536E-2 -9999 -9999 -9999 -9999 -9999 -9999 -9999 -9999 -9999 -9999 -9999 -9999 -9999 -9999 -9999 3.92284E-2 3.90762E-2 3.91517E-2 -9999 4.13013E-2 -9999 -9999 -9999 -9999 -9999 -9999 -9999 -9999 -9999 -9999 -9999 -9999 -9999 -9999 -9999 -9999 -9999 -9999 -9999 -9999 -9999 -9999 -9999 -9999 -9999 -9999 -9999 -9999 -9999 -9999 -9999
5.38227E-2 5.34963E-2 4.81945E-2 4.77007E-2 4.73281E-2 4.33145E-2 4.28687E-2 4.0154E-2 3.86071E-2 3.86004E-2 -9999 -9999 -9999 -9999 -9999 -9999 -9999 -9999 -9999 -9999 -9999 -9999 -9999 -9999 -9999 -9999 -9999 -9999 -9999 -9999 -9999 -9999 -9999 -9999 -9999 -9999 -9999 -9999 -9999 -9999 -9999 -9999 -9999 -9999 -9999 -9999 -9999 -9999 -9999 -9999 -9999 -9999 -9999 -9999 -9999 -9999 -9999 -9999 -9999 -9999 -9999
5.10072E-2 5.05865E-2 4.82286E-2 4.51614E-2 4.48E-2 4.43633E-2 4.06206E-2 4.3014E-2 4.13169E-2 -9999 -9999 -9999 -9999 -9999 -9999 -9999 -9999 -9999 -9999 -9999 -9999 -9999 -9999 -9999 -9999 -9999 -9999 -9999 -9999 -9999 -9999 -9999 -9999 -9999 -9999 -9999 -9999 -9999 -9999 -9999 -9999 -9999 -9999 -9999 -9999 -9999 -9999 -9999 -9999 -9999 -9999 -9999 -9999 -9999 -9999 -9999 -9999 -9999 -9999 -9999 -9999
5.103E-2 4.71783E-2 4.67177E-2 4.54004E-2 4.5131E-2 4.47755E-2 4.35114E-2 4.30065E-2 -9999 -9999 -9999 -9999 -9999 -9999 -9999 -9999 -9999 -9999 -9999 -9999 -9999 -9999 -9999 -9999 -9999 -9999 -9999 -9999 -9999 -9999 -9999 -9999 -9999 -9999 -9999 -9999 -9999 -9999 -9999 -9999 -9999 -9999 -9999 -9999 -9999 -9999 -9999 -9999 -9999 -9999 -9999 -9999 -9999 -9999 -9999 -9999 -9999 -9999 -9999 -9999 -9999
5.21147E-2 4.9982E-2 4.97892E-2 4.82324E-2 4.80465E-2 4.66943E-2 4.61643E-2 -9999 -9999 -9999 -9999 -9999 -9999 -9999 -9999 -9999 -9999 -9999 -9999 -9999 -9999 -9999 -9999 -9999 -9999 -9999 -9999 -9999 -9999 -9999 -9999 -9999 -9999 -9999 -9999 -9999 -9999 -9999 -9999 -9999 -9999 -9999 -9999 -9999 -9999 -9999 -9999 -9999 -9999 -9999 -9999 -9999 -9999 -9999 -9999 -9999 -9999 -9999 -9999 -9999 -9999
4.15418E-2 5.04445E-2 5.28615E-2 5.44131E-2 5.33642E-2 -9999 -9999 -9999 -9999 -9999 -9999 -9999 -9999 -9999 -9999 -9999 -9999 -9999 -9999 -9999 -9999 -9999 -9999 -9999 -9999 -9999 -9999 -9999 -9999 -9999 -9999 -9999 -9999 -9999 -9999 -9999 -9999 -9999 -9999 -9999 -9999 -9999 -9999 -9999 -9999 -9999 -9999 -9999 -9999 -9999 -9999 -9999 -9999 -9999 -9999 -9999 -9999 -9999 -9999 -9999 -9999
3.84223E-2 4.46267E-2 4.444E-2 5.99263E-2 -9999 -9999 -9999 -9999 -9999 -9999 -9999 -9999 -9999 -9999 -9999 -9999 -9999 -9999 -9999 -9999 -9999 -9999 -9999 -9999 -9999 -9999 -9999 -9999 -9999 -9999 -9999 -9999 -9999 -9999 -9999 -9999 -9999 -9999 -9999 -9999 -9999 -9999 -9999 -9999 -9999 -9999 -9999 -9999 -9999 -9999 -9999 -9999 -9999 -9999 -9999 -9999 -9999 -9999 -9999 -9999 -9999
4.4731E-2 4.36658E-2 -9999 -9999 -9999 -9999 -9999 -9999 -9999 -9999 -9999 -9999 -9999 -9999 -9999 -9999 -9999 -9999 -9999 -9999 -9999 -9999 -9999 -9999 -9999 -9999 -9999 -9999 -9999 -9999 -9999 -9999 -9999 -9999 -9999 -9999 -9999 -9999 -9999 -9999 -9999 -9999 -9999 -9999 -9999 -9999 -9999 -9999 -9999 -9999 -9999 -9999 -9999 -9999 -9999 -9999 -9999 -9999 -9999 -9999 -9999
4.85621E-2 -9999 -9999 -9999 -9999 -9999 -9999 -9999 -9999 -9999 -9999 -9999 -9999 -9999 -9999 -9999 -9999 -9999 -9999 -9999 -9999 -9999 -9999 -9999 -9999 -9999 -9999 -9999 -9999 -9999 -9999 -9999 -9999 -9999 -9999 -9999 -9999 -9999 -9999 -9999 -9999 -9999 -9999 -9999 -9999 -9999 -9999 -9999 -9999 -9999 -9999 -9999 -9999 -9999 -9999 -9999 -9999 -9999 -9999 -9999 -9999
