day_2/Results/Podomys_floridanus/projections/PaleoClim/-11000/RUN_1.asc
ncols         385
nrows         252
xllcorner     -91.50013924285
yllcorner     25.49986064915003
cellsize      0.041666666500000005
NODATA_value  -9999
[rows 135 to 161 of 252, columns 183 to 243 of 385]
4.35163E-3 4.76611E-3 5.3125E-3 5.14533E-3 1.05272E-2 1.13064E-2 1.1384E-2 1.13839E-2 1.18149E-2 1.20359E-2 1.17207E-2 1.1713E-2 1.08899E-2 1.08096E-2 1.15643E-2 1.12701E-2 1.21789E-2 1.22451E-2 1.32127E-2 1.2835E-2 6.46069E-3 1.31788E-2 1.26204E-2 1.47222E-2 1.46726E-2 1.5912E-2 1.48764E-2 1.18333E-2 1.60344E-2 1.60909E-2 1.61316E-2 1.72794E-2 1.86242E-2 1.86875E-2 2.05082E-2 2.02617E-2 2.23144E-2 2.28277E-2 2.35752E-2 2.53378E-2 3.06332E-2 2.92561E-2 3.03054E-2 3.2365E-2 3.56708E-2 3.66193E-2 3.76851E-2 3.88058E-2 1.69405E-2 3.45178E-2 3.70274E-2 3.7961E-2 3.74612E-2 3.7844E-2 3.93654E-2 4.04026E-2 3.38767E-2 4.05112E-2 1.44471E-2 3.8704E-2 3.72099E-2
6.44543E-3 6.46408E-3 6.45979E-3 5.24817E-3 5.84882E-3 1.1825E-2 1.27283E-2 1.26347E-2 1.26078E-2 1.14031E-2 1.22055E-2 1.22214E-2 1.11037E-2 1.03582E-2 1.19662E-2 1.26487E-2 1.29156E-2 1.26687E-2 1.3653E-2 1.36412E-2 1.33439E-2 1.53719E-2 6.98473E-3 6.93741E-3 1.40051E-2 1.41319E-2 1.59917E-2 1.7198E-2 1.64833E-2 1.61999E-2 1.62839E-2 1.79096E-2 1.76434E-2 1.88751E-2 2.06431E-2 2.08839E-2 2.28093E-2 2.30284E-2 2.50592E-2 2.52933E-2 2.60692E-2 3.01531E-2 1.55896E-2 3.12516E-2 3.57694E-2 3.70984E-2 3.88765E-2 3.90722E-2 3.41305E-2 1.85343E-2 3.80413E-2 3.88293E-2 4.14667E-2 4.25385E-2 4.10994E-2 4.01851E-2 4.11982E-2 4.25359E-2 1.43645E-2 3.94581E-2 3.79112E-2
6.27503E-3 6.25438E-3 1.09252E-2 1.0937E-2 7.09951E-3 6.65842E-3 1.25332E-2 1.22534E-2 1.30482E-2 1.13247E-2 1.21015E-2 1.18085E-2 1.16515E-2 1.17148E-2 1.24735E-2 1.31008E-2 1.32007E-2 1.31806E-2 1.38101E-2 1.49514E-2 1.46285E-2 1.43853E-2 1.45248E-2 7.71356E-3 1.44751E-2 1.35291E-2 1.43746E-2 1.55475E-2 1.53789E-2 1.65467E-2 1.64442E-2 1.76447E-2 1.8173E-2 1.95227E-2 2.13253E-2 2.13972E-2 2.3033E-2 2.5134E-2 2.56327E-2 1.48181E-2 2.99827E-2 3.23703E-2 3.14404E-2 1.61789E-2 3.63761E-2 3.78172E-2 3.82386E-2 4.20924E-2 3.4486E-2 3.5295E-2 3.61845E-2 4.04124E-2 4.3951E-2 4.2579E-2 4.15383E-2 4.09131E-2 4.19686E-2 4.2845E-2 3.83044E-2 3.94419E-2 3.86226E-2
6.18441E-3 6.64115E-3 1.33368E-2 1.06137E-2 1.5278E-2 1.52425E-2 6.99046E-3 1.28608E-2 1.36546E-2 1.38046E-2 1.24257E-2 1.42771E-2 1.33868E-2 1.33491E-2 1.29576E-2 1.47673E-2 7.27043E-3 6.10039E-3 1.46839E-2 1.54349E-2 8.21142E-3 1.65379E-2 1.29881E-2 8.60577E-3 6.71295E-3 6.69616E-3 1.46733E-2 1.84318E-2 8.46322E-3 1.2644E-2 1.59569E-2 1.69562E-2 1.98743E-2 1.99964E-2 2.15045E-2 1.17335E-2 1.89316E-2 2.57196E-2 2.96358E-2 3.15354E-2 3.22189E-2 3.31686E-2 3.35031E-2 1.54671E-2 3.67108E-2 3.75797E-2 4.11355E-2 4.46495E-2 3.66468E-2 3.80422E-2 3.88442E-2 4.11118E-2 3.99034E-2 3.70022E-2 4.4273E-2 4.28942E-2 4.13284E-2 4.15414E-2 4.5027E-2 3.95365E-2 1.55001E-2
6.03657E-3 6.46086E-3 6.47111E-3 1.4018E-2 1.47074E-2 1.57326E-2 1.58524E-2 7.6324E-3 1.4432E-2 1.39949E-2 1.49708E-2 1.49742E-2 1.46078E-2 1.36567E-2 1.45211E-2 1.68148E-2 8.15788E-3 7.99196E-3 1.60981E-2 1.72955E-2 8.99638E-3 1.67788E-2 1.68662E-2 7.51024E-3 9.53781E-3 7.86793E-3 8.65864E-3 1.88516E-2 1.88503E-2 8.41066E-3 9.03606E-3 8.42971E-3 1.07367E-2 2.22128E-2 2.48186E-2 2.5544E-2 2.72409E-2 2.94465E-2 2.97665E-2 3.19401E-2 3.28758E-2 3.32982E-2 3.61276E-2 1.57436E-2 3.69358E-2 4.03828E-2 4.1588E-2 4.47644E-2 3.73479E-2 4.02672E-2 4.2582E-2 3.95488E-2 4.23869E-2 4.28275E-2 4.2531E-2 4.30704E-2 4.26014E-2 4.222E-2 4.5598E-2 4.6661E-2 3.90496E-2
5.65557E-3 7.25072E-3 5.69373E-3 1.46331E-2 1.5743E-2 1.65796E-2 1.76434E-2 1.7306E-2 9.24485E-3 8.4451E-3 1.58847E-2 1.58983E-2 1.54495E-2 1.55695E-2 1.62321E-2 1.70523E-2 9.20786E-3 9.07824E-3 1.6654E-2 1.64046E-2 9.52378E-3 1.77144E-2 9.82779E-3 1.9858E-2 1.55363E-2 1.95305E-2 1.95763E-2 2.08784E-2 2.09146E-2 2.22751E-2 2.533E-2 9.9599E-3 1.74531E-2 2.53806E-2 2.54086E-2 2.60498E-2 2.7732E-2 2.9802E-2 3.04377E-2 3.23393E-2 3.5358E-2 3.54901E-2 3.65574E-2 1.87515E-2 3.75731E-2 4.26797E-2 4.38231E-2 4.55958E-2 3.71838E-2 4.18532E-2 3.91274E-2 4.17631E-2 4.45483E-2 4.22474E-2 4.27746E-2 4.3803E-2 4.44653E-2 4.35696E-2 4.63757E-2 4.49959E-2 4.55458E-2
6.4691E-3 7.58652E-3 7.75388E-3 8.14724E-3 1.60705E-2 1.71888E-2 1.87114E-2 1.81711E-2 1.82282E-2 1.41556E-2 1.41547E-2 8.55179E-3 1.62229E-2 1.57861E-2 1.57388E-2 1.79219E-2 1.76106E-2 1.88458E-2 1.71139E-2 1.80148E-2 9.20534E-3 9.50303E-3 9.54955E-3 1.50967E-2 2.02185E-2 1.50239E-2 9.81225E-3 1.58266E-2 2.28438E-2 2.24957E-2 2.38656E-2 2.45558E-2 2.4556E-2 2.56867E-2 2.59282E-2 2.81145E-2 2.98511E-2 3.21945E-2 3.05102E-2 3.51656E-2 3.5338E-2 3.62238E-2 3.68108E-2 3.77316E-2 3.59126E-2 4.0587E-2 4.1848E-2 4.71736E-2 4.14894E-2 4.18041E-2 4.06321E-2 3.97491E-2 4.25781E-2 4.36864E-2 4.06999E-2 4.18372E-2 4.23231E-2 4.70972E-2 4.25617E-2 4.31331E-2 4.63569E-2
6.77686E-3 6.82267E-3 8.62642E-3 9.22461E-3 8.96783E-3 1.81066E-2 1.93956E-2 1.90021E-2 2.02432E-2 9.77363E-3 9.79456E-3 1.45794E-2 1.93494E-2 7.46243E-3 8.63232E-3 1.39053E-2 9.2215E-3 8.8952E-3 1.78741E-2 1.76983E-2 1.86846E-2 1.99822E-2 1.03925E-2 8.86997E-3 2.09925E-2 1.10656E-2 1.08143E-2 2.19727E-2 2.31694E-2 2.32894E-2 2.17614E-2 1.232E-2 2.64471E-2 2.65227E-2 2.80854E-2 2.78216E-2 3.05469E-2 3.31482E-2 3.34388E-2 3.54251E-2 3.58779E-2 3.67469E-2 3.89818E-2 3.80082E-2 3.69363E-2 4.0691E-2 4.01437E-2 3.63245E-2 3.93188E-2 3.59018E-2 3.71185E-2 4.00373E-2 4.23495E-2 3.97586E-2 4.11869E-2 4.16295E-2 4.1E-2 4.50128E-2 4.20656E-2 4.33145E-2 4.38305E-2
8.09E-3 8.12201E-3 8.14592E-3 8.62138E-3 9.41486E-3 1.00085E-2 1.04454E-2 1.57021E-2 1.04539E-2 1.03516E-2 1.0319E-2 1.07504E-2 9.56238E-3 8.84789E-3 8.78184E-3 8.72414E-3 9.16723E-3 8.54717E-3 8.35302E-3 1.99099E-2 1.92816E-2 2.06387E-2 1.07742E-2 1.09929E-2 1.14126E-2 1.14273E-2 2.28301E-2 2.38445E-2 2.25266E-2 2.37971E-2 2.51077E-2 2.6757E-2 2.62456E-2 2.64695E-2 2.86274E-2 2.90338E-2 3.27932E-2 3.54585E-2 3.50912E-2 3.56197E-2 3.6515E-2 3.60551E-2 3.90408E-2 3.80783E-2 3.68914E-2 4.05859E-2 4.13459E-2 1.02786E-1 1.10139E-1 3.71437E-2 3.57284E-2 3.81186E-2 4.07302E-2 4.19783E-2 4.2179E-2 4.06665E-2 4.37441E-2 4.28922E-2 4.04596E-2 3.97041E-2 4.19918E-2
9.36882E-3 1.00021E-2 1.14031E-2 9.70843E-3 8.96093E-3 9.48772E-3 1.13043E-2 1.1024E-2 1.15314E-2 1.15397E-2 1.01501E-2 1.12312E-2 2.07346E-2 1.72568E-2 1.0762E-2 1.12247E-2 1.09928E-2 1.65644E-2 9.94591E-3 1.02985E-2 1.6064E-2 2.09157E-2 2.21328E-2 2.2208E-2 1.17949E-2 1.15722E-2 2.46039E-2 2.48258E-2 1.81255E-2 2.39992E-2 1.12615E-2 2.75203E-2 2.74033E-2 1.45836E-2 2.90998E-2 3.32169E-2 3.47571E-2 3.06176E-2 3.58381E-2 3.60526E-2 3.60903E-2 3.89524E-2 3.9157E-2 3.9945E-2 1.95736E-2 3.93604E-2 4.03452E-2 1.04053E-1 1.10151E-1 3.66748E-2 3.75472E-2 3.51272E-2 3.68109E-2 3.99693E-2 4.12249E-2 4.19338E-2 4.13106E-2 4.14007E-2 4.07576E-2 3.6179E-2 3.84477E-2
1.03174E-2 1.09636E-2 2.36948E-2 2.5354E-2 1.1356E-2 1.06751E-2 1.03589E-2 1.03115E-2 1.21773E-2 1.20095E-2 1.17402E-2 1.17339E-2 1.16893E-2 2.10761E-2 1.1196E-2 1.6503E-2 1.07225E-2 2.15355E-2 9.62837E-3 1.01495E-2 9.59805E-3 1.93055E-2 2.11983E-2 1.83491E-2 1.19391E-2 2.37634E-2 2.5223E-2 2.53688E-2 2.64185E-2 1.33073E-2 2.79866E-2 2.97797E-2 3.11826E-2 3.28065E-2 3.50204E-2 3.50514E-2 2.90751E-2 3.37176E-2 3.47752E-2 3.60725E-2 3.85569E-2 4.14774E-2 4.21555E-2 4.27965E-2 2.01104E-2 4.03958E-2 4.0363E-2 8.9158E-2 1.02639E-1 1.07218E-1 3.77574E-2 1.77527E-2 3.53837E-2 3.71094E-2 3.90501E-2 3.85569E-2 3.74301E-2 3.91833E-2 3.9006E-2 3.63627E-2 3.53297E-2
9.57626E-3 1.13616E-2 1.21298E-2 2.44123E-2 2.37624E-2 1.27008E-2 1.18305E-2 1.14794E-2 1.11355E-2 1.13354E-2 1.04673E-2 1.2304E-2 1.08224E-2 2.23115E-2 2.30171E-2 1.70662E-2 2.11117E-2 2.19492E-2 1.17151E-2 1.14394E-2 9.4811E-3 1.98382E-2 2.19754E-2 2.48669E-2 2.34313E-2 1.14774E-2 2.42844E-2 2.73701E-2 2.7238E-2 1.44663E-2 2.84656E-2 2.94836E-2 1.32476E-2 2.48837E-2 2.80815E-2 1.08019E-2 3.58878E-2 3.63171E-2 3.63585E-2 3.66888E-2 3.96153E-2 3.89188E-2 4.27031E-2 4.37072E-2 4.25134E-2 4.16115E-2 4.13313E-2 8.62938E-2 1.03004E-1 3.69335E-2 3.78691E-2 1.78193E-2 3.26522E-2 3.46141E-2 3.88608E-2 3.52344E-2 3.40432E-2 3.68442E-2 3.5044E-2 3.45833E-2 3.38939E-2
9.87899E-3 1.17568E-2 1.25391E-2 1.33945E-2 2.68472E-2 2.4618E-2 1.29976E-2 1.21769E-2 1.18502E-2 1.18036E-2 1.36145E-2 1.35888E-2 1.33063E-2 1.06461E-2 2.42993E-2 1.14645E-2 1.068E-2 1.0673E-2 1.1298E-2 1.12791E-2 1.10713E-2 1.06099E-2 1.71103E-2 2.41496E-2 1.90495E-2 1.18583E-2 2.47887E-2 2.76128E-2 2.95495E-2 2.89546E-2 3.02287E-2 3.20029E-2 3.32564E-2 1.5389E-2 2.70032E-2 3.02411E-2 2.7599E-2 1.19761E-2 3.66601E-2 3.19142E-2 3.23863E-2 3.45092E-2 4.28991E-2 4.334E-2 4.4339E-2 4.14558E-2 2.12651E-2 1.00784E-1 1.01929E-1 1.04304E-1 3.64201E-2 3.38558E-2 3.27704E-2 3.16124E-2 3.57789E-2 3.66715E-2 3.65257E-2 3.59856E-2 3.51119E-2 3.31894E-2 3.22541E-2
1.06981E-2 1.06686E-2 3.18081E-2 3.16965E-2 3.35554E-2 6.1909E-2 6.56116E-2 3.24938E-2 3.19344E-2 3.17582E-2 3.51928E-2 1.40676E-2 1.37768E-2 1.37785E-2 1.21059E-2 1.1026E-2 1.07684E-2 1.14721E-2 1.06764E-2 1.03823E-2 1.0197E-2 1.20005E-2 2.54097E-2 1.32404E-2 1.95491E-2 1.21692E-2 2.56775E-2 2.6676E-2 2.66298E-2 2.76254E-2 2.94515E-2 3.1164E-2 3.29104E-2 3.50349E-2 3.30748E-2 3.06426E-2 2.81428E-2 2.97662E-2 3.65869E-2 3.67098E-2 3.77307E-2 3.30834E-2 3.57816E-2 3.7471E-2 4.43055E-2 1.07234E-1 1.14184E-1 1.01888E-1 1.03075E-1 1.03976E-1 3.68469E-2 3.57988E-2 3.29976E-2 3.17649E-2 3.23161E-2 3.48878E-2 3.49957E-2 3.5935E-2 3.49881E-2 3.11245E-2 3.2119E-2
2.69042E-2 3.25524E-2 3.24986E-2 3.26472E-2 3.47812E-2 3.67929E-2 6.47259E-2 3.07707E-2 3.05812E-2 3.27917E-2 3.08183E-2 3.25742E-2 3.16405E-2 3.23343E-2 3.1788E-2 3.29325E-2 1.31705E-2 1.294E-2 1.1667E-2 1.21519E-2 1.18838E-2 1.40114E-2 2.74565E-2 1.2263E-2 1.43939E-2 1.33554E-2 2.6396E-2 2.74228E-2 2.75303E-2 2.85359E-2 3.02364E-2 3.13623E-2 3.35541E-2 3.271E-2 3.70265E-2 3.1832E-2 3.25674E-2 3.48242E-2 3.74907E-2 3.76626E-2 4.08008E-2 4.08423E-2 4.07263E-2 1.00828E-1 8.79445E-2 9.9118E-2 1.02796E-1 9.19114E-2 9.97307E-2 1.00447E-1 3.61764E-2 3.5654E-2 3.45669E-2 3.07353E-2 3.08951E-2 3.17488E-2 3.46675E-2 3.43299E-2 3.3406E-2 3.10494E-2 3.22299E-2
3.34537E-2 3.29731E-2 3.2896E-2 3.5614E-2 3.57128E-2 3.78197E-2 3.48281E-2 3.71826E-2 3.2628E-2 3.49473E-2 3.42251E-2 3.39321E-2 3.31407E-2 3.28566E-2 3.47212E-2 3.25513E-2 3.16021E-2 6.94551E-2 5.4842E-2 3.59829E-2 3.51835E-2 6.55566E-2 7.16449E-2 3.8921E-2 1.46161E-2 1.44331E-2 2.73422E-2 2.82664E-2 2.83752E-2 3.09652E-2 3.27349E-2 3.45607E-2 3.5791E-2 3.48616E-2 3.37525E-2 3.40572E-2 3.40156E-2 3.79875E-2 3.85625E-2 4.07523E-2 8.94635E-2 1.05376E-1 9.58162E-2 1.01101E-1 9.68845E-2 1.03021E-1 1.00426E-1 1.00445E-1 9.93786E-2 3.26151E-2 3.6762E-2 3.7227E-2 3.46457E-2 1.62205E-2 3.15135E-2 3.18134E-2 3.28718E-2 3.43788E-2 3.19917E-2 3.11125E-2 3.02111E-2
3.35839E-2 3.37561E-2 3.65025E-2 3.64721E-2 3.8295E-2 3.90225E-2 3.56849E-2 5.65462E-2 4.02269E-2 4.05314E-2 3.58102E-2 3.40826E-2 3.12397E-2 3.60139E-2 3.57293E-2 2.98273E-2 2.95842E-2 5.09156E-2 6.74171E-2 3.54404E-2 3.66701E-2 6.84684E-2 7.46896E-2 3.98734E-2 7.69613E-2 3.88953E-2 3.82287E-2 7.4771E-2 7.34207E-2 3.17689E-2 3.28305E-2 3.47078E-2 3.705E-2 3.9292E-2 3.85609E-2 3.93428E-2 3.92394E-2 3.73335E-2 3.8838E-2 3.42805E-2 3.48048E-2 1.03768E-1 9.7508E-2 9.76317E-2 9.69022E-2 9.84709E-2 1.01323E-1 1.00415E-1 5.16644E-2 3.43179E-2 3.45719E-2 3.50819E-2 3.42463E-2 3.31359E-2 3.24247E-2 3.1954E-2 3.14328E-2 3.34859E-2 3.3371E-2 3.26112E-2 3.36431E-2
3.43341E-2 3.6366E-2 3.68409E-2 3.89592E-2 3.8969E-2 5.47724E-2 6.84804E-2 7.24496E-2 7.66661E-2 8.10362E-2 7.95811E-2 4.06191E-2 3.47228E-2 3.98334E-2 3.88307E-2 3.24893E-2 3.04722E-2 3.04255E-2 6.75634E-2 7.20866E-2 5.67446E-2 7.292E-2 7.70951E-2 6.11832E-2 8.01334E-2 8.28157E-2 8.19108E-2 4.10573E-2 7.5038E-2 7.88273E-2 8.22866E-2 8.59178E-2 9.04121E-2 9.52144E-2 9.38946E-2 9.13413E-2 1.04341E-1 9.78583E-2 9.47016E-2 3.2734E-2 8.57423E-2 1.00532E-1 1.01615E-1 1.03263E-1 9.92945E-2 1.00026E-1 1.01984E-1 9.94027E-2 1.06563E-1 1.74968E-2 3.32257E-2 3.21516E-2 2.98388E-2 2.87869E-2 3.2124E-2 3.05094E-2 3.10469E-2 3.38283E-2 3.36301E-2 3.23166E-2 3.19043E-2
5.50534E-2 7.01758E-2 7.05315E-2 7.46009E-2 7.60708E-2 6.87838E-2 7.30092E-2 7.44252E-2 7.83069E-2 8.25185E-2 8.31517E-2 4.25283E-2 3.9658E-2 6.07663E-2 4.05874E-2 3.98734E-2 4.14037E-2 3.91932E-2 3.24737E-2 7.29328E-2 7.25687E-2 7.52823E-2 7.91871E-2 4.18474E-2 4.09163E-2 8.03486E-2 8.33272E-2 8.77271E-2 4.39399E-2 8.141E-2 8.79941E-2 9.18207E-2 9.11501E-2 9.53156E-2 9.72553E-2 9.50927E-2 1.01126E-1 8.73903E-2 1.0086E-1 3.36029E-2 9.63805E-2 1.03516E-1 1.00189E-1 1.04471E-1 1.01538E-1 1.06857E-1 1.07876E-1 1.05252E-1 1.07376E-1 1.08841E-1 3.89151E-2 1.06224E-1 3.52382E-2 3.36719E-2 3.23025E-2 3.10567E-2 3.31268E-2 3.24319E-2 3.45306E-2 3.23732E-2 3.18751E-2
7.04154E-2 7.04265E-2 7.58483E-2 7.51337E-2 7.00879E-2 7.00783E-2 7.39861E-2 8.502E-2 8.39857E-2 8.83634E-2 9.46505E-2 4.91254E-2 4.19493E-2 4.25483E-2 4.39926E-2 4.31004E-2 8.3247E-2 4.15101E-2 4.15037E-2 3.85276E-2 7.75961E-2 8.27142E-2 8.56685E-2 4.36325E-2 4.53984E-2 7.00904E-2 8.56108E-2 8.81751E-2 9.25984E-2 8.76372E-2 9.44272E-2 9.46431E-2 9.34861E-2 9.27809E-2 9.75284E-2 9.72176E-2 9.64666E-2 7.97411E-2 3.23003E-2 1.0224E-1 9.83557E-2 1.09148E-1 1.10286E-1 1.06427E-1 1.0118E-1 1.06104E-1 1.03319E-1 1.037E-1 1.06281E-1 1.05803E-1 1.0436E-1 3.61101E-2 3.46931E-2 3.049E-2 3.2624E-2 3.5136E-2 3.73373E-2 3.43876E-2 3.48017E-2 3.42014E-2 3.22858E-2
7.15835E-2 7.09937E-2 7.63497E-2 6.99618E-2 6.98527E-2 8.03624E-2 8.46982E-2 8.50164E-2 9.00542E-2 9.15522E-2 9.55786E-2 9.91722E-2 5.28516E-2 5.23205E-2 5.07656E-2 8.65816E-2 8.61225E-2 8.50638E-2 8.32224E-2 4.19251E-2 7.74854E-2 8.67461E-2 8.79218E-2 6.95714E-2 4.81417E-2 4.79974E-2 8.79684E-2 9.16957E-2 9.40472E-2 9.31939E-2 8.78281E-2 9.23866E-2 9.53871E-2 9.36854E-2 9.76942E-2 9.75037E-2 9.72048E-2 9.72248E-2 9.72557E-2 1.02954E-1 1.10326E-1 1.14329E-1 1.14989E-1 1.07456E-1 1.07343E-1 1.04501E-1 1.04216E-1 1.03217E-1 1.03763E-1 8.73946E-2 1.08834E-1 3.95799E-2 1.13279E-1 1.56339E-2 1.68358E-2 3.51497E-2 4.07631E-2 3.7584E-2 3.71234E-2 3.79551E-2 3.6943E-2
7.22756E-2 7.63064E-2 8.28016E-2 7.60575E-2 8.02142E-2 8.05363E-2 8.4774E-2 8.9592E-2 9.10811E-2 9.63572E-2 9.6736E-2 1.03235E-1 1.07269E-1 1.08144E-1 1.0863E-1 5.45755E-2 1.03606E-1 9.63697E-2 9.04125E-2 8.91752E-2 4.49187E-2 8.53475E-2 9.39166E-2 9.46868E-2 9.2937E-2 9.15873E-2 9.49556E-2 9.32562E-2 9.48364E-2 9.99577E-2 9.4167E-2 9.39425E-2 1.00095E-1 1.00611E-1 1.00146E-1 9.88989E-2 9.77184E-2 9.42135E-2 8.55725E-2 9.52945E-2 3.6473E-2 1.11387E-1 1.12643E-1 1.07571E-1 1.0947E-1 1.04066E-1 1.07521E-1 9.70275E-2 1.41839E-2 3.29262E-2 3.73075E-2 3.99541E-2 1.12423E-1 4.03099E-2 1.87108E-2 3.40903E-2 4.02404E-2 4.1395E-2 4.07835E-2 3.91308E-2 4.04916E-2
7.87158E-2 8.31262E-2 8.29976E-2 7.62865E-2 8.0796E-2 8.07731E-2 8.6369E-2 9.1297E-2 9.62625E-2 9.6176E-2 1.02832E-1 1.08205E-1 1.07959E-1 1.19002E-1 1.20514E-1 1.17775E-1 1.11684E-1 1.11316E-1 1.04326E-1 9.54391E-2 9.00577E-2 8.4396E-2 9.06838E-2 9.46327E-2 9.29288E-2 9.69527E-2 9.67598E-2 9.96525E-2 9.89039E-2 1.01093E-1 9.73687E-2 9.58268E-2 1.04003E-1 1.0222E-1 1.02182E-1 9.99352E-2 1.04832E-1 1.02969E-1 5.23676E-2 9.73463E-2 3.50851E-2 1.10722E-1 1.11908E-1 1.12126E-1 1.08408E-1 1.09358E-1 9.97552E-2 5.86837E-2 5.37941E-2 3.57742E-2 3.93542E-2 3.89391E-2 4.05928E-2 4.11227E-2 4.03636E-2 3.99118E-2 1.98624E-2 4.31716E-2 4.2166E-2 4.12392E-2 4.05915E-2
8.43783E-2 8.33289E-2 7.6547E-2 7.65256E-2 8.20874E-2 8.63744E-2 8.67433E-2 9.25876E-2 9.64573E-2 1.02816E-1 1.07579E-1 1.09163E-1 1.13412E-1 1.18812E-1 1.24063E-1 1.27275E-1 1.23297E-1 1.17168E-1 1.15382E-1 1.07752E-1 9.68401E-2 9.52204E-2 8.90662E-2 9.74282E-2 1.01276E-1 1.00034E-1 1.04173E-1 1.01345E-1 1.04929E-1 1.09761E-1 1.0868E-1 7.91044E-2 1.00257E-1 1.03161E-1 1.03333E-1 1.07904E-1 1.05674E-1 1.11039E-1 1.04954E-1 9.7431E-2 1.00964E-1 1.11733E-1 1.09103E-1 1.09999E-1 1.0971E-1 1.10613E-1 1.21258E-1 1.18553E-1 5.14864E-2 4.02469E-2 3.98185E-2 2.08381E-2 4.14773E-2 4.32646E-2 4.30348E-2 4.39344E-2 3.30729E-2 4.26358E-2 4.24632E-2 4.15155E-2 2.47809E-1
8.52069E-2 8.52509E-2 7.78628E-2 8.1982E-2 8.38343E-2 8.69384E-2 9.14851E-2 9.16922E-2 9.78927E-2 1.02425E-1 1.08919E-1 1.12972E-1 1.14496E-1 1.20249E-1 1.25591E-1 1.30812E-1 1.2922E-1 1.29039E-1 1.23659E-1 1.1739E-1 1.1473E-1 1.08522E-1 1.00377E-1 9.40442E-2 1.01199E-1 1.05111E-1 1.04252E-1 1.08667E-1 1.12538E-1 1.09778E-1 1.10356E-1 1.09457E-1 1.06762E-1 1.10768E-1 1.15229E-1 1.14526E-1 1.10277E-1 1.02805E-1 1.05426E-1 9.88178E-2 1.03688E-1 1.08791E-1 1.09705E-1 1.15098E-1 1.1093E-1 1.18179E-1 1.22008E-1 1.28734E-1 5.44075E-2 3.90767E-2 3.71225E-2 4.25925E-2 4.07353E-2 4.59863E-2 4.60178E-2 4.32169E-2 4.51399E-2 4.20404E-2 4.44484E-2 4.36054E-2 2.59619E-1
8.50699E-2 7.95958E-2 7.95618E-2 8.26087E-2 8.25795E-2 8.87695E-2 9.33217E-2 9.78308E-2 9.92262E-2 1.03112E-1 1.08034E-1 1.14463E-1 1.20076E-1 1.25406E-1 1.32405E-1 1.36633E-1 1.13385E-1 1.37668E-1 1.36936E-1 1.27892E-1 1.27452E-1 1.20725E-1 1.14841E-1 8.12737E-2 1.03342E-1 1.12061E-1 1.10479E-1 1.14369E-1 1.12808E-1 1.11692E-1 1.15941E-1 1.10922E-1 1.09458E-1 1.09928E-1 1.15811E-1 1.17615E-1 1.21263E-1 1.22687E-1 1.17345E-1 5.79316E-2 1.10066E-1 1.10708E-1 1.1065E-1 1.20652E-1 1.16232E-1 1.16756E-1 1.23394E-1 1.28342E-1 1.27818E-1 2.15049E-2 4.03638E-2 4.05301E-2 4.08974E-2 4.52024E-2 4.60748E-2 4.69364E-2 4.72137E-2 4.40662E-2 4.40779E-2 4.55944E-2 2.7023E-1
8.69057E-2 7.94996E-2 7.88274E-2 8.4392E-2 8.87805E-2 8.86195E-2 9.4616E-2 9.79677E-2 9.83693E-2 1.0457E-1 1.09377E-1 1.14969E-1 1.20068E-1 1.25644E-1 1.30813E-1 1.14929E-1 1.13301E-1 1.12483E-1 1.16071E-1 1.41271E-1 1.30867E-1 1.32105E-1 1.26503E-1 1.20489E-1 8.17395E-2 1.13097E-1 1.16333E-1 1.15306E-1 1.21098E-1 1.18122E-1 1.22331E-1 1.11832E-1 1.10047E-1 1.12624E-1 1.16926E-1 1.22853E-1 1.22231E-1 1.16335E-1 1.17016E-1 1.16722E-1 1.21418E-1 1.17795E-1 1.18874E-1 1.15658E-1 1.16535E-1 1.23158E-1 1.23886E-1 1.31222E-1 1.32445E-1 3.19194E-2 4.03523E-2 4.04668E-2 4.39555E-2 4.27249E-2 4.84298E-2 5.246E-2 4.98802E-2 4.80404E-2 4.45334E-2 2.72161E-1 2.81233E-1
